0.000000	0.281250	0.142857	0.289855	0.266667	0.266667	0.258065	0.243590	0.239130	0.257732	0.263158	0.239130	0.269663	0.260417	0.293478	0.235955	0.260417	0.216495	0.329787	0.265957	0.272727	0.292135	0.296296	0.294737	0.329897	0.276596	0.319588	0.252632	0.241758	0.288660	0.271605	0.312500	0.326087	0.283333	0.291667	0.293103	0.305263	0.269663	0.341176	0.268657	0.273684	0.319149	0.217391	0.225806	0.244681	0.292308	0.189189	0.136842	0.228916	0.241758	0.337209	0.271739	0.197917	0.276596	0.158730	0.285714	0.372093	0.234043	0.185567	0.244681	0.336842	0.297872	0.250000	0.271739	0.273684	0.193548	0.333333	0.268817	0.302083	0.265957	0.278351	0.304348	0.290698	0.268817	0.257576	0.234043	0.276596	0.250000	0.252874	0.290323	0.250000	0.322581	0.285714	0.257143	0.270588	0.291667	0.153846	0.265957	0.287671	0.246377	0.256098	0.564103	0.500000	0.587500	0.666667	0.576471	0.750000	0.657895	0.579545	0.638554	0.593750	0.595506	0.530120	0.623377	0.494382	0.700000	0.531915	0.476744	0.616667	0.560976	0.619048	0.634409	0.561798	0.528090	0.574468	0.510870	0.560440	0.510870	0.657534	0.595745	0.593407	0.564706	0.617978	0.535714	0.543478	0.531915	0.595745	0.640449	0.593023	0.543478	0.621053	0.465753	0.574468	0.600000	0.585106	0.558140	0.574713	0.541176	0.545455	0.634409	0.534091	0.580645	0.595745	0.558140	0.627660	0.531915	0.562500	0.521739	0.604396	0.571429	0.541176	0.500000	0.500000	0.430233	0.568421	0.540230	0.518987	0.507246	0.515789	0.494624	0.533333	0.606383	0.623656	0.537313	0.580645	0.595745	
0.281250	0.000000	0.252336	0.253333	0.270000	0.333333	0.386792	0.277108	0.299065	0.276786	0.351351	0.260870	0.346535	0.318182	0.245283	0.245098	0.252252	0.303571	0.394495	0.305556	0.333333	0.237624	0.227273	0.247706	0.339286	0.293578	0.321429	0.357798	0.273585	0.312500	0.333333	0.312500	0.313725	0.365079	0.230769	0.316667	0.311321	0.228571	0.315789	0.328947	0.330275	0.336364	0.205607	0.293578	0.277778	0.323529	0.315789	0.300000	0.287234	0.254717	0.323529	0.264151	0.306306	0.281818	0.242424	0.298969	0.232558	0.285714	0.294643	0.321101	0.360360	0.236364	0.350000	0.367925	0.245455	0.268519	0.259259	0.247706	0.261261	0.238095	0.267857	0.254717	0.270833	0.336538	0.235294	0.314815	0.321101	0.264151	0.329787	0.305556	0.295238	0.280374	0.409091	0.243243	0.329897	0.270270	0.230769	0.342593	0.269231	0.256757	0.329670	0.711111	0.561905	0.595745	0.593023	0.570000	0.476190	0.538462	0.543689	0.600000	0.756757	0.548077	0.525773	0.579545	0.509615	0.687500	0.513761	0.425743	0.671642	0.578947	0.565657	0.592593	0.567308	0.524272	0.583333	0.504673	0.552381	0.518868	0.545455	0.541284	0.586538	0.545455	0.596154	0.525253	0.532710	0.587156	0.477064	0.607843	0.555556	0.551402	0.581818	0.581395	0.596330	0.527273	0.614679	0.632653	0.553398	0.530000	0.564356	0.566038	0.480392	0.523364	0.532110	0.575758	0.611111	0.574074	0.510870	0.584906	0.561905	0.571429	0.550000	0.504950	0.551402	0.510000	0.545455	0.509804	0.591398	0.569620	0.590909	0.518519	0.590476	0.614679	0.546296	0.567901	0.509259	0.601852	
0.142857	0.252336	0.000000	0.219178	0.281250	0.200000	0.343137	0.175000	0.252427	0.271028	0.273585	0.302326	0.360825	0.295238	0.284314	0.216495	0.292453	0.261682	0.333333	0.271845	0.329412	0.257732	0.232558	0.250000	0.252336	0.342857	0.317757	0.365385	0.215686	0.299065	0.336957	0.327103	0.285714	0.238095	0.289474	0.250000	0.264706	0.217822	0.351648	0.356164	0.326923	0.320755	0.230769	0.247619	0.230769	0.212121	0.189189	0.142857	0.230769	0.217822	0.292929	0.352941	0.264151	0.276190	0.153846	0.276596	0.255814	0.227723	0.242991	0.250000	0.339623	0.283019	0.293103	0.306931	0.238095	0.233010	0.296296	0.283019	0.311321	0.227723	0.271028	0.277228	0.276596	0.270000	0.136364	0.194175	0.285714	0.287129	0.222222	0.291262	0.287129	0.271845	0.272727	0.277778	0.308511	0.311321	0.000000	0.271845	0.200000	0.273973	0.280899	0.636364	0.490000	0.606742	0.702381	0.578947	0.600000	0.605263	0.540816	0.622222	0.727273	0.590000	0.543478	0.571429	0.505051	0.687500	0.580952	0.484536	0.603175	0.516484	0.595745	0.592233	0.565657	0.551020	0.621359	0.509804	0.590000	0.485149	0.578313	0.528846	0.626263	0.500000	0.606061	0.553191	0.558824	0.567308	0.615385	0.701031	0.585106	0.539216	0.552381	0.543210	0.586538	0.552381	0.605769	0.565217	0.620000	0.484211	0.604167	0.584158	0.484536	0.500000	0.673077	0.563830	0.601942	0.563107	0.540230	0.544554	0.560000	0.540000	0.578947	0.474227	0.539216	0.473684	0.600000	0.525773	0.625000	0.621622	0.609524	0.553398	0.560000	0.625000	0.524272	0.589744	0.495146	0.582524	
0.289855	0.253333	0.219178	0.000000	0.301370	0.142857	0.291667	0.380952	0.287671	0.346667	0.226667	0.315789	0.314286	0.324324	0.202899	0.220588	0.310811	0.280000	0.283784	0.347222	0.223881	0.347826	0.276923	0.232877	0.346667	0.277778	0.360000	0.232877	0.309859	0.306667	0.393939	0.400000	0.246575	0.352941	0.265625	0.314815	0.246575	0.287671	0.338028	0.263158	0.301370	0.297297	0.229730	0.333333	0.219178	0.301887	0.156250	0.287671	0.276923	0.219178	0.328767	0.378378	0.283784	0.351351	0.241379	0.347222	0.270270	0.328767	0.240000	0.246575	0.297297	0.310811	0.152174	0.366197	0.293333	0.301370	0.280000	0.287671	0.256757	0.287671	0.333333	0.293333	0.260274	0.333333	0.259259	0.291667	0.391892	0.291667	0.333333	0.232877	0.309859	0.266667	0.263158	0.387097	0.285714	0.310811	0.076923	0.250000	0.301587	0.316667	0.295775	0.461538	0.550725	0.661017	0.571429	0.600000	0.500000	0.370370	0.529412	0.435484	0.523810	0.507042	0.545455	0.526316	0.485714	0.565217	0.520548	0.484848	0.615385	0.442623	0.523077	0.535211	0.527778	0.514706	0.513889	0.527778	0.585714	0.485714	0.490909	0.513514	0.542857	0.523810	0.614286	0.530303	0.577465	0.520548	0.611111	0.582090	0.578125	0.535211	0.589041	0.509091	0.554054	0.608108	0.534247	0.515152	0.600000	0.515625	0.477612	0.535211	0.536232	0.541667	0.486486	0.523810	0.583333	0.500000	0.457627	0.514286	0.514286	0.534247	0.507692	0.469697	0.394366	0.514706	0.479452	0.544118	0.564516	0.528302	0.589041	0.465753	0.492754	0.520548	0.535211	0.535714	0.527778	0.547945	
0.266667	0.270000	0.281250	0.301370	0.000000	0.133333	0.268041	0.282051	0.270833	0.247525	0.282828	0.319149	0.265957	0.232323	0.231579	0.268817	0.300000	0.207921	0.346939	0.336735	0.303797	0.274725	0.253012	0.316327	0.287129	0.326531	0.217822	0.234694	0.237113	0.287129	0.277108	0.250000	0.257732	0.278689	0.168831	0.237288	0.204082	0.247312	0.329545	0.289855	0.306122	0.316327	0.284211	0.326531	0.234694	0.296875	0.194444	0.262626	0.223529	0.270833	0.271739	0.281250	0.270000	0.244898	0.215385	0.193548	0.285714	0.272727	0.267327	0.265306	0.272727	0.232323	0.277778	0.410526	0.262626	0.278351	0.230769	0.360825	0.240000	0.300000	0.257426	0.319588	0.241758	0.285714	0.269841	0.268041	0.234694	0.302083	0.292135	0.350515	0.221053	0.265306	0.190476	0.270270	0.261364	0.320000	0.000000	0.298969	0.294872	0.333333	0.318182	0.594595	0.542553	0.542169	0.533333	0.606742	0.526316	0.555556	0.580645	0.600000	0.741935	0.467391	0.540230	0.597403	0.494624	0.600000	0.530612	0.500000	0.655172	0.547619	0.556818	0.515464	0.580645	0.478261	0.551020	0.447917	0.553191	0.458333	0.487179	0.602041	0.638298	0.454545	0.559140	0.568182	0.604167	0.530612	0.540816	0.626374	0.556818	0.510417	0.595960	0.519481	0.591837	0.515152	0.581633	0.533333	0.510870	0.528090	0.505495	0.589474	0.489130	0.510417	0.540816	0.561798	0.567010	0.515464	0.536585	0.547368	0.574468	0.553191	0.539326	0.533333	0.562500	0.460674	0.545455	0.527473	0.493827	0.544118	0.505051	0.494845	0.574468	0.505051	0.515464	0.547945	0.577320	0.474227	
0.266667	0.333333	0.200000	0.142857	0.133333	0.000000	0.200000	0.266667	0.214286	0.333333	0.333333	0.466667	0.466667	0.266667	0.266667	0.214286	0.266667	0.266667	0.133333	0.428571	0.266667	0.266667	0.285714	0.400000	0.133333	0.285714	0.266667	0.200000	0.200000	0.200000	0.133333	0.066667	0.200000	0.200000	0.285714	0.200000	0.133333	0.200000	0.333333	0.266667	0.400000	0.266667	0.333333	0.200000	0.200000	0.266667	0.133333	0.357143	0.333333	0.285714	0.266667	0.333333	0.266667	0.333333	0.200000	0.266667	0.214286	0.266667	0.266667	0.153846	0.333333	0.266667	0.133333	0.400000	0.133333	0.200000	0.142857	0.333333	0.200000	0.133333	0.266667	0.266667	0.133333	0.266667	0.200000	0.400000	0.214286	0.133333	0.200000	0.266667	0.266667	0.200000	0.125000	0.266667	0.333333	0.400000	0.125000	0.400000	0.200000	0.333333	0.266667	0.333333	0.333333	0.714286	0.272727	0.666667	0.800000	0.181818	0.500000	0.200000	0.571429	0.500000	0.700000	0.500000	0.428571	0.833333	0.533333	0.454545	0.750000	0.545455	0.454545	0.461538	0.266667	0.333333	0.533333	0.307692	0.571429	0.333333	0.416667	0.466667	0.416667	0.400000	0.538462	0.500000	0.500000	0.384615	0.714286	0.750000	0.600000	0.600000	0.533333	0.666667	0.466667	0.466667	0.461538	0.750000	0.727273	0.416667	0.454545	0.200000	0.428571	0.357143	0.400000	0.454545	0.384615	0.384615	0.363636	0.416667	0.500000	0.466667	0.111111	0.466667	0.285714	0.500000	0.571429	0.444444	0.250000	0.750000	0.333333	0.333333	0.461538	0.333333	0.461538	0.444444	0.416667	0.333333	
0.258065	0.386792	0.343137	0.291667	0.268041	0.200000	0.000000	0.312500	0.310680	0.327103	0.228571	0.239130	0.237113	0.295238	0.281553	0.323232	0.377358	0.280374	0.326923	0.320388	0.325301	0.322917	0.383721	0.326923	0.308411	0.288462	0.317757	0.230769	0.326733	0.317757	0.280899	0.273585	0.278351	0.322581	0.298701	0.305085	0.267327	0.310000	0.307692	0.260274	0.250000	0.221154	0.362745	0.320388	0.252427	0.287879	0.194444	0.304762	0.271739	0.326733	0.316327	0.257426	0.254717	0.317308	0.250000	0.268817	0.302326	0.320000	0.327103	0.278846	0.209524	0.304762	0.300000	0.336634	0.295238	0.326923	0.370370	0.269231	0.273585	0.297030	0.271028	0.333333	0.344444	0.262626	0.292308	0.336538	0.307692	0.343137	0.296703	0.211538	0.237624	0.339806	0.136364	0.277778	0.308511	0.261682	0.384615	0.291262	0.272727	0.388889	0.314607	0.547619	0.550000	0.505618	0.493827	0.536842	0.777778	0.472222	0.530612	0.566667	0.588235	0.540816	0.569892	0.559524	0.474747	0.566667	0.442308	0.510417	0.538462	0.472527	0.489362	0.563107	0.515152	0.500000	0.509615	0.519608	0.510000	0.509804	0.530120	0.576923	0.560000	0.500000	0.545455	0.515789	0.509804	0.451923	0.538462	0.536082	0.484211	0.500000	0.600000	0.469136	0.548077	0.580952	0.567308	0.545455	0.515464	0.568421	0.520833	0.544554	0.536082	0.519608	0.500000	0.427083	0.509615	0.543689	0.545455	0.490196	0.560000	0.560000	0.505263	0.510417	0.460784	0.400000	0.542857	0.546392	0.420455	0.413333	0.466667	0.466019	0.540000	0.461538	0.514563	0.513158	0.504854	0.572816	
0.243590	0.277108	0.175000	0.380952	0.282051	0.266667	0.312500	0.000000	0.250000	0.337349	0.292683	0.309524	0.342105	0.283951	0.205128	0.256410	0.243902	0.265060	0.337500	0.262500	0.301370	0.171053	0.273973	0.268293	0.240964	0.325000	0.253012	0.320988	0.265823	0.240964	0.240000	0.313253	0.262500	0.303571	0.292308	0.327273	0.292683	0.262500	0.307692	0.368421	0.320988	0.280488	0.296296	0.275000	0.287500	0.236364	0.156250	0.259259	0.250000	0.341772	0.253165	0.316456	0.268293	0.234568	0.228070	0.262500	0.219512	0.209877	0.289157	0.337500	0.337349	0.207317	0.240000	0.346154	0.296296	0.243902	0.296296	0.275000	0.341463	0.234568	0.277108	0.230769	0.324675	0.350000	0.241379	0.212500	0.275000	0.341772	0.329114	0.333333	0.300000	0.358025	0.368421	0.303030	0.301370	0.341463	0.230769	0.345679	0.242424	0.312500	0.202703	0.593750	0.513158	0.544118	0.619048	0.507042	0.600000	0.545455	0.540541	0.582090	0.608696	0.513158	0.500000	0.539683	0.413333	0.666667	0.525000	0.500000	0.620000	0.544118	0.549296	0.537500	0.560000	0.527027	0.632911	0.430380	0.512821	0.428571	0.609375	0.555556	0.640000	0.452055	0.539474	0.457143	0.487179	0.637500	0.487500	0.560000	0.507042	0.531646	0.506173	0.442623	0.543210	0.487805	0.575000	0.424242	0.586667	0.478873	0.567568	0.506329	0.465753	0.448718	0.592593	0.535211	0.575000	0.525000	0.560606	0.564103	0.539474	0.506494	0.472222	0.400000	0.525641	0.472222	0.456790	0.465753	0.560606	0.517857	0.567901	0.468354	0.618421	0.506173	0.562500	0.642857	0.443038	0.562500	
0.239130	0.299065	0.252427	0.287671	0.270833	0.214286	0.310680	0.250000	0.000000	0.157407	0.160377	0.266667	0.295918	0.292453	0.262136	0.262626	0.280374	0.231481	0.273585	0.278846	0.270588	0.247423	0.197674	0.333333	0.351852	0.292453	0.305556	0.285714	0.223301	0.240741	0.230769	0.336449	0.265306	0.283333	0.276316	0.327586	0.254902	0.227723	0.300000	0.305556	0.304762	0.314286	0.330097	0.276190	0.288462	0.220588	0.243243	0.242991	0.208791	0.242718	0.204082	0.264706	0.280374	0.295238	0.187500	0.271739	0.166667	0.235294	0.296296	0.333333	0.311321	0.226415	0.315789	0.294118	0.264151	0.310680	0.269231	0.219048	0.327103	0.225490	0.268519	0.297030	0.293478	0.280000	0.272727	0.221154	0.254717	0.194175	0.260870	0.226415	0.284314	0.250000	0.333333	0.333333	0.284211	0.224299	0.333333	0.269231	0.253333	0.263889	0.218391	0.534884	0.544554	0.500000	0.590361	0.510417	0.684211	0.594595	0.505051	0.604396	0.685714	0.535354	0.553191	0.529412	0.490000	0.612903	0.533333	0.520408	0.546875	0.532609	0.572917	0.519231	0.510000	0.535354	0.605769	0.471154	0.613861	0.500000	0.576471	0.566038	0.570000	0.531250	0.620000	0.557895	0.485437	0.476190	0.590476	0.642857	0.505263	0.500000	0.537736	0.530120	0.552381	0.551402	0.542857	0.586957	0.571429	0.541667	0.540816	0.529412	0.551020	0.528846	0.584906	0.526316	0.538462	0.509615	0.590909	0.500000	0.524752	0.584158	0.484211	0.484536	0.553398	0.510417	0.537736	0.540816	0.488636	0.573333	0.613208	0.548077	0.554455	0.504762	0.586538	0.556962	0.576923	0.596154	
0.257732	0.276786	0.271028	0.346667	0.247525	0.333333	0.327103	0.337349	0.157407	0.000000	0.279279	0.276596	0.294118	0.315315	0.308411	0.252427	0.258929	0.256637	0.218182	0.266055	0.321839	0.247525	0.168539	0.281818	0.371681	0.236364	0.309735	0.309091	0.224299	0.327434	0.258065	0.267857	0.310680	0.333333	0.253165	0.283333	0.273585	0.200000	0.284211	0.355263	0.327273	0.318182	0.280374	0.266055	0.229358	0.260870	0.315789	0.243243	0.255319	0.261682	0.215686	0.252336	0.312500	0.254545	0.272727	0.216495	0.232558	0.235849	0.300885	0.272727	0.315315	0.227273	0.400000	0.299065	0.279279	0.305556	0.185185	0.256881	0.348214	0.207547	0.256637	0.292453	0.239583	0.266667	0.323529	0.293578	0.290909	0.186916	0.276596	0.293578	0.273585	0.250000	0.318182	0.270270	0.224490	0.232143	0.384615	0.238532	0.240506	0.270270	0.252747	0.688889	0.566038	0.515789	0.534884	0.564356	0.571429	0.589744	0.519231	0.614583	0.684211	0.490385	0.561224	0.584270	0.495238	0.656250	0.518182	0.509804	0.573529	0.552083	0.590000	0.504587	0.619048	0.576923	0.614679	0.472222	0.613208	0.514019	0.561798	0.581818	0.533333	0.510000	0.580952	0.570000	0.620370	0.527273	0.600000	0.660194	0.570000	0.537037	0.576577	0.517241	0.581818	0.558559	0.572727	0.551020	0.524272	0.574257	0.529412	0.551402	0.524272	0.546296	0.563636	0.590000	0.550459	0.541284	0.602151	0.532710	0.575472	0.603774	0.630000	0.558824	0.527778	0.504950	0.594595	0.533981	0.505376	0.537500	0.621622	0.587156	0.622642	0.545455	0.596330	0.609756	0.605505	0.550459	
0.263158	0.351351	0.273585	0.226667	0.282828	0.333333	0.228571	0.292683	0.160377	0.279279	0.000000	0.266667	0.250000	0.339450	0.285714	0.297030	0.318182	0.189189	0.268519	0.289720	0.290698	0.270000	0.356322	0.284404	0.351351	0.277778	0.315315	0.314815	0.266667	0.270270	0.282609	0.342342	0.297030	0.274194	0.311688	0.322034	0.238095	0.230769	0.255319	0.280000	0.305556	0.302752	0.311321	0.314815	0.214953	0.223881	0.216216	0.266055	0.223404	0.257143	0.277228	0.257143	0.300000	0.321101	0.261538	0.291667	0.285714	0.259615	0.288288	0.305556	0.281818	0.311927	0.271186	0.333333	0.284404	0.308411	0.384615	0.287037	0.318182	0.298077	0.288288	0.323810	0.336842	0.233010	0.253731	0.233645	0.277778	0.285714	0.322581	0.242991	0.317308	0.254717	0.333333	0.333333	0.218750	0.254545	0.384615	0.158879	0.285714	0.342466	0.200000	0.500000	0.509615	0.526882	0.611765	0.585859	0.650000	0.684211	0.578431	0.606383	0.638889	0.586538	0.697917	0.563218	0.543689	0.645161	0.527778	0.610000	0.515152	0.521277	0.591837	0.514019	0.543689	0.529412	0.532710	0.556604	0.596154	0.514286	0.563218	0.601852	0.553398	0.571429	0.621359	0.520408	0.452830	0.537037	0.620370	0.603960	0.489796	0.537736	0.541284	0.505882	0.537037	0.614679	0.564815	0.562500	0.549020	0.616162	0.590000	0.590476	0.578431	0.528302	0.546296	0.520408	0.542056	0.504673	0.659341	0.523810	0.586538	0.590476	0.494949	0.540000	0.566038	0.474747	0.532110	0.594059	0.543478	0.576923	0.577982	0.542056	0.548077	0.537037	0.560748	0.493827	0.570093	0.598131	
0.239130	0.260870	0.302326	0.315789	0.319149	0.466667	0.239130	0.309524	0.266667	0.276596	0.266667	0.000000	0.130435	0.255319	0.204545	0.250000	0.195652	0.340426	0.347826	0.260870	0.238095	0.250000	0.325000	0.217391	0.276596	0.250000	0.255319	0.239130	0.391304	0.319149	0.357143	0.326087	0.311111	0.351351	0.268293	0.400000	0.272727	0.266667	0.136364	0.256410	0.288889	0.159091	0.250000	0.155556	0.326087	0.390244	0.333333	0.173913	0.232558	0.204545	0.285714	0.148936	0.304348	0.155556	0.275000	0.295455	0.166667	0.260870	0.276596	0.204545	0.282609	0.177778	0.368421	0.200000	0.212766	0.200000	0.560000	0.200000	0.260870	0.304348	0.234043	0.239130	0.325581	0.260870	0.358974	0.255319	0.333333	0.311111	0.272727	0.234043	0.239130	0.276596	0.200000	0.300000	0.227273	0.191489	0.500000	0.239130	0.190476	0.256410	0.363636	0.736842	0.642857	0.513514	0.545455	0.560976	0.538462	0.375000	0.682927	0.775000	0.684211	0.609756	0.567568	0.555556	0.454545	0.437500	0.500000	0.564103	0.580645	0.638889	0.512821	0.555556	0.543478	0.386364	0.568182	0.555556	0.454545	0.547619	0.526316	0.595745	0.642857	0.525000	0.568182	0.666667	0.581395	0.600000	0.545455	0.581395	0.538462	0.441860	0.600000	0.600000	0.659574	0.638298	0.522727	0.608696	0.375000	0.512821	0.558140	0.688889	0.581395	0.543478	0.565217	0.583333	0.636364	0.666667	0.485714	0.547619	0.666667	0.666667	0.641026	0.500000	0.644444	0.476190	0.652174	0.700000	0.558824	0.625000	0.521739	0.533333	0.625000	0.489362	0.522727	0.666667	0.454545	0.608696	
0.269663	0.346535	0.360825	0.314286	0.265957	0.466667	0.237113	0.342105	0.295918	0.294118	0.250000	0.130435	0.000000	0.237624	0.260417	0.311828	0.297030	0.235294	0.313131	0.244898	0.287500	0.326087	0.317073	0.272727	0.372549	0.232323	0.343137	0.282828	0.295918	0.392157	0.317647	0.326733	0.287234	0.300000	0.232877	0.327586	0.294737	0.305263	0.209302	0.300000	0.292929	0.262626	0.309278	0.255102	0.240000	0.317460	0.263158	0.290000	0.252874	0.278351	0.336957	0.260417	0.346535	0.262626	0.285714	0.277778	0.285714	0.260417	0.313725	0.232323	0.220000	0.242424	0.406780	0.250000	0.320000	0.288660	0.370370	0.252525	0.346535	0.357895	0.343137	0.340206	0.314607	0.223404	0.365079	0.336735	0.272727	0.316327	0.275862	0.343434	0.294737	0.326531	0.227273	0.444444	0.272727	0.237624	0.307692	0.275510	0.315789	0.287879	0.297619	0.595238	0.625000	0.571429	0.610390	0.633333	0.684211	0.621622	0.591398	0.659091	0.571429	0.585106	0.551724	0.582278	0.489362	0.551724	0.515152	0.648352	0.571429	0.517647	0.488889	0.510204	0.547368	0.569892	0.494949	0.520408	0.479167	0.572917	0.518987	0.650000	0.625000	0.505495	0.631579	0.595506	0.597938	0.585859	0.595960	0.559140	0.571429	0.505051	0.610000	0.525000	0.676768	0.574257	0.575758	0.604651	0.494624	0.566667	0.537634	0.587629	0.553191	0.581633	0.530000	0.595506	0.551020	0.530612	0.559524	0.593750	0.536842	0.589474	0.588889	0.569892	0.551020	0.510870	0.530000	0.608696	0.548780	0.549296	0.564356	0.489796	0.589474	0.494949	0.530612	0.546667	0.540816	0.515152	
0.260417	0.318182	0.295238	0.324324	0.232323	0.266667	0.295238	0.283951	0.292453	0.315315	0.339450	0.255319	0.237624	0.000000	0.228571	0.316832	0.290909	0.306306	0.361111	0.287037	0.258824	0.282828	0.310345	0.268519	0.342342	0.287037	0.324324	0.231481	0.285714	0.306306	0.263736	0.327273	0.287129	0.225806	0.269231	0.322034	0.288462	0.330097	0.279570	0.310811	0.250000	0.305556	0.283019	0.280374	0.280374	0.333333	0.184211	0.311927	0.258065	0.333333	0.290000	0.245283	0.281818	0.330275	0.242424	0.260417	0.348837	0.288462	0.279279	0.259259	0.256881	0.305556	0.355932	0.257143	0.330275	0.301887	0.259259	0.259259	0.290909	0.278846	0.351351	0.278846	0.287234	0.262136	0.328358	0.271028	0.250000	0.304762	0.293478	0.280374	0.238095	0.339623	0.136364	0.243243	0.302083	0.318182	0.307692	0.317757	0.298701	0.291667	0.247191	0.644444	0.509615	0.569892	0.552941	0.606061	0.666667	0.564103	0.519608	0.663158	0.631579	0.553398	0.479167	0.602273	0.504854	0.593750	0.481481	0.530000	0.588235	0.489362	0.510204	0.560748	0.563107	0.509804	0.485981	0.481132	0.504762	0.466667	0.459770	0.583333	0.576923	0.414141	0.582524	0.479592	0.594340	0.500000	0.555556	0.623762	0.525253	0.509434	0.541284	0.458824	0.574074	0.532110	0.518519	0.571429	0.475248	0.555556	0.540000	0.580952	0.500000	0.532710	0.527778	0.602041	0.579439	0.551402	0.527473	0.495238	0.509615	0.576923	0.530612	0.504950	0.537736	0.474747	0.541284	0.524752	0.560440	0.551282	0.522936	0.476636	0.538462	0.527778	0.542056	0.450000	0.523364	0.532710	
0.293478	0.245283	0.284314	0.202899	0.231579	0.266667	0.281553	0.205128	0.262136	0.308411	0.285714	0.204545	0.260417	0.228571	0.000000	0.224490	0.226415	0.280374	0.247619	0.242718	0.304878	0.250000	0.297619	0.240385	0.252336	0.276190	0.289720	0.211538	0.254902	0.271028	0.213483	0.320755	0.226804	0.300000	0.276316	0.350877	0.196078	0.232323	0.233333	0.315068	0.209524	0.307692	0.257426	0.298077	0.300971	0.323077	0.222222	0.323810	0.222222	0.227723	0.239583	0.254902	0.283019	0.238095	0.262295	0.282609	0.209302	0.277228	0.271028	0.276190	0.247619	0.257143	0.280702	0.388350	0.266667	0.291262	0.346154	0.269231	0.252336	0.257426	0.308411	0.260000	0.244444	0.333333	0.323077	0.295238	0.238095	0.267327	0.325843	0.269231	0.245098	0.254902	0.095238	0.264706	0.279570	0.261682	0.153846	0.359223	0.186667	0.319444	0.244186	0.604651	0.530000	0.544444	0.566265	0.589474	0.700000	0.540541	0.489796	0.544444	0.666667	0.540816	0.478261	0.546512	0.474747	0.666667	0.480769	0.500000	0.625000	0.505376	0.547368	0.524272	0.494949	0.510204	0.553398	0.490196	0.504950	0.435644	0.488095	0.586538	0.595960	0.478723	0.585859	0.494737	0.490196	0.576923	0.561905	0.546392	0.473684	0.568627	0.575472	0.481481	0.509615	0.609524	0.519231	0.577778	0.536082	0.447917	0.510417	0.544554	0.525773	0.466019	0.538462	0.541667	0.548077	0.504854	0.494382	0.568627	0.520000	0.580000	0.531915	0.432990	0.558824	0.520833	0.504762	0.484536	0.545455	0.552632	0.533333	0.466019	0.580000	0.519231	0.514563	0.564103	0.466019	0.582524	
0.235955	0.245098	0.216495	0.220588	0.268817	0.214286	0.323232	0.256410	0.262626	0.252427	0.297030	0.250000	0.311828	0.316832	0.224490	0.000000	0.235294	0.300971	0.270000	0.270000	0.253012	0.318681	0.253012	0.257426	0.300971	0.260000	0.291262	0.267327	0.313131	0.310680	0.329545	0.362745	0.268817	0.457627	0.301370	0.350877	0.281250	0.250000	0.287356	0.333333	0.346535	0.190000	0.244898	0.252525	0.232323	0.338462	0.294118	0.274510	0.307692	0.257732	0.284211	0.309278	0.186275	0.178218	0.258065	0.303371	0.238095	0.237113	0.233010	0.237624	0.352941	0.247525	0.218182	0.326531	0.247525	0.272727	0.333333	0.202020	0.271845	0.185567	0.223301	0.285714	0.267442	0.242105	0.333333	0.280000	0.310000	0.240000	0.211111	0.287129	0.234694	0.262626	0.250000	0.352941	0.311111	0.284314	0.333333	0.280000	0.208333	0.295775	0.305882	0.560976	0.572917	0.540230	0.558442	0.626374	0.666667	0.625000	0.468085	0.563218	0.705882	0.542553	0.568182	0.637500	0.552083	0.600000	0.610000	0.505376	0.603175	0.613636	0.554348	0.595960	0.557895	0.553191	0.565657	0.602041	0.618557	0.536082	0.580247	0.570000	0.589474	0.522222	0.625000	0.533333	0.520408	0.584158	0.554455	0.659574	0.566667	0.591837	0.607843	0.562500	0.600000	0.623762	0.560000	0.622222	0.638298	0.537634	0.591398	0.587629	0.595745	0.551020	0.590000	0.626374	0.606061	0.570000	0.505882	0.546392	0.604167	0.593750	0.560440	0.494624	0.571429	0.543478	0.574257	0.559140	0.642857	0.638889	0.554455	0.494949	0.593750	0.630000	0.530000	0.653333	0.540000	0.595960	
0.260417	0.252252	0.292453	0.310811	0.300000	0.266667	0.377358	0.243902	0.280374	0.258929	0.318182	0.195652	0.297030	0.290909	0.226415	0.235294	0.000000	0.285714	0.266055	0.259259	0.255814	0.180000	0.295455	0.220183	0.258929	0.256881	0.214286	0.311927	0.283019	0.267857	0.282609	0.279279	0.343137	0.322581	0.269231	0.338983	0.333333	0.240385	0.297872	0.266667	0.247706	0.245455	0.188679	0.231481	0.333333	0.338235	0.324324	0.345455	0.301075	0.273585	0.326733	0.254717	0.243243	0.229358	0.261538	0.281250	0.214286	0.295238	0.241071	0.266055	0.309091	0.247706	0.288136	0.308411	0.254545	0.186916	0.346154	0.287037	0.306306	0.180952	0.303571	0.323810	0.315789	0.307692	0.208955	0.287037	0.293578	0.283019	0.322581	0.305556	0.285714	0.299065	0.409091	0.166667	0.288660	0.333333	0.416667	0.324074	0.217949	0.260274	0.255556	0.555556	0.523810	0.526316	0.523256	0.540000	0.666667	0.552632	0.533981	0.631579	0.552632	0.466019	0.505155	0.579545	0.509615	0.687500	0.522936	0.500000	0.588235	0.541667	0.590000	0.527778	0.528846	0.485437	0.537037	0.476636	0.537736	0.481132	0.539326	0.596330	0.528846	0.515152	0.480769	0.535354	0.514019	0.541284	0.536364	0.617647	0.484848	0.495327	0.531532	0.488372	0.522936	0.545455	0.513761	0.551020	0.470588	0.475248	0.534653	0.523364	0.480392	0.485981	0.518182	0.610000	0.564815	0.500000	0.516129	0.547170	0.523810	0.552381	0.515152	0.450980	0.560748	0.465347	0.536364	0.519608	0.565217	0.525000	0.500000	0.518519	0.542857	0.532110	0.518519	0.536585	0.546296	0.555556	
0.216495	0.303571	0.261682	0.280000	0.207921	0.266667	0.280374	0.265060	0.231481	0.256637	0.189189	0.340426	0.235294	0.306306	0.280374	0.300971	0.285714	0.000000	0.290909	0.238532	0.321839	0.257426	0.303371	0.281818	0.345133	0.263636	0.300885	0.236364	0.168224	0.300885	0.311828	0.294643	0.233010	0.285714	0.265823	0.316667	0.273585	0.219048	0.357895	0.263158	0.272727	0.300000	0.308411	0.238532	0.293578	0.246377	0.157895	0.279279	0.265957	0.317757	0.274510	0.271028	0.267857	0.318182	0.212121	0.278351	0.395349	0.216981	0.274336	0.300000	0.252252	0.281818	0.300000	0.299065	0.324324	0.324074	0.222222	0.293578	0.357143	0.264151	0.353982	0.292453	0.239583	0.266667	0.235294	0.220183	0.236364	0.308411	0.361702	0.293578	0.273585	0.305556	0.318182	0.243243	0.255102	0.294643	0.230769	0.293578	0.291139	0.351351	0.208791	0.622222	0.518868	0.610526	0.651163	0.554455	0.666667	0.692308	0.548077	0.593750	0.605263	0.557692	0.602041	0.595506	0.523810	0.625000	0.545455	0.588235	0.602941	0.520833	0.610000	0.596330	0.552381	0.548077	0.513761	0.518519	0.528302	0.495327	0.584270	0.627273	0.552381	0.510000	0.580952	0.540000	0.518519	0.518182	0.609091	0.582524	0.560000	0.546296	0.531532	0.459770	0.545455	0.621622	0.600000	0.489796	0.543689	0.574257	0.539216	0.542056	0.553398	0.583333	0.536364	0.600000	0.559633	0.431193	0.602151	0.579439	0.547170	0.603774	0.500000	0.568627	0.509259	0.554455	0.558559	0.543689	0.548387	0.550000	0.549550	0.495413	0.575472	0.536364	0.587156	0.536585	0.596330	0.559633	
0.329787	0.394495	0.333333	0.283784	0.346939	0.133333	0.326923	0.337500	0.273585	0.218182	0.268519	0.347826	0.313131	0.361111	0.247619	0.270000	0.266055	0.290909	0.000000	0.292453	0.302326	0.262626	0.310345	0.271028	0.281818	0.240741	0.345455	0.252336	0.264151	0.336364	0.271739	0.266055	0.320000	0.274194	0.389610	0.322034	0.240385	0.294118	0.304348	0.256757	0.317757	0.355140	0.288462	0.261682	0.311321	0.260870	0.263158	0.324074	0.315217	0.314286	0.290000	0.317308	0.357798	0.280374	0.338462	0.308511	0.209302	0.278846	0.263636	0.280374	0.231481	0.342593	0.271186	0.323810	0.361111	0.283019	0.259259	0.336449	0.339450	0.278846	0.372727	0.349515	0.255319	0.303922	0.352941	0.364486	0.266055	0.238095	0.263736	0.301887	0.259615	0.264151	0.227273	0.333333	0.285714	0.330275	0.307692	0.283019	0.263158	0.301370	0.235955	0.545455	0.557692	0.565217	0.581395	0.595960	0.761905	0.512821	0.549020	0.531915	0.594595	0.524752	0.547368	0.550562	0.500000	0.593750	0.495327	0.560000	0.530303	0.557895	0.530612	0.471698	0.533981	0.558824	0.528302	0.514286	0.553398	0.509615	0.563218	0.588785	0.485437	0.525773	0.557692	0.535354	0.533333	0.518519	0.663551	0.600000	0.500000	0.580952	0.601852	0.505882	0.555556	0.601852	0.523364	0.541667	0.554455	0.464646	0.505051	0.504762	0.519608	0.542857	0.481481	0.494845	0.542056	0.495327	0.555556	0.528846	0.485437	0.596154	0.525773	0.474747	0.471698	0.545455	0.527778	0.519608	0.483516	0.556962	0.537037	0.495327	0.621359	0.532710	0.500000	0.573171	0.547170	0.537736	
0.265957	0.305556	0.271845	0.347222	0.336735	0.428571	0.320388	0.262500	0.278846	0.266055	0.289720	0.260870	0.244898	0.287037	0.242718	0.270000	0.259259	0.238532	0.292453	0.000000	0.273810	0.257732	0.333333	0.261682	0.311927	0.245283	0.247706	0.264151	0.184466	0.330275	0.266667	0.250000	0.313131	0.366667	0.285714	0.293103	0.343137	0.237624	0.274725	0.315068	0.273585	0.226415	0.278846	0.226415	0.314286	0.313433	0.297297	0.271028	0.296703	0.252427	0.316327	0.250000	0.259259	0.214953	0.203125	0.308511	0.414634	0.215686	0.266055	0.245283	0.355140	0.264151	0.315789	0.252427	0.299065	0.298077	0.320000	0.216981	0.296296	0.252427	0.229358	0.254902	0.293478	0.257426	0.338462	0.301887	0.273585	0.288462	0.318681	0.304762	0.250000	0.278846	0.285714	0.194444	0.244681	0.259259	0.384615	0.314286	0.253333	0.281690	0.229885	0.590909	0.519608	0.505495	0.585366	0.567010	0.650000	0.675676	0.495050	0.565217	0.578947	0.550000	0.521277	0.546512	0.534653	0.612903	0.490566	0.551020	0.575758	0.543478	0.562500	0.504762	0.534653	0.560000	0.533333	0.509615	0.529412	0.466019	0.593023	0.528302	0.564356	0.510417	0.594059	0.510417	0.567308	0.518868	0.584906	0.620000	0.520833	0.615385	0.616822	0.476190	0.547170	0.616822	0.556604	0.562500	0.555556	0.525773	0.571429	0.543689	0.540000	0.519231	0.556604	0.604167	0.580952	0.518868	0.584270	0.582524	0.568627	0.617647	0.583333	0.469388	0.519231	0.505155	0.537037	0.494949	0.561798	0.486842	0.570093	0.485714	0.627451	0.588785	0.552381	0.564103	0.542857	0.580952	
0.272727	0.333333	0.329412	0.223881	0.303797	0.266667	0.325301	0.301370	0.270588	0.321839	0.290698	0.238095	0.287500	0.258824	0.304878	0.253012	0.255814	0.321839	0.302326	0.273810	0.000000	0.222222	0.287671	0.244186	0.298851	0.270588	0.252874	0.290698	0.325581	0.241379	0.370370	0.402299	0.291139	0.355932	0.268657	0.327586	0.329268	0.289157	0.350649	0.230769	0.341176	0.302326	0.297619	0.282353	0.364706	0.344262	0.222222	0.325581	0.300000	0.297619	0.341463	0.289157	0.255814	0.235294	0.216667	0.316456	0.243902	0.240964	0.275862	0.261905	0.344828	0.344828	0.145455	0.253012	0.400000	0.279070	0.407407	0.294118	0.255814	0.256098	0.287356	0.341463	0.341772	0.345679	0.290323	0.270588	0.364706	0.337349	0.278481	0.290698	0.235294	0.325581	0.238095	0.314286	0.341463	0.302326	0.307692	0.223529	0.294118	0.253731	0.246753	0.578947	0.567901	0.571429	0.500000	0.526316	0.529412	0.424242	0.562500	0.652778	0.551724	0.493827	0.561644	0.485294	0.506329	0.461538	0.535714	0.544304	0.452830	0.575342	0.493506	0.571429	0.530864	0.481013	0.530120	0.547619	0.604938	0.481481	0.537313	0.534884	0.525000	0.533333	0.555556	0.493506	0.560976	0.541176	0.583333	0.637500	0.533333	0.578313	0.552941	0.546875	0.662791	0.569767	0.529412	0.583333	0.604938	0.552632	0.493506	0.566265	0.525641	0.481928	0.500000	0.500000	0.595238	0.523810	0.514286	0.500000	0.536585	0.585366	0.434211	0.441558	0.421687	0.480519	0.482353	0.620253	0.563380	0.533333	0.623529	0.482353	0.506173	0.552941	0.547619	0.546875	0.566265	0.564706	
0.292135	0.237624	0.257732	0.347826	0.274725	0.266667	0.322917	0.171053	0.247423	0.247525	0.270000	0.250000	0.326087	0.282828	0.250000	0.318681	0.180000	0.257426	0.262626	0.257732	0.222222	0.000000	0.237500	0.222222	0.257426	0.262626	0.247525	0.306122	0.257732	0.257426	0.232558	0.287129	0.322581	0.237288	0.263889	0.293103	0.312500	0.212766	0.279070	0.267606	0.316327	0.262626	0.260417	0.222222	0.303030	0.250000	0.236842	0.323232	0.258824	0.315789	0.318681	0.189474	0.320000	0.242424	0.238095	0.193182	0.225000	0.273684	0.326733	0.285714	0.360000	0.270000	0.303571	0.333333	0.333333	0.244898	0.259259	0.272727	0.270000	0.189474	0.297030	0.329897	0.258427	0.308511	0.218750	0.278351	0.282828	0.315789	0.345238	0.288660	0.281250	0.260417	0.333333	0.200000	0.255556	0.250000	0.307692	0.247423	0.200000	0.308824	0.219512	0.666667	0.531915	0.464286	0.539474	0.528090	0.578947	0.513514	0.559140	0.619048	0.705882	0.531915	0.511364	0.530864	0.483871	0.629630	0.520408	0.445652	0.586207	0.500000	0.545455	0.510204	0.559140	0.494624	0.571429	0.447917	0.510638	0.468750	0.556962	0.540816	0.553191	0.465909	0.516129	0.494382	0.520833	0.551020	0.551020	0.619565	0.465909	0.510417	0.535354	0.552632	0.535354	0.505051	0.555556	0.534884	0.489130	0.516854	0.483516	0.515789	0.439560	0.479167	0.510204	0.505618	0.556701	0.494845	0.554217	0.547368	0.489583	0.589474	0.455556	0.450549	0.552083	0.483146	0.525253	0.494505	0.511905	0.535211	0.575758	0.469388	0.589474	0.530612	0.494845	0.575342	0.525773	0.530612	
0.296296	0.227273	0.232558	0.276923	0.253012	0.285714	0.383721	0.273973	0.197674	0.168539	0.356322	0.325000	0.317073	0.310345	0.297619	0.253012	0.295455	0.303371	0.310345	0.333333	0.287671	0.237500	0.000000	0.241379	0.370787	0.275862	0.314607	0.255814	0.238095	0.314607	0.302632	0.352273	0.270588	0.288136	0.200000	0.280702	0.264368	0.250000	0.308642	0.274194	0.367816	0.302326	0.223529	0.279070	0.267442	0.241379	0.242424	0.275862	0.215190	0.197674	0.265060	0.261905	0.329545	0.279070	0.280702	0.219512	0.153846	0.250000	0.325843	0.232558	0.367816	0.227273	0.340000	0.337349	0.275862	0.317647	0.192308	0.287356	0.295455	0.284091	0.280899	0.297619	0.234568	0.352941	0.327586	0.255814	0.321839	0.235294	0.350000	0.325581	0.270588	0.279070	0.350000	0.352941	0.280488	0.306818	0.307692	0.337209	0.304348	0.250000	0.333333	0.735294	0.573171	0.506849	0.537313	0.580247	0.384615	0.483871	0.475000	0.565789	0.720000	0.437500	0.473684	0.544118	0.457831	0.440000	0.528736	0.481013	0.596154	0.493333	0.565789	0.517647	0.543210	0.475610	0.529412	0.440476	0.621951	0.506024	0.471429	0.488372	0.567901	0.447368	0.530864	0.486842	0.571429	0.511628	0.569767	0.670732	0.500000	0.523256	0.517241	0.565217	0.581395	0.471264	0.558140	0.542857	0.525000	0.469136	0.538462	0.506024	0.426829	0.523810	0.488372	0.512821	0.505882	0.534884	0.521127	0.506024	0.500000	0.560976	0.569620	0.493827	0.464286	0.493506	0.465909	0.443038	0.464789	0.500000	0.655172	0.517647	0.571429	0.546512	0.517647	0.609375	0.541176	0.505882	
0.294737	0.247706	0.250000	0.232877	0.316327	0.400000	0.326923	0.268293	0.333333	0.281818	0.284404	0.217391	0.272727	0.268519	0.240385	0.257426	0.220183	0.281818	0.271028	0.261682	0.244186	0.222222	0.241379	0.000000	0.327273	0.242991	0.272727	0.289720	0.221154	0.281818	0.358696	0.330275	0.240000	0.258065	0.233766	0.271186	0.252427	0.264706	0.260870	0.229730	0.252336	0.327103	0.250000	0.254717	0.216981	0.343284	0.297297	0.296296	0.215054	0.288462	0.303030	0.259615	0.284404	0.271028	0.276923	0.242105	0.214286	0.271845	0.281818	0.233645	0.305556	0.280374	0.288136	0.288462	0.324074	0.273585	0.384615	0.301887	0.284404	0.252427	0.272727	0.291262	0.311828	0.235294	0.272727	0.299065	0.317757	0.352381	0.315217	0.273585	0.247619	0.257143	0.190476	0.166667	0.270833	0.330275	0.461538	0.235849	0.285714	0.347222	0.261364	0.744186	0.601942	0.576087	0.566265	0.612245	0.750000	0.578947	0.524752	0.634409	0.648649	0.549020	0.547368	0.616279	0.539216	0.700000	0.532710	0.585859	0.626866	0.494624	0.567010	0.588785	0.588235	0.544554	0.547170	0.533333	0.592233	0.528846	0.558140	0.607477	0.588235	0.546392	0.568627	0.525773	0.571429	0.588785	0.598131	0.613861	0.515464	0.571429	0.583333	0.511905	0.592593	0.592593	0.532710	0.574468	0.520000	0.489796	0.595960	0.605769	0.524752	0.542857	0.504673	0.546392	0.622642	0.607477	0.588889	0.557692	0.553398	0.653846	0.608247	0.474747	0.561905	0.510204	0.574074	0.560000	0.588889	0.610390	0.629630	0.509434	0.592233	0.598131	0.500000	0.600000	0.490566	0.613208	
0.329897	0.339286	0.252336	0.346667	0.287129	0.133333	0.308411	0.240964	0.351852	0.371681	0.351351	0.276596	0.372549	0.342342	0.252336	0.300971	0.258929	0.345133	0.281818	0.311927	0.298851	0.257426	0.370787	0.327273	0.000000	0.327273	0.274336	0.354545	0.252336	0.221239	0.301075	0.276786	0.359223	0.238095	0.354430	0.266667	0.273585	0.314286	0.368421	0.328947	0.390909	0.300000	0.336449	0.275229	0.357798	0.246377	0.236842	0.342342	0.329787	0.308411	0.352941	0.308411	0.285714	0.236364	0.257576	0.309278	0.209302	0.301887	0.265487	0.327273	0.270270	0.309091	0.200000	0.373832	0.315315	0.231481	0.296296	0.302752	0.276786	0.226415	0.309735	0.292453	0.322917	0.314286	0.176471	0.311927	0.290909	0.317757	0.244681	0.293578	0.226415	0.277778	0.363636	0.216216	0.367347	0.348214	0.153846	0.376147	0.291139	0.418919	0.340659	0.488889	0.528302	0.536842	0.616279	0.514851	0.523810	0.435897	0.557692	0.520833	0.631579	0.528846	0.469388	0.516854	0.495238	0.656250	0.490909	0.460784	0.573529	0.541667	0.530000	0.504587	0.514286	0.423077	0.559633	0.462963	0.566038	0.411215	0.483146	0.527273	0.571429	0.500000	0.514286	0.520000	0.500000	0.527273	0.545455	0.582524	0.510000	0.500000	0.540541	0.563218	0.554545	0.522523	0.527273	0.551020	0.533981	0.455446	0.450980	0.495327	0.475728	0.407407	0.527273	0.490000	0.532110	0.458716	0.494624	0.504673	0.509434	0.500000	0.500000	0.421569	0.509259	0.445545	0.504505	0.514563	0.494624	0.487500	0.513514	0.532110	0.613208	0.463636	0.477064	0.536585	0.467890	0.541284	
0.276596	0.293578	0.342857	0.277778	0.326531	0.285714	0.288462	0.325000	0.292453	0.236364	0.277778	0.250000	0.232323	0.287037	0.276190	0.260000	0.256881	0.263636	0.240741	0.245283	0.270588	0.262626	0.275862	0.242991	0.327273	0.000000	0.300000	0.261682	0.276190	0.290909	0.318681	0.266055	0.290000	0.409836	0.298701	0.379310	0.288462	0.274510	0.293478	0.315068	0.280374	0.289720	0.288462	0.289720	0.226415	0.328358	0.243243	0.361111	0.282609	0.250000	0.262626	0.259615	0.293578	0.261682	0.253968	0.308511	0.268293	0.278846	0.318182	0.327103	0.305556	0.305556	0.280702	0.250000	0.314815	0.304762	0.280000	0.280374	0.275229	0.298077	0.336364	0.262136	0.311828	0.274510	0.303030	0.349057	0.287037	0.240385	0.307692	0.245283	0.298077	0.342857	0.200000	0.342857	0.270833	0.238532	0.500000	0.311321	0.246753	0.305556	0.295455	0.522727	0.543689	0.489130	0.547619	0.571429	0.684211	0.500000	0.544554	0.602151	0.555556	0.514851	0.568421	0.563218	0.460784	0.600000	0.495327	0.500000	0.553846	0.500000	0.500000	0.509434	0.529412	0.544554	0.490566	0.504762	0.533981	0.509615	0.500000	0.551402	0.509804	0.515464	0.588235	0.505155	0.504762	0.523364	0.626168	0.560000	0.494845	0.514286	0.574074	0.523810	0.514019	0.583333	0.560748	0.510638	0.480000	0.459184	0.515152	0.509615	0.510000	0.542857	0.448598	0.515464	0.518868	0.462264	0.555556	0.509615	0.533981	0.553398	0.546392	0.515152	0.438095	0.510204	0.509259	0.470000	0.466667	0.467532	0.527778	0.462264	0.563107	0.523364	0.509434	0.425000	0.518868	0.547170	
