0.000000	0.066667	0.452830	0.403846	0.285714	0.461538	0.250000	0.403846	0.431818	0.528302	0.384615	0.133333	0.448980	0.500000	0.589744	0.421053	0.512821	0.444444	0.490566	0.264151	0.340000	0.408163	0.433962	0.440000	0.342105	0.358491	0.360000	0.450980	0.358491	0.365385	0.372549	0.354167	0.342105	0.423077	0.490196	0.371429	0.431818	0.375000	0.377358	0.372093	0.567568	0.578947	0.627451	0.487805	0.605263	0.461538	0.423077	0.433333	0.551724	0.550000	0.513514	0.540000	0.600000	0.480769	0.509434	0.547170	0.307692	0.421053	0.320000	0.621622	0.641026	0.352941	0.435897	0.538462	0.428571	0.333333	0.714286	0.421053	0.509804	0.473684	0.584906	0.519231	0.560000	0.566038	0.568627	0.617021	0.560000	0.333333	0.444444	0.538462	0.500000	0.551020	0.615385	0.460000	0.346154	0.380952	0.608696	0.352941	0.586957	0.062500	0.581395	0.285714	0.675000	0.510638	
0.066667	0.000000	0.117647	0.125000	0.133333	0.176471	0.125000	0.066667	0.411765	0.470588	0.117647	0.125000	0.076923	0.352941	1.000000	0.333333	0.000000	0.285714	0.125000	0.133333	0.166667	0.428571	0.117647	0.076923	0.294118	0.133333	0.153846	0.176471	0.176471	0.117647	0.235294	0.076923	0.500000	0.133333	0.705882	0.176471	0.176471	0.187500	0.294118	0.222222	0.250000	0.750000	0.352941	0.400000	1.000000	0.294118	0.352941	0.600000	0.529412	0.750000	0.000000	0.470588	0.750000	0.411765	0.437500	0.647059	0.125000	0.000000	0.312500	0.000000	1.000000	0.312500	0.000000	1.000000	0.352941	0.666667	0.625000	0.666667	0.588235	0.470588	0.647059	0.812500	0.666667	0.529412	0.750000	0.642857	0.615385	0.352941	0.142857	1.000000	0.800000	0.875000	0.937500	0.176471	0.176471	0.470588	0.647059	0.117647	0.600000	0.117647	0.666667	0.117647	0.764706	0.647059	
0.452830	0.117647	0.000000	0.428571	0.348837	0.491228	0.277778	0.444444	0.530612	0.448276	0.438596	0.176471	0.370370	0.400000	0.333333	0.463415	0.428571	0.500000	0.385965	0.339286	0.377358	0.500000	0.310345	0.433962	0.395349	0.454545	0.471698	0.509091	0.379310	0.491228	0.339286	0.377358	0.560976	0.454545	0.625000	0.421053	0.270833	0.171429	0.379310	0.562500	0.475000	0.658537	0.339286	0.434783	0.450000	0.421053	0.508772	0.612903	0.516129	0.422222	0.594595	0.436364	0.563636	0.421053	0.403509	0.568966	0.333333	0.512195	0.407407	0.500000	0.333333	0.446429	0.595238	0.523810	0.612903	0.500000	0.625000	0.441860	0.589286	0.347826	0.586207	0.482143	0.574074	0.551724	0.589286	0.540000	0.518519	0.510638	0.583333	0.476190	0.543478	0.641509	0.684211	0.345455	0.403509	0.391304	0.600000	0.320755	0.568627	0.000000	0.520833	0.382979	0.600000	0.538462	
0.403846	0.125000	0.428571	0.000000	0.380952	0.327273	0.176471	0.283019	0.361702	0.410714	0.381818	0.125000	0.442308	0.413793	0.390244	0.384615	0.463415	0.500000	0.490909	0.425926	0.470588	0.634615	0.428571	0.392157	0.414634	0.415094	0.431373	0.490566	0.410714	0.436364	0.444444	0.500000	0.500000	0.415094	0.518519	0.432432	0.489362	0.303030	0.357143	0.468085	0.512821	0.525000	0.407407	0.636364	0.525000	0.400000	0.563636	0.333333	0.566667	0.431818	0.513514	0.433962	0.509434	0.418182	0.490909	0.428571	0.225000	0.400000	0.500000	0.564103	0.609756	0.518519	0.512195	0.439024	0.500000	0.465116	0.625000	0.500000	0.629630	0.454545	0.517857	0.574074	0.538462	0.535714	0.592593	0.625000	0.673077	0.369565	0.434783	0.439024	0.477273	0.615385	0.563636	0.490566	0.418182	0.409091	0.583333	0.346154	0.510204	0.235294	0.608696	0.311111	0.674419	0.660000	
0.285714	0.133333	0.348837	0.380952	0.000000	0.380952	0.312500	0.348837	0.487179	0.418605	0.333333	0.200000	0.410256	0.535714	0.586207	0.482759	0.620690	0.514286	0.395349	0.348837	0.400000	0.461538	0.395349	0.365854	0.361111	0.428571	0.400000	0.463415	0.441860	0.333333	0.325581	0.315789	0.413793	0.404762	0.571429	0.382353	0.416667	0.281250	0.418605	0.470588	0.464286	0.600000	0.439024	0.580645	0.448276	0.428571	0.333333	0.440000	0.520000	0.366667	0.423077	0.357143	0.658537	0.418605	0.465116	0.581395	0.324324	0.413793	0.320000	0.517241	0.551724	0.428571	0.448276	0.551724	0.444444	0.655172	0.571429	0.428571	0.585366	0.400000	0.558140	0.476190	0.547619	0.511628	0.512195	0.675676	0.525000	0.368421	0.514286	0.689655	0.393939	0.682927	0.785714	0.380952	0.380952	0.476190	0.782609	0.476190	0.583333	0.125000	0.529412	0.205128	0.527778	0.465116	
0.461538	0.176471	0.491228	0.327273	0.380952	0.000000	0.166667	0.339623	0.395833	0.403509	0.339286	0.058824	0.415094	0.400000	0.609756	0.500000	0.487805	0.425532	0.392857	0.363636	0.423077	0.603774	0.403509	0.346154	0.380952	0.462963	0.346154	0.370370	0.421053	0.375000	0.418182	0.423077	0.439024	0.333333	0.490909	0.405405	0.404255	0.382353	0.350877	0.404255	0.425000	0.560976	0.482143	0.511111	0.461538	0.446429	0.339286	0.354839	0.580645	0.454545	0.432432	0.425926	0.555556	0.428571	0.535714	0.596491	0.309524	0.375000	0.481481	0.461538	0.585366	0.527273	0.585366	0.487805	0.451613	0.488372	0.500000	0.500000	0.581818	0.478261	0.526316	0.545455	0.528302	0.508772	0.618182	0.571429	0.509434	0.276596	0.234043	0.414634	0.577778	0.711538	0.642857	0.370370	0.438596	0.521739	0.560000	0.442308	0.520000	0.222222	0.531915	0.446809	0.688889	0.588235	
0.250000	0.125000	0.277778	0.176471	0.312500	0.166667	0.000000	0.187500	0.388889	0.500000	0.235294	0.117647	0.214286	0.388889	0.500000	0.500000	0.500000	0.250000	0.235294	0.187500	0.153846	0.285714	0.277778	0.214286	0.277778	0.187500	0.285714	0.166667	0.166667	0.277778	0.166667	0.357143	0.666667	0.000000	0.555556	0.333333	0.222222	0.235294	0.333333	0.100000	0.000000	0.705882	0.388889	0.333333	1.000000	0.333333	0.388889	0.666667	0.529412	0.800000	1.000000	0.388889	0.647059	0.444444	0.470588	0.444444	0.294118	0.500000	0.411765	0.000000	0.000000	0.411765	0.000000	0.500000	0.352941	1.000000	0.625000	1.000000	0.611111	0.529412	0.722222	0.882353	0.687500	0.500000	0.875000	0.666667	0.642857	0.444444	0.250000	1.000000	0.727273	0.823529	0.764706	0.388889	0.277778	0.470588	0.555556	0.277778	0.545455	0.250000	0.600000	0.277778	0.833333	0.833333	
0.403846	0.066667	0.444444	0.283019	0.348837	0.339623	0.187500	0.000000	0.369565	0.462963	0.301887	0.066667	0.460000	0.464286	0.500000	0.512821	0.350000	0.260870	0.388889	0.388889	0.450980	0.560000	0.370370	0.288462	0.275000	0.377358	0.411765	0.470588	0.462963	0.301887	0.403846	0.530612	0.461538	0.415094	0.538462	0.388889	0.422222	0.242424	0.407407	0.386364	0.526316	0.578947	0.480769	0.500000	0.564103	0.433962	0.433962	0.448276	0.642857	0.536585	0.500000	0.627451	0.686275	0.415094	0.537037	0.444444	0.300000	0.384615	0.423077	0.552632	0.425000	0.384615	0.500000	0.475000	0.448276	0.550000	0.571429	0.410256	0.576923	0.428571	0.648148	0.547170	0.529412	0.518519	0.615385	0.510638	0.627451	0.400000	0.456522	0.500000	0.666667	0.640000	0.698113	0.372549	0.415094	0.571429	0.608696	0.380000	0.574468	0.125000	0.590909	0.318182	0.523810	0.591837	
0.431818	0.411765	0.530612	0.361702	0.487179	0.395833	0.388889	0.369565	0.000000	0.408163	0.458333	0.352941	0.422222	0.500000	0.575758	0.500000	0.454545	0.384615	0.437500	0.468085	0.590909	0.577778	0.428571	0.444444	0.428571	0.478261	0.363636	0.500000	0.428571	0.479167	0.408163	0.500000	0.312500	0.565217	0.416667	0.368421	0.418605	0.457143	0.306122	0.333333	0.617647	0.583333	0.541667	0.405405	0.500000	0.416667	0.416667	0.434783	0.583333	0.444444	0.500000	0.583333	0.479167	0.458333	0.437500	0.551020	0.384615	0.424242	0.333333	0.484848	0.484848	0.617021	0.515152	0.515152	0.548387	0.514286	0.875000	0.441176	0.531915	0.521739	0.571429	0.425532	0.553191	0.489796	0.659574	0.547619	0.444444	0.487805	0.410256	0.545455	0.512821	0.533333	0.479167	0.479167	0.416667	0.304348	0.360000	0.511111	0.428571	0.388889	0.475000	0.418605	0.523810	0.456522	
0.528302	0.470588	0.448276	0.410714	0.418605	0.403509	0.500000	0.462963	0.408163	0.000000	0.438596	0.352941	0.500000	0.366667	0.404762	0.512195	0.452381	0.500000	0.421053	0.500000	0.566038	0.500000	0.379310	0.415094	0.488372	0.454545	0.377358	0.490909	0.517241	0.438596	0.375000	0.452830	0.463415	0.509091	0.482143	0.342105	0.458333	0.314286	0.448276	0.458333	0.550000	0.560976	0.482143	0.478261	0.300000	0.491228	0.456140	0.483871	0.612903	0.377778	0.459459	0.436364	0.509091	0.473684	0.456140	0.568966	0.333333	0.463415	0.481481	0.325000	0.500000	0.553571	0.523810	0.500000	0.419355	0.454545	0.500000	0.465116	0.517857	0.565217	0.517241	0.464286	0.555556	0.586207	0.553571	0.540000	0.518519	0.574468	0.458333	0.404762	0.434783	0.584906	0.578947	0.527273	0.350877	0.521739	0.560000	0.377358	0.411765	0.333333	0.375000	0.489362	0.422222	0.442308	
0.384615	0.117647	0.438596	0.381818	0.333333	0.339286	0.235294	0.301887	0.458333	0.438596	0.000000	0.062500	0.452830	0.413793	0.634146	0.475000	0.585366	0.382979	0.375000	0.327273	0.423077	0.574074	0.385965	0.403846	0.357143	0.425926	0.442308	0.370370	0.491228	0.285714	0.381818	0.461538	0.600000	0.400000	0.563636	0.351351	0.446809	0.411765	0.473684	0.382979	0.435897	0.750000	0.490909	0.511111	0.615385	0.446429	0.392857	0.400000	0.666667	0.431818	0.305556	0.518519	0.685185	0.482143	0.464286	0.508772	0.341463	0.400000	0.269231	0.435897	0.463415	0.436364	0.439024	0.463415	0.500000	0.511628	0.500000	0.476190	0.454545	0.454545	0.473684	0.490909	0.603774	0.526316	0.500000	0.551020	0.547170	0.369565	0.361702	0.634146	0.666667	0.653846	0.660714	0.277778	0.410714	0.409091	0.666667	0.365385	0.480000	0.166667	0.659574	0.282609	0.568182	0.450980	
0.133333	0.125000	0.176471	0.125000	0.200000	0.058824	0.117647	0.066667	0.352941	0.352941	0.062500	0.000000	0.076923	0.352941	1.000000	0.000000	1.000000	0.142857	0.187500	0.133333	0.083333	0.461538	0.117647	0.076923	0.294118	0.200000	0.153846	0.235294	0.176471	0.117647	0.058824	0.307692	1.000000	0.071429	0.705882	0.176471	0.176471	0.125000	0.176471	0.222222	0.250000	0.812500	0.411765	0.400000	1.000000	0.411765	0.235294	0.800000	0.529412	0.250000	1.000000	0.529412	0.687500	0.470588	0.500000	0.588235	0.125000	1.000000	0.375000	0.000000	0.000000	0.250000	0.000000	0.000000	0.352941	0.666667	0.500000	0.666667	0.588235	0.411765	0.705882	0.750000	0.800000	0.411765	0.800000	0.571429	0.769231	0.294118	0.000000	1.000000	0.800000	0.875000	0.875000	0.235294	0.117647	0.352941	0.588235	0.117647	0.700000	0.125000	0.777778	0.235294	0.823529	0.705882	
0.448980	0.076923	0.370370	0.442308	0.410256	0.415094	0.214286	0.460000	0.422222	0.500000	0.452830	0.076923	0.000000	0.461538	0.595238	0.414634	0.547619	0.416667	0.415094	0.442308	0.560000	0.400000	0.444444	0.490196	0.410256	0.372549	0.470588	0.529412	0.370370	0.471698	0.403846	0.490196	0.512195	0.470588	0.557692	0.235294	0.340909	0.419355	0.407407	0.466667	0.275000	0.648649	0.519231	0.543478	0.400000	0.471698	0.452830	0.666667	0.592593	0.488889	0.486486	0.549020	0.490196	0.471698	0.415094	0.611111	0.500000	0.560976	0.521739	0.525000	0.452381	0.566038	0.428571	0.500000	0.444444	0.522727	0.500000	0.534884	0.576923	0.421053	0.574074	0.596154	0.520000	0.333333	0.480769	0.595745	0.431373	0.465116	0.489362	0.500000	0.534884	0.755102	0.547170	0.450980	0.433962	0.578947	0.571429	0.448980	0.404255	0.142857	0.478261	0.511628	0.609756	0.562500	
0.500000	0.352941	0.400000	0.413793	0.535714	0.400000	0.388889	0.464286	0.500000	0.366667	0.413793	0.352941	0.461538	0.000000	0.357143	0.375000	0.500000	0.500000	0.379310	0.357143	0.440000	0.384615	0.466667	0.384615	0.307692	0.428571	0.360000	0.366667	0.600000	0.344828	0.466667	0.360000	0.666667	0.407407	0.433333	0.500000	0.481481	0.370370	0.500000	0.523810	0.470588	0.535714	0.466667	0.555556	0.214286	0.333333	0.413793	0.375000	0.333333	0.235294	0.500000	0.366667	0.448276	0.400000	0.275862	0.566667	0.392857	0.500000	0.391304	0.500000	0.428571	0.448276	0.571429	0.428571	0.440000	0.437500	0.375000	0.562500	0.392857	0.450000	0.433333	0.482759	0.464286	0.566667	0.535714	0.520000	0.384615	0.400000	0.300000	0.357143	0.434783	0.586207	0.551724	0.466667	0.500000	0.714286	0.521739	0.366667	0.521739	0.470588	0.363636	0.400000	0.571429	0.600000	
0.589744	1.000000	0.333333	0.390244	0.586207	0.609756	0.500000	0.500000	0.575758	0.404762	0.634146	1.000000	0.595238	0.357143	0.000000	0.384615	0.380952	0.523810	0.476190	0.595238	0.476190	0.487805	0.380952	0.487805	0.481481	0.585366	0.512195	0.564103	0.500000	0.463415	0.525000	0.560976	0.525000	0.414634	0.600000	0.500000	0.406250	0.350000	0.523810	0.525000	0.540541	0.423077	0.400000	0.500000	0.525000	0.536585	0.682927	0.444444	0.533333	0.428571	0.432432	0.538462	0.500000	0.463415	0.404762	0.452381	0.444444	0.414634	0.833333	0.475000	0.428571	0.487805	0.547619	0.571429	0.533333	0.428571	-nan	0.487805	0.575000	0.428571	0.547619	0.512195	0.500000	0.452381	0.609756	0.459459	0.523810	0.612903	0.476190	0.380952	0.513514	0.473684	0.500000	0.538462	0.439024	0.571429	0.333333	0.378378	0.595238	0.500000	0.350000	0.419355	0.655172	0.555556	
0.421053	0.333333	0.463415	0.384615	0.482759	0.500000	0.500000	0.512821	0.500000	0.512195	0.475000	0.000000	0.414634	0.375000	0.384615	0.000000	0.564103	0.512195	0.634146	0.439024	0.463415	0.575000	0.512195	0.600000	0.481481	0.550000	0.675000	0.368421	0.390244	0.350000	0.410256	0.512821	0.684211	0.375000	0.538462	0.636364	0.483871	0.590909	0.585366	0.538462	0.485714	0.384615	0.538462	0.536585	0.432432	0.425000	0.475000	0.555556	0.470588	0.425000	0.441176	0.589744	0.384615	0.450000	0.487805	0.536585	0.642857	0.447368	0.307692	0.648649	0.435897	0.512195	0.589744	0.358974	0.437500	0.538462	-nan	0.421053	0.512821	0.333333	0.512195	0.425000	0.394737	0.560976	0.461538	0.457143	0.600000	0.500000	0.365854	0.538462	0.432432	0.388889	0.600000	0.538462	0.350000	0.555556	0.500000	0.405405	0.550000	0.500000	0.473684	0.375000	0.689655	0.416667	
0.512821	0.000000	0.428571	0.463415	0.620690	0.487805	0.500000	0.350000	0.454545	0.452381	0.585366	1.000000	0.547619	0.500000	0.380952	0.564103	0.000000	0.428571	0.380952	0.547619	0.523810	0.439024	0.428571	0.414634	0.407407	0.487805	0.341463	0.512821	0.500000	0.634146	0.575000	0.487805	0.450000	0.463415	0.525000	0.545455	0.531250	0.300000	0.476190	0.425000	0.594595	0.384615	0.475000	0.500000	0.500000	0.463415	0.536585	0.444444	0.533333	0.571429	0.513514	0.512821	0.700000	0.463415	0.404762	0.404762	0.370370	0.365854	0.583333	0.425000	0.428571	0.463415	0.452381	0.428571	0.533333	0.523810	-nan	0.463415	0.500000	0.142857	0.547619	0.560976	0.400000	0.547619	0.512195	0.405405	0.571429	0.387097	0.476190	0.523810	0.567568	0.394737	0.500000	0.564103	0.463415	0.714286	0.555556	0.459459	0.547619	0.000000	0.400000	0.516129	0.517241	0.500000	
0.444444	0.285714	0.500000	0.500000	0.514286	0.425532	0.250000	0.260870	0.384615	0.500000	0.382979	0.142857	0.416667	0.500000	0.523810	0.512195	0.428571	0.000000	0.416667	0.479167	0.458333	0.500000	0.416667	0.425532	0.303030	0.425532	0.510638	0.466667	0.416667	0.404255	0.369565	0.488889	0.487805	0.425532	0.456522	0.357143	0.500000	0.384615	0.437500	0.463415	0.473684	0.548387	0.500000	0.454545	0.625000	0.595745	0.446809	0.551724	0.761905	0.604651	0.486486	0.511111	0.644444	0.531915	0.562500	0.354167	0.484848	0.390244	0.388889	0.375000	0.476190	0.489362	0.357143	0.476190	0.476190	0.523810	0.666667	0.463415	0.500000	0.615385	0.604167	0.489362	0.444444	0.437500	0.630435	0.428571	0.478261	0.432432	0.382979	0.523810	0.666667	0.511628	0.531915	0.422222	0.468085	0.615385	0.200000	0.511628	0.545455	0.250000	0.404762	0.432432	0.514286	0.523810	
0.490566	0.125000	0.385965	0.490909	0.395349	0.392857	0.235294	0.388889	0.437500	0.421053	0.375000	0.187500	0.415094	0.379310	0.476190	0.634146	0.380952	0.416667	0.000000	0.446429	0.377358	0.452830	0.385965	0.301887	0.452381	0.400000	0.226415	0.425926	0.421053	0.303571	0.381818	0.307692	0.536585	0.345455	0.563636	0.297297	0.446809	0.147059	0.385965	0.531915	0.550000	0.650000	0.436364	0.533333	0.425000	0.410714	0.464286	0.533333	0.633333	0.568182	0.486486	0.462963	0.666667	0.500000	0.535714	0.456140	0.365854	0.512195	0.538462	0.350000	0.476190	0.472727	0.357143	0.476190	0.533333	0.511628	0.714286	0.500000	0.563636	0.545455	0.578947	0.636364	0.566038	0.456140	0.636364	0.551020	0.433962	0.500000	0.416667	0.523810	0.533333	0.634615	0.607143	0.388889	0.410714	0.545455	0.583333	0.519231	0.440000	0.058824	0.510638	0.391304	0.568182	0.529412	
0.264151	0.133333	0.339286	0.425926	0.348837	0.363636	0.187500	0.388889	0.468085	0.500000	0.327273	0.133333	0.442308	0.357143	0.595238	0.439024	0.547619	0.479167	0.446429	0.000000	0.320755	0.500000	0.553571	0.452830	0.341463	0.472727	0.377358	0.433962	0.446429	0.381818	0.277778	0.431373	0.463415	0.363636	0.425926	0.500000	0.391304	0.205882	0.464286	0.565217	0.550000	0.564103	0.500000	0.386364	0.425000	0.381818	0.454545	0.433333	0.586207	0.488372	0.513514	0.490566	0.584906	0.436364	0.446429	0.500000	0.341463	0.390244	0.384615	0.575000	0.452381	0.462963	0.571429	0.500000	0.517241	0.500000	0.714286	0.414634	0.518519	0.523810	0.589286	0.490909	0.660377	0.607143	0.629630	0.693878	0.490566	0.333333	0.437500	0.642857	0.500000	0.588235	0.654545	0.433962	0.472727	0.523810	0.521739	0.352941	0.591837	0.125000	0.630435	0.377778	0.581395	0.540000	
0.340000	0.166667	0.377358	0.470588	0.400000	0.423077	0.153846	0.450980	0.590909	0.566038	0.423077	0.083333	0.560000	0.440000	0.476190	0.463415	0.523810	0.458333	0.377358	0.320755	0.000000	0.490196	0.452830	0.431373	0.447368	0.519231	0.411765	0.480000	0.490566	0.423077	0.392157	0.354167	0.634146	0.423077	0.529412	0.515152	0.418605	0.258065	0.471698	0.604651	0.550000	0.527778	0.431373	0.545455	0.575000	0.500000	0.442308	0.433333	0.384615	0.697674	0.675676	0.420000	0.560000	0.423077	0.603774	0.415094	0.394737	0.609756	0.304348	0.550000	0.523810	0.372549	0.452381	0.523810	0.653846	0.428571	0.750000	0.487805	0.549020	0.500000	0.641509	0.519231	0.640000	0.603774	0.509804	0.565217	0.620000	0.476190	0.333333	0.523810	0.488372	0.479167	0.500000	0.360000	0.346154	0.500000	0.500000	0.416667	0.562500	0.076923	0.558140	0.357143	0.600000	0.617021	
0.408163	0.428571	0.500000	0.634615	0.461538	0.603774	0.285714	0.560000	0.577778	0.500000	0.574074	0.461538	0.400000	0.384615	0.487805	0.575000	0.439024	0.500000	0.452830	0.500000	0.490196	0.000000	0.518519	0.428571	0.307692	0.470588	0.448980	0.509804	0.407407	0.433962	0.576923	0.428571	0.450000	0.480769	0.500000	0.382353	0.454545	0.451613	0.462963	0.488889	0.307692	0.459459	0.480769	0.511111	0.410256	0.603774	0.528302	0.600000	0.407407	0.500000	0.500000	0.431373	0.490196	0.433962	0.452830	0.500000	0.500000	0.550000	0.521739	0.410256	0.365854	0.423077	0.487805	0.609756	0.444444	0.465116	0.800000	0.476190	0.557692	0.684211	0.555556	0.538462	0.480000	0.481481	0.528302	0.456522	0.400000	0.604651	0.680851	0.536585	0.511111	0.530612	0.566038	0.529412	0.471698	0.684211	0.476190	0.530612	0.600000	0.533333	0.444444	0.418605	0.439024	0.458333	
0.433962	0.117647	0.310345	0.428571	0.395349	0.403509	0.277778	0.370370	0.428571	0.379310	0.385965	0.117647	0.444444	0.466667	0.380952	0.512195	0.428571	0.416667	0.385965	0.553571	0.452830	0.518519	0.000000	0.358491	0.488372	0.436364	0.452830	0.436364	0.344828	0.403509	0.410714	0.396226	0.439024	0.472727	0.589286	0.236842	0.270833	0.257143	0.344828	0.312500	0.325000	0.682927	0.410714	0.565217	0.625000	0.508772	0.526316	0.516129	0.645161	0.555556	0.405405	0.509091	0.654545	0.491228	0.543860	0.568966	0.261905	0.536585	0.370370	0.350000	0.428571	0.410714	0.547619	0.428571	0.451613	0.454545	0.625000	0.534884	0.482143	0.478261	0.655172	0.482143	0.648148	0.482759	0.535714	0.420000	0.555556	0.510638	0.375000	0.285714	0.717391	0.603774	0.649123	0.345455	0.350877	0.391304	0.520000	0.301887	0.490196	0.000000	0.541667	0.361702	0.600000	0.576923	
0.440000	0.076923	0.433962	0.392157	0.365854	0.346154	0.214286	0.288462	0.444444	0.415094	0.403846	0.076923	0.490196	0.384615	0.487805	0.600000	0.414634	0.425532	0.301887	0.452830	0.431373	0.428571	0.358491	0.000000	0.410256	0.346154	0.235294	0.480000	0.433962	0.307692	0.470588	0.408163	0.450000	0.461538	0.470588	0.323529	0.395349	0.250000	0.415094	0.395349	0.538462	0.555556	0.450980	0.441860	0.461538	0.384615	0.423077	0.413793	0.576923	0.476190	0.527778	0.440000	0.600000	0.500000	0.566038	0.603774	0.307692	0.425000	0.541667	0.461538	0.487805	0.431373	0.634146	0.463415	0.370370	0.439024	0.666667	0.450000	0.607843	0.526316	0.660377	0.596154	0.620000	0.490566	0.588235	0.510638	0.580000	0.395349	0.413043	0.439024	0.595238	0.625000	0.596154	0.400000	0.307692	0.631579	0.666667	0.437500	0.608696	0.142857	0.558140	0.279070	0.585366	0.562500	
0.342105	0.294118	0.395349	0.414634	0.361111	0.380952	0.277778	0.275000	0.428571	0.488372	0.357143	0.294118	0.410256	0.307692	0.481481	0.481481	0.407407	0.303030	0.452381	0.341463	0.447368	0.307692	0.488372	0.410256	0.000000	0.475000	0.461538	0.476190	0.581395	0.418605	0.395349	0.538462	0.423077	0.425000	0.488372	0.441176	0.461538	0.387097	0.441860	0.382353	0.413793	0.516129	0.487805	0.580645	0.384615	0.500000	0.380952	0.368421	0.450000	0.433333	0.545455	0.452381	0.500000	0.441860	0.404762	0.511628	0.472222	0.407407	0.370370	0.555556	0.407407	0.476190	0.518519	0.481481	0.407407	0.551724	0.500000	0.500000	0.452381	0.608696	0.534884	0.536585	0.439024	0.534884	0.609756	0.578947	0.410256	0.457143	0.545455	0.518519	0.470588	0.575000	0.642857	0.452381	0.523810	0.565217	0.520000	0.425000	0.722222	0.444444	0.382353	0.300000	0.526316	0.452381	
0.358491	0.133333	0.454545	0.415094	0.428571	0.462963	0.187500	0.377358	0.478261	0.454545	0.425926	0.200000	0.372549	0.428571	0.585366	0.550000	0.487805	0.425532	0.400000	0.472727	0.519231	0.470588	0.436364	0.346154	0.475000	0.000000	0.384615	0.377358	0.400000	0.388889	0.471698	0.440000	0.425000	0.500000	0.452830	0.333333	0.355556	0.411765	0.418182	0.266667	0.512821	0.552632	0.547170	0.511628	0.435897	0.537037	0.518519	0.366667	0.551724	0.571429	0.513514	0.480769	0.538462	0.555556	0.527273	0.618182	0.414634	0.525000	0.576923	0.461538	0.560976	0.471698	0.463415	0.487805	0.392857	0.365854	0.428571	0.500000	0.490566	0.450000	0.563636	0.648148	0.538462	0.545455	0.547170	0.469388	0.538462	0.444444	0.510638	0.414634	0.522727	0.620000	0.574074	0.500000	0.333333	0.619048	0.739130	0.431373	0.479167	0.187500	0.511111	0.500000	0.500000	0.612245	
0.360000	0.153846	0.471698	0.431373	0.400000	0.346154	0.285714	0.411765	0.363636	0.377358	0.442308	0.153846	0.470588	0.360000	0.512195	0.675000	0.341463	0.510638	0.226415	0.377358	0.411765	0.448980	0.452830	0.235294	0.461538	0.384615	0.000000	0.440000	0.452830	0.433962	0.450980	0.367347	0.350000	0.384615	0.470588	0.272727	0.348837	0.258065	0.320755	0.431818	0.641026	0.555556	0.450980	0.488372	0.358974	0.307692	0.384615	0.310345	0.538462	0.452381	0.472222	0.460000	0.680000	0.500000	0.471698	0.509434	0.256410	0.475000	0.583333	0.487179	0.560976	0.470588	0.560976	0.585366	0.370370	0.341463	0.800000	0.400000	0.500000	0.578947	0.566038	0.653846	0.640000	0.528302	0.705882	0.553191	0.500000	0.333333	0.404255	0.463415	0.463415	0.604167	0.480769	0.440000	0.326923	0.578947	0.571429	0.416667	0.478261	0.071429	0.522727	0.452381	0.625000	0.531915	
0.450980	0.176471	0.509091	0.490566	0.463415	0.370370	0.166667	0.470588	0.500000	0.490909	0.370370	0.235294	0.529412	0.366667	0.564103	0.368421	0.512821	0.466667	0.425926	0.433962	0.480000	0.509804	0.436364	0.480000	0.476190	0.377358	0.440000	0.000000	0.381818	0.314815	0.407407	0.440000	0.578947	0.288462	0.500000	0.473684	0.434783	0.514286	0.436364	0.400000	0.500000	0.615385	0.471698	0.534884	0.447368	0.444444	0.500000	0.482759	0.620690	0.476190	0.514286	0.433962	0.547170	0.592593	0.388889	0.581818	0.428571	0.500000	0.370370	0.421053	0.487179	0.452830	0.461538	0.461538	0.466667	0.463415	0.500000	0.425000	0.471698	0.545455	0.545455	0.584906	0.461538	0.618182	0.622642	0.489796	0.509804	0.500000	0.422222	0.512821	0.533333	0.500000	0.592593	0.509434	0.370370	0.608696	0.640000	0.431373	0.520833	0.333333	0.511111	0.363636	0.619048	0.530612	
0.358491	0.176471	0.379310	0.410714	0.441860	0.421053	0.166667	0.462963	0.428571	0.517241	0.491228	0.176471	0.370370	0.600000	0.500000	0.390244	0.500000	0.416667	0.421053	0.446429	0.490566	0.407407	0.344828	0.433962	0.581395	0.400000	0.452830	0.381818	0.000000	0.368421	0.392857	0.358491	0.536585	0.327273	0.571429	0.315789	0.333333	0.314286	0.275862	0.500000	0.375000	0.536585	0.446429	0.391304	0.600000	0.473684	0.508772	0.774194	0.612903	0.422222	0.513514	0.418182	0.581818	0.456140	0.543860	0.534483	0.357143	0.414634	0.518519	0.400000	0.357143	0.482143	0.476190	0.547619	0.387097	0.386364	0.625000	0.279070	0.607143	0.608696	0.586207	0.571429	0.462963	0.482759	0.660714	0.460000	0.462963	0.553191	0.541667	0.452381	0.673913	0.603774	0.666667	0.472727	0.333333	0.434783	0.600000	0.415094	0.470588	0.111111	0.666667	0.404255	0.733333	0.538462	
0.365385	0.117647	0.491228	0.436364	0.333333	0.375000	0.277778	0.301887	0.479167	0.438596	0.285714	0.117647	0.471698	0.344828	0.463415	0.350000	0.634146	0.404255	0.303571	0.381818	0.423077	0.433962	0.403509	0.307692	0.418605	0.388889	0.433962	0.314815	0.368421	0.000000	0.400000	0.452830	0.550000	0.351852	0.545455	0.324324	0.510638	0.294118	0.473684	0.489362	0.538462	0.550000	0.581818	0.511111	0.487179	0.464286	0.428571	0.566667	0.600000	0.500000	0.416667	0.555556	0.574074	0.482143	0.535714	0.526316	0.380952	0.350000	0.444444	0.358974	0.512195	0.418182	0.463415	0.536585	0.419355	0.465116	0.500000	0.428571	0.553571	0.478261	0.631579	0.563636	0.490566	0.438596	0.654545	0.540000	0.490566	0.413043	0.404255	0.560976	0.600000	0.596154	0.714286	0.388889	0.375000	0.565217	0.680000	0.423077	0.620000	0.166667	0.595745	0.260870	0.636364	0.431373	
0.372549	0.235294	0.339286	0.444444	0.325581	0.418182	0.166667	0.403846	0.408163	0.375000	0.381818	0.058824	0.403846	0.466667	0.525000	0.410256	0.575000	0.369565	0.381818	0.277778	0.392157	0.576923	0.410714	0.470588	0.395349	0.471698	0.450980	0.407407	0.392857	0.400000	0.000000	0.392157	0.615385	0.320755	0.555556	0.421053	0.369565	0.171429	0.410714	0.500000	0.657895	0.700000	0.462963	0.477273	0.384615	0.472727	0.381818	0.655172	0.586207	0.465116	0.485714	0.509091	0.528302	0.472727	0.418182	0.517857	0.476190	0.435897	0.333333	0.400000	0.400000	0.444444	0.425000	0.400000	0.483871	0.619048	0.625000	0.439024	0.462963	0.521739	0.660714	0.462963	0.537037	0.482143	0.666667	0.625000	0.596154	0.466667	0.434783	0.525000	0.477273	0.607843	0.563636	0.418182	0.363636	0.347826	0.520000	0.372549	0.530612	0.166667	0.521739	0.422222	0.627907	0.540000	
0.354167	0.076923	0.377358	0.500000	0.315789	0.423077	0.357143	0.530612	0.500000	0.452830	0.461538	0.307692	0.490196	0.360000	0.560976	0.512821	0.487805	0.488889	0.307692	0.431373	0.354167	0.428571	0.396226	0.408163	0.538462	0.440000	0.367347	0.440000	0.358491	0.452830	0.392157	0.000000	0.500000	0.280000	0.568627	0.454545	0.395349	0.266667	0.301887	0.555556	0.538462	0.638889	0.333333	0.500000	0.435897	0.423077	0.461538	0.481481	0.500000	0.522727	0.500000	0.320000	0.620000	0.461538	0.576923	0.547170	0.368421	0.600000	0.434783	0.461538	0.512195	0.403846	0.463415	0.390244	0.592593	0.395349	0.750000	0.380952	0.576923	0.526316	0.452830	0.490196	0.530612	0.566038	0.509804	0.468085	0.549020	0.476190	0.477273	0.414634	0.357143	0.479167	0.653846	0.420000	0.307692	0.526316	0.666667	0.500000	0.521739	0.071429	0.590909	0.357143	0.500000	0.468085	
0.342105	0.500000	0.560976	0.500000	0.413793	0.439024	0.666667	0.461538	0.312500	0.463415	0.600000	1.000000	0.512195	0.666667	0.525000	0.684211	0.450000	0.487805	0.536585	0.463415	0.634146	0.450000	0.439024	0.450000	0.423077	0.425000	0.350000	0.578947	0.536585	0.550000	0.615385	0.500000	0.000000	0.575000	0.435897	0.454545	0.387097	0.550000	0.341463	0.384615	0.567568	0.461538	0.600000	0.439024	0.500000	0.550000	0.525000	0.259259	0.687500	0.536585	0.444444	0.447368	0.564103	0.550000	0.585366	0.560976	0.321429	0.461538	0.692308	0.500000	0.575000	0.600000	0.525000	0.575000	0.437500	0.450000	-nan	0.512821	0.461538	0.625000	0.512195	0.450000	0.605263	0.487805	0.589744	0.514286	0.425000	0.375000	0.512195	0.425000	0.457143	0.583333	0.650000	0.552632	0.585366	0.625000	0.600000	0.555556	0.600000	0.333333	0.421053	0.483871	0.517241	0.485714	
0.423077	0.133333	0.454545	0.415094	0.404762	0.333333	0.000000	0.415094	0.565217	0.509091	0.400000	0.071429	0.470588	0.407407	0.414634	0.375000	0.463415	0.425532	0.345455	0.363636	0.423077	0.480769	0.472727	0.461538	0.425000	0.500000	0.384615	0.288462	0.327273	0.351852	0.320755	0.280000	0.575000	0.000000	0.622642	0.485714	0.400000	0.272727	0.436364	0.555556	0.487179	0.631579	0.415094	0.534884	0.461538	0.407407	0.500000	0.551724	0.678571	0.523810	0.388889	0.442308	0.673077	0.574074	0.563636	0.381818	0.400000	0.425000	0.560000	0.487179	0.536585	0.452830	0.512195	0.439024	0.464286	0.463415	0.571429	0.400000	0.509434	0.600000	0.527273	0.648148	0.519231	0.563636	0.685185	0.520833	0.557692	0.409091	0.404255	0.512195	0.488372	0.580000	0.703704	0.538462	0.462963	0.600000	0.636364	0.440000	0.541667	0.250000	0.577778	0.363636	0.690476	0.510204	
0.490196	0.705882	0.625000	0.518519	0.571429	0.490909	0.555556	0.538462	0.416667	0.482143	0.563636	0.705882	0.557692	0.433333	0.600000	0.538462	0.525000	0.456522	0.563636	0.425926	0.529412	0.500000	0.589286	0.470588	0.488372	0.452830	0.470588	0.500000	0.571429	0.545455	0.555556	0.568627	0.435897	0.622642	0.000000	0.578947	0.625000	0.542857	0.535714	0.500000	0.475000	0.384615	0.555556	0.454545	0.500000	0.381818	0.490909	0.300000	0.466667	0.627907	0.542857	0.433962	0.444444	0.527273	0.472727	0.392857	0.595238	0.435897	0.629630	0.578947	0.575000	0.592593	0.550000	0.525000	0.516129	0.476190	0.500000	0.463415	0.500000	0.478261	0.482143	0.351852	0.461538	0.517857	0.425926	0.460000	0.442308	0.456522	0.478261	0.600000	0.466667	0.372549	0.345455	0.641509	0.490909	0.739130	0.360000	0.647059	0.469388	0.666667	0.413043	0.565217	0.409091	0.520000	
0.371429	0.176471	0.421053	0.432432	0.382353	0.405405	0.333333	0.388889	0.368421	0.342105	0.351351	0.176471	0.235294	0.500000	0.500000	0.636364	0.545455	0.357143	0.297297	0.500000	0.515152	0.382353	0.236842	0.323529	0.441176	0.333333	0.272727	0.473684	0.315789	0.324324	0.421053	0.454545	0.454545	0.485714	0.578947	0.000000	0.250000	0.382353	0.315789	0.344828	0.333333	0.696970	0.486486	0.538462	0.500000	0.473684	0.342105	0.650000	0.608696	0.480000	0.250000	0.594595	0.675676	0.684211	0.567568	0.605263	0.264706	0.545455	0.481481	0.363636	0.590909	0.297297	0.409091	0.681818	0.344828	0.416667	0.625000	0.521739	0.583333	0.636364	0.552632	0.611111	0.611111	0.342105	0.583333	0.470588	0.382353	0.514286	0.357143	0.454545	0.733333	0.722222	0.621622	0.270270	0.297297	0.318182	0.500000	0.216216	0.612903	0.111111	0.586207	0.514286	0.540541	0.473684	
0.431818	0.176471	0.270833	0.489362	0.416667	0.404255	0.222222	0.422222	0.418605	0.458333	0.446809	0.176471	0.340909	0.481481	0.406250	0.483871	0.531250	0.500000	0.446809	0.391304	0.418605	0.454545	0.270833	0.395349	0.461538	0.355556	0.348837	0.434783	0.333333	0.510638	0.369565	0.395349	0.387097	0.400000	0.625000	0.250000	0.000000	0.343750	0.354167	0.289474	0.352941	0.647059	0.404255	0.305556	0.387097	0.425532	0.425532	0.541667	0.600000	0.457143	0.392857	0.511111	0.586957	0.489362	0.553191	0.666667	0.277778	0.580645	0.444444	0.600000	0.406250	0.478261	0.781250	0.593750	0.482759	0.382353	0.625000	0.393939	0.565217	0.608696	0.604167	0.543478	0.704545	0.583333	0.630435	0.418605	0.522727	0.487179	0.421053	0.343750	0.621622	0.636364	0.638298	0.266667	0.319149	0.391304	0.520000	0.204545	0.634146	0.055556	0.447368	0.475000	0.600000	0.511628	
0.375000	0.187500	0.171429	0.303030	0.281250	0.382353	0.235294	0.242424	0.457143	0.314286	0.411765	0.125000	0.419355	0.370370	0.350000	0.590909	0.300000	0.384615	0.147059	0.205882	0.258065	0.451613	0.257143	0.250000	0.387097	0.411765	0.258065	0.514286	0.314286	0.294118	0.171429	0.266667	0.550000	0.272727	0.542857	0.382353	0.343750	0.000000	0.285714	0.615385	0.590909	0.633333	0.382353	0.478261	0.368421	0.371429	0.514286	0.578947	0.636364	0.545455	0.647059	0.428571	0.705882	0.457143	0.485714	0.400000	0.212121	0.450000	0.500000	0.350000	0.350000	0.411765	0.450000	0.350000	0.555556	0.476190	0.625000	0.400000	0.666667	0.476190	0.742857	0.529412	0.647059	0.600000	0.696970	0.625000	0.656250	0.437500	0.461538	0.450000	0.535714	0.687500	0.735294	0.400000	0.294118	0.476190	0.545455	0.333333	0.571429	0.058824	0.615385	0.323529	0.588235	0.628571	
0.377358	0.294118	0.379310	0.357143	0.418605	0.350877	0.333333	0.407407	0.306122	0.448276	0.473684	0.176471	0.407407	0.500000	0.523810	0.585366	0.476190	0.437500	0.385965	0.464286	0.471698	0.462963	0.344828	0.415094	0.441860	0.418182	0.320755	0.436364	0.275862	0.473684	0.410714	0.301887	0.341463	0.436364	0.535714	0.315789	0.354167	0.285714	0.000000	0.458333	0.500000	0.682927	0.410714	0.608696	0.500000	0.508772	0.473684	0.451613	0.612903	0.400000	0.540541	0.436364	0.618182	0.526316	0.491228	0.534483	0.285714	0.585366	0.555556	0.500000	0.428571	0.428571	0.500000	0.476190	0.548387	0.250000	0.625000	0.372093	0.571429	0.521739	0.517241	0.428571	0.518519	0.482759	0.625000	0.540000	0.500000	0.446809	0.520833	0.285714	0.500000	0.584906	0.578947	0.418182	0.333333	0.347826	0.480000	0.471698	0.568627	0.166667	0.625000	0.446809	0.600000	0.596154	
0.372093	0.222222	0.562500	0.468085	0.470588	0.404255	0.100000	0.386364	0.333333	0.458333	0.382979	0.222222	0.466667	0.523810	0.525000	0.538462	0.425000	0.463415	0.531915	0.565217	0.604651	0.488889	0.312500	0.395349	0.382353	0.266667	0.431818	0.400000	0.500000	0.489362	0.500000	0.555556	0.384615	0.555556	0.500000	0.344828	0.289474	0.615385	0.458333	0.000000	0.388889	0.562500	0.630435	0.511628	0.605263	0.510638	0.404255	0.310345	0.565217	0.488372	0.400000	0.555556	0.521739	0.468085	0.468085	0.583333	0.424242	0.358974	0.388889	0.447368	0.500000	0.531915	0.525000	0.475000	0.285714	0.428571	0.750000	0.585366	0.413043	0.500000	0.541667	0.586957	0.477273	0.500000	0.500000	0.525000	0.511111	0.351351	0.380952	0.400000	0.550000	0.558140	0.468085	0.511111	0.425532	0.285714	0.470588	0.340909	0.488889	0.300000	0.454545	0.552632	0.555556	0.534884	
0.567568	0.250000	0.475000	0.512821	0.464286	0.425000	0.000000	0.526316	0.617647	0.550000	0.435897	0.250000	0.275000	0.470588	0.540541	0.485714	0.594595	0.473684	0.550000	0.550000	0.550000	0.307692	0.325000	0.538462	0.413793	0.512821	0.641026	0.500000	0.375000	0.538462	0.657895	0.538462	0.567568	0.487179	0.475000	0.333333	0.352941	0.590909	0.500000	0.388889	0.000000	0.583333	0.410256	0.552632	0.571429	0.564103	0.564103	0.625000	0.666667	0.473684	0.454545	0.378378	0.564103	0.461538	0.575000	0.525000	0.500000	0.500000	0.466667	0.542857	0.432432	0.564103	0.567568	0.567568	0.444444	0.432432	-nan	0.500000	0.552632	0.600000	0.500000	0.512821	0.486486	0.450000	0.368421	0.500000	0.384615	0.548387	0.578947	0.432432	0.685714	0.600000	0.538462	0.459459	0.575000	0.700000	0.416667	0.428571	0.447368	0.400000	0.485714	0.484848	0.516129	0.529412	
0.578947	0.750000	0.658537	0.525000	0.600000	0.560976	0.705882	0.578947	0.583333	0.560976	0.750000	0.812500	0.648649	0.535714	0.423077	0.384615	0.384615	0.548387	0.650000	0.564103	0.527778	0.459459	0.682927	0.555556	0.516129	0.552632	0.555556	0.615385	0.536585	0.550000	0.700000	0.638889	0.461538	0.631579	0.384615	0.696970	0.647059	0.633333	0.682927	0.562500	0.583333	0.000000	0.560976	0.448276	0.538462	0.463415	0.585366	0.520000	0.464286	0.535714	0.480000	0.358974	0.333333	0.317073	0.600000	0.487805	0.558824	0.423077	0.560000	0.560000	0.653846	0.625000	0.615385	0.500000	0.448276	0.607143	0.500000	0.592593	0.410256	0.380952	0.463415	0.615385	0.410256	0.463415	0.525000	0.382353	0.394737	0.567568	0.580645	0.538462	0.454545	0.275000	0.390244	0.589744	0.609756	0.666667	0.478261	0.550000	0.571429	0.705882	0.393939	0.638889	0.388889	0.375000	
0.627451	0.352941	0.339286	0.407407	0.439024	0.482143	0.388889	0.480769	0.541667	0.482143	0.490909	0.411765	0.519231	0.466667	0.400000	0.538462	0.475000	0.500000	0.436364	0.500000	0.431373	0.480769	0.410714	0.450980	0.487805	0.547170	0.450980	0.471698	0.446429	0.581818	0.462963	0.333333	0.600000	0.415094	0.555556	0.486486	0.404255	0.382353	0.410714	0.630435	0.410256	0.560976	0.000000	0.500000	0.447368	0.400000	0.581818	0.500000	0.419355	0.441860	0.611111	0.339623	0.490566	0.436364	0.527273	0.517857	0.404762	0.666667	0.518519	0.552632	0.375000	0.444444	0.675000	0.525000	0.548387	0.500000	0.500000	0.439024	0.592593	0.565217	0.446429	0.500000	0.557692	0.464286	0.574074	0.458333	0.615385	0.630435	0.630435	0.400000	0.568182	0.529412	0.527273	0.396226	0.375000	0.565217	0.560000	0.431373	0.469388	0.333333	0.652174	0.434783	0.511111	0.520000	
0.487805	0.400000	0.434783	0.636364	0.580645	0.511111	0.333333	0.500000	0.405405	0.478261	0.511111	0.400000	0.543478	0.555556	0.500000	0.536585	0.500000	0.454545	0.533333	0.386364	0.545455	0.511111	0.565217	0.441860	0.580645	0.511628	0.488372	0.534884	0.391304	0.511111	0.477273	0.500000	0.439024	0.534884	0.454545	0.538462	0.305556	0.478261	0.608696	0.511628	0.552632	0.448276	0.500000	0.000000	0.550000	0.377778	0.444444	0.620690	0.473684	0.422222	0.540541	0.534884	0.477273	0.400000	0.533333	0.586957	0.400000	0.390244	0.466667	0.525000	0.452381	0.622222	0.571429	0.500000	0.421053	0.522727	0.000000	0.488372	0.636364	0.545455	0.565217	0.500000	0.571429	0.543478	0.590909	0.384615	0.477273	0.571429	0.500000	0.595238	0.625000	0.487805	0.555556	0.418605	0.422222	0.454545	0.461538	0.439024	0.466667	0.166667	0.441860	0.542857	0.636364	0.475000	
0.605263	1.000000	0.450000	0.525000	0.448276	0.461538	1.000000	0.564103	0.500000	0.300000	0.615385	1.000000	0.400000	0.214286	0.525000	0.432432	0.500000	0.625000	0.425000	0.425000	0.575000	0.410256	0.625000	0.461538	0.384615	0.435897	0.358974	0.447368	0.600000	0.487179	0.384615	0.435897	0.500000	0.461538	0.500000	0.500000	0.387097	0.368421	0.500000	0.605263	0.571429	0.538462	0.447368	0.550000	0.000000	0.435897	0.435897	0.461538	0.357143	0.425000	0.611111	0.473684	0.394737	0.487179	0.350000	0.625000	0.615385	0.615385	0.666667	0.487179	0.400000	0.564103	0.625000	0.450000	0.400000	0.500000	-nan	0.410256	0.526316	0.714286	0.575000	0.461538	0.564103	0.625000	0.538462	0.571429	0.475000	0.500000	0.600000	0.450000	0.200000	0.513514	0.525000	0.526316	0.435897	0.857143	0.555556	0.500000	0.550000	1.000000	0.368421	0.482759	0.444444	0.411765	
0.461538	0.294118	0.421053	0.400000	0.428571	0.446429	0.333333	0.433962	0.416667	0.491228	0.446429	0.411765	0.471698	0.333333	0.536585	0.425000	0.463415	0.595745	0.410714	0.381818	0.500000	0.603774	0.508772	0.384615	0.500000	0.537037	0.307692	0.444444	0.473684	0.464286	0.472727	0.423077	0.550000	0.407407	0.381818	0.473684	0.425532	0.371429	0.508772	0.510638	0.564103	0.463415	0.400000	0.377778	0.435897	0.000000	0.428571	0.483871	0.483871	0.431818	0.540541	0.444444	0.555556	0.428571	0.482143	0.508772	0.341463	0.525000	0.481481	0.743590	0.560976	0.472727	0.658537	0.439024	0.516129	0.558140	0.625000	0.476190	0.581818	0.391304	0.491228	0.581818	0.547170	0.543860	0.563636	0.571429	0.566038	0.446809	0.425532	0.609756	0.466667	0.519231	0.517857	0.444444	0.392857	0.636364	0.560000	0.423077	0.460000	0.277778	0.595745	0.456522	0.644444	0.490196	
0.423077	0.352941	0.508772	0.563636	0.333333	0.339286	0.388889	0.433962	0.416667	0.456140	0.392857	0.235294	0.452830	0.413793	0.682927	0.475000	0.536585	0.446809	0.464286	0.454545	0.442308	0.528302	0.526316	0.423077	0.380952	0.518519	0.384615	0.500000	0.508772	0.428571	0.381818	0.461538	0.525000	0.500000	0.490909	0.342105	0.425532	0.514286	0.473684	0.404255	0.564103	0.585366	0.581818	0.444444	0.435897	0.428571	0.000000	0.500000	0.290323	0.386364	0.472222	0.462963	0.555556	0.464286	0.482143	0.508772	0.536585	0.375000	0.222222	0.538462	0.512195	0.418182	0.487805	0.512195	0.322581	0.604651	0.500000	0.523810	0.472727	0.565217	0.456140	0.472727	0.415094	0.491228	0.490909	0.591837	0.452830	0.347826	0.361702	0.609756	0.511111	0.576923	0.500000	0.370370	0.410714	0.347826	0.625000	0.384615	0.620000	0.277778	0.425532	0.521739	0.555556	0.372549	
