0.000000	0.215929	0.245780	0.251371	0.256815	0.247558	0.215593	0.251157	0.253034	0.253733	0.248405	0.231905	0.257094	0.248713	0.250320	0.252998	0.252870	0.250124	0.253759	0.252207	0.250856	0.254703	0.249026	0.248403	0.251430	0.253524	0.243268	0.249913	0.248695	0.251461	0.255567	0.253044	0.250977	0.245468	0.260520	0.252291	0.242003	0.247750	0.249003	0.248657	0.246683	0.269812	0.257883	0.249362	0.260729	0.245520	0.252694	0.277328	0.270721	0.253983	0.256953	0.265683	0.264130	0.260277	0.254259	0.258978	0.252709	0.261735	0.253974	0.252661	0.252760	0.252822	0.260005	0.256229	0.256597	0.256232	0.365248	0.258434	0.251898	0.253521	0.256628	0.253769	0.260424	0.262136	0.270479	0.270712	0.260705	0.242857	0.250858	0.254872	0.260386	0.268278	0.257817	0.254619	0.243940	0.243956	0.264588	0.261878	0.267051	0.214505	0.263171	0.243527	0.258991	0.252864	
0.215929	0.000000	0.207132	0.208097	0.189956	0.196777	0.160870	0.225564	0.220513	0.229930	0.226006	0.150115	0.231538	0.195455	0.244037	0.245204	0.263060	0.240035	0.212145	0.234935	0.226636	0.244836	0.214418	0.243103	0.217391	0.213740	0.232323	0.223674	0.231314	0.202650	0.228479	0.221705	0.233198	0.218347	0.283883	0.213483	0.220697	0.206508	0.243201	0.211685	0.260692	0.343101	0.268589	0.288430	0.244529	0.255463	0.272586	0.312500	0.323722	0.287402	0.295082	0.316570	0.322271	0.247981	0.275676	0.326878	0.203390	0.299076	0.248000	0.266245	0.276182	0.229647	0.258182	0.262108	0.243781	0.268246	0.396226	0.299153	0.277165	0.249567	0.284711	0.280848	0.315172	0.288213	0.305317	0.320351	0.316364	0.219095	0.230530	0.293658	0.324878	0.314678	0.309413	0.229808	0.218905	0.229885	0.254083	0.238387	0.302589	0.161616	0.295723	0.225668	0.277840	0.269153	
0.245780	0.207132	0.000000	0.249949	0.247961	0.238610	0.229865	0.247770	0.245437	0.248064	0.247000	0.235737	0.246243	0.258859	0.253079	0.250639	0.248288	0.251251	0.243599	0.248768	0.242047	0.246838	0.247918	0.247238	0.251370	0.247868	0.241264	0.247663	0.241539	0.252152	0.256993	0.244998	0.248814	0.242410	0.257284	0.240371	0.242274	0.239707	0.248131	0.248271	0.244536	0.270270	0.251830	0.247344	0.246171	0.246015	0.246778	0.258524	0.268038	0.251872	0.258939	0.261686	0.258865	0.255321	0.250479	0.258255	0.249456	0.253032	0.250350	0.252282	0.249952	0.248620	0.252725	0.248250	0.257225	0.248767	0.340625	0.254389	0.245640	0.255552	0.261523	0.251913	0.257166	0.254277	0.259225	0.261228	0.258585	0.248315	0.244325	0.253180	0.260884	0.260153	0.249973	0.254440	0.247594	0.247475	0.261569	0.248252	0.261821	0.231771	0.244662	0.248110	0.254100	0.250235	
0.251371	0.208097	0.249949	0.000000	0.259259	0.254681	0.240000	0.257286	0.257194	0.260838	0.261580	0.218352	0.258290	0.267226	0.261644	0.258986	0.268303	0.263135	0.258491	0.260724	0.265048	0.263387	0.254743	0.253688	0.264585	0.259685	0.255315	0.259305	0.262971	0.259582	0.265376	0.260267	0.265679	0.256600	0.264547	0.250268	0.261675	0.262378	0.259325	0.256881	0.256012	0.278255	0.264919	0.259690	0.266093	0.258091	0.258970	0.276609	0.276760	0.262864	0.273318	0.274565	0.259790	0.264195	0.266783	0.268485	0.263219	0.265135	0.254167	0.268501	0.269203	0.261109	0.270992	0.263741	0.263374	0.264337	0.339869	0.261482	0.263712	0.260409	0.271359	0.264816	0.270223	0.264428	0.264761	0.271330	0.271790	0.253498	0.256769	0.263882	0.276383	0.275244	0.271889	0.267096	0.257477	0.252309	0.259750	0.264987	0.271470	0.248087	0.268893	0.253731	0.266897	0.263173	
0.256815	0.189956	0.247961	0.259259	0.000000	0.246269	0.206867	0.252531	0.244096	0.251713	0.250485	0.214815	0.248110	0.255960	0.258036	0.255494	0.251666	0.254487	0.258395	0.255239	0.245520	0.255617	0.253194	0.248743	0.258204	0.258019	0.246986	0.249762	0.253362	0.242722	0.263993	0.251948	0.257441	0.242267	0.262957	0.254276	0.252798	0.244238	0.262242	0.259640	0.255762	0.281834	0.259861	0.265738	0.265998	0.254352	0.259265	0.270921	0.285464	0.260009	0.266771	0.272045	0.271093	0.255743	0.265966	0.272523	0.247201	0.270341	0.246448	0.256776	0.265852	0.250712	0.268787	0.259015	0.267890	0.258011	0.386100	0.268136	0.264787	0.259201	0.265999	0.265659	0.265161	0.265448	0.275703	0.267414	0.273997	0.249827	0.249093	0.273092	0.268612	0.277643	0.275856	0.258581	0.247881	0.259023	0.259259	0.255311	0.269034	0.223915	0.258572	0.240764	0.262692	0.260694	
0.247558	0.196777	0.238610	0.254681	0.246269	0.000000	0.219054	0.251266	0.254386	0.253388	0.250884	0.234680	0.249678	0.251441	0.256074	0.252433	0.252771	0.245803	0.250027	0.252928	0.243096	0.250295	0.242849	0.243995	0.249581	0.256101	0.249135	0.246783	0.256860	0.248904	0.257733	0.250271	0.245582	0.242590	0.259033	0.248864	0.248724	0.248041	0.250826	0.250706	0.255709	0.264340	0.254347	0.252992	0.250146	0.243660	0.252715	0.269441	0.270313	0.255917	0.260687	0.266212	0.265240	0.261519	0.260378	0.257717	0.254601	0.263519	0.265159	0.259154	0.260688	0.251404	0.254324	0.259272	0.257995	0.255892	0.340909	0.257322	0.255343	0.260007	0.255032	0.252522	0.256491	0.261649	0.270631	0.268558	0.258211	0.251690	0.249463	0.259787	0.263225	0.264374	0.258987	0.262488	0.248969	0.257637	0.261742	0.252410	0.264358	0.236782	0.261211	0.243758	0.259523	0.249660	
0.215593	0.160870	0.229865	0.240000	0.206867	0.219054	0.000000	0.220863	0.233959	0.242996	0.248496	0.172414	0.228081	0.216774	0.263158	0.233933	0.259687	0.246575	0.238630	0.233828	0.237582	0.240447	0.235209	0.219961	0.239323	0.238348	0.236874	0.244165	0.234108	0.244019	0.253308	0.258929	0.259513	0.233038	0.271438	0.214859	0.231082	0.251059	0.255814	0.249352	0.240334	0.323944	0.262603	0.275927	0.260380	0.247375	0.268234	0.320346	0.319403	0.267998	0.302435	0.290816	0.296570	0.262172	0.289820	0.293627	0.241480	0.284641	0.265332	0.259184	0.268707	0.251346	0.255020	0.264543	0.238485	0.266805	0.426136	0.272210	0.292447	0.297842	0.265392	0.276896	0.296885	0.294395	0.287619	0.305072	0.285326	0.247040	0.242788	0.267314	0.288706	0.297686	0.319464	0.249837	0.239327	0.265233	0.276099	0.259945	0.302269	0.208178	0.266804	0.246244	0.289855	0.266565	
0.251157	0.225564	0.247770	0.257286	0.252531	0.251266	0.220863	0.000000	0.249923	0.255763	0.251399	0.236092	0.253725	0.258501	0.258847	0.240359	0.257411	0.258176	0.259346	0.258994	0.257951	0.258030	0.255299	0.251064	0.258246	0.259508	0.253815	0.255696	0.252034	0.260329	0.260739	0.254481	0.251337	0.258366	0.257806	0.252936	0.248615	0.250827	0.257296	0.254849	0.258611	0.275886	0.266037	0.256992	0.257650	0.253719	0.258307	0.271429	0.281419	0.262062	0.258498	0.274528	0.261440	0.267498	0.264173	0.260817	0.258065	0.262355	0.247911	0.261317	0.259170	0.251742	0.260080	0.263216	0.254320	0.257719	0.358306	0.257089	0.260573	0.259396	0.260549	0.263757	0.264223	0.269755	0.265242	0.274635	0.264232	0.246290	0.250586	0.262095	0.266074	0.278867	0.268252	0.263488	0.252331	0.261046	0.264542	0.252756	0.261746	0.233523	0.259914	0.254272	0.266281	0.248792	
0.253034	0.220513	0.245437	0.257194	0.244096	0.254386	0.233959	0.249923	0.000000	0.250251	0.256597	0.235097	0.251836	0.260886	0.256507	0.253052	0.258360	0.254332	0.256614	0.253056	0.247155	0.254089	0.252884	0.245653	0.252120	0.255068	0.246010	0.255590	0.249890	0.247912	0.256426	0.262314	0.257625	0.252109	0.258118	0.256367	0.258540	0.241611	0.258986	0.257220	0.250585	0.276054	0.260597	0.257787	0.258671	0.246716	0.253165	0.271316	0.274472	0.256664	0.270275	0.273623	0.256436	0.271546	0.257825	0.266355	0.262341	0.255628	0.255008	0.256659	0.264310	0.253811	0.259071	0.259398	0.264899	0.259698	0.397059	0.260232	0.258300	0.238010	0.257506	0.253920	0.262001	0.258982	0.263142	0.269257	0.257897	0.250360	0.255218	0.258197	0.266292	0.271917	0.273023	0.262463	0.249301	0.240343	0.256708	0.254185	0.261915	0.234585	0.258548	0.253741	0.265744	0.256606	
0.253733	0.229930	0.248064	0.260838	0.251713	0.253388	0.242996	0.255763	0.250251	0.000000	0.246600	0.250970	0.258404	0.240658	0.259373	0.251943	0.253311	0.256372	0.253645	0.251132	0.253043	0.255054	0.255482	0.250253	0.258299	0.248645	0.245048	0.251784	0.257707	0.249799	0.251924	0.254183	0.251049	0.241322	0.261150	0.264829	0.248241	0.262278	0.253029	0.250588	0.260960	0.270451	0.256157	0.250747	0.253063	0.252914	0.255413	0.270453	0.268424	0.257829	0.263781	0.262160	0.259734	0.262702	0.253461	0.260205	0.267937	0.260060	0.265643	0.252293	0.257131	0.252621	0.257607	0.254349	0.250648	0.256636	0.310769	0.260893	0.251324	0.256859	0.251674	0.253463	0.258940	0.261233	0.266809	0.266185	0.258337	0.247568	0.250762	0.259550	0.258546	0.268054	0.261152	0.257242	0.253308	0.265973	0.256392	0.254479	0.261798	0.247456	0.253117	0.256813	0.255751	0.255176	
0.248405	0.226006	0.247000	0.261580	0.250485	0.250884	0.248496	0.251399	0.256597	0.246600	0.000000	0.228407	0.258632	0.257254	0.252963	0.252238	0.256313	0.251666	0.258761	0.252843	0.250464	0.253762	0.252559	0.248686	0.251610	0.254217	0.250370	0.256170	0.256911	0.254929	0.258566	0.259285	0.254759	0.248878	0.259382	0.249948	0.256510	0.251940	0.250301	0.258054	0.252924	0.268588	0.258446	0.253246	0.252629	0.254026	0.251854	0.271270	0.267013	0.263622	0.270665	0.266252	0.259965	0.260265	0.258368	0.265959	0.258282	0.263844	0.245087	0.256749	0.257597	0.257804	0.254272	0.260970	0.256013	0.256389	0.334375	0.256229	0.252889	0.255088	0.261529	0.263374	0.256220	0.261176	0.266631	0.266683	0.268309	0.255239	0.249829	0.257149	0.265508	0.276069	0.267601	0.250973	0.247570	0.251301	0.265426	0.251535	0.263725	0.228117	0.258221	0.260259	0.264214	0.254298	
0.231905	0.150115	0.235737	0.218352	0.214815	0.234680	0.172414	0.236092	0.235097	0.250970	0.228407	0.000000	0.235777	0.228117	0.284242	0.255435	0.266667	0.250000	0.237224	0.228391	0.220804	0.251104	0.236842	0.224735	0.224184	0.231784	0.256082	0.230720	0.239316	0.242812	0.237710	0.231310	0.249796	0.239225	0.290299	0.203644	0.222222	0.234043	0.249365	0.256519	0.244076	0.328671	0.279172	0.276184	0.268111	0.252658	0.267532	0.317784	0.324619	0.263158	0.307627	0.310801	0.303052	0.278567	0.290794	0.298917	0.234110	0.262689	0.250335	0.275243	0.284050	0.243655	0.260589	0.281320	0.245595	0.281041	0.431138	0.275994	0.281410	0.273109	0.278827	0.272556	0.308430	0.292346	0.314944	0.289889	0.323767	0.242982	0.230128	0.268855	0.296296	0.329834	0.290030	0.248794	0.226272	0.224172	0.258209	0.233115	0.326720	0.173489	0.272036	0.249773	0.272638	0.258176	
0.257094	0.231538	0.246243	0.258290	0.248110	0.249678	0.228081	0.253725	0.251836	0.258404	0.258632	0.235777	0.000000	0.259634	0.265256	0.257362	0.256269	0.259937	0.256573	0.250261	0.254183	0.259312	0.249395	0.249160	0.258285	0.253536	0.250024	0.252772	0.255969	0.256755	0.263570	0.255272	0.257034	0.249032	0.267447	0.254354	0.250038	0.251539	0.259025	0.259648	0.254507	0.265688	0.256457	0.256855	0.255807	0.255717	0.255995	0.278229	0.269363	0.263353	0.263637	0.269625	0.262211	0.267539	0.255254	0.272604	0.261645	0.266819	0.255879	0.254252	0.259907	0.258012	0.261694	0.256709	0.263830	0.257086	0.348243	0.258266	0.257087	0.262752	0.263967	0.265190	0.265607	0.261269	0.271113	0.272437	0.265299	0.249859	0.256393	0.259522	0.267383	0.272705	0.267531	0.259571	0.251501	0.264063	0.254374	0.263575	0.266928	0.251175	0.264043	0.257430	0.270623	0.259927	
0.248713	0.195455	0.258859	0.267226	0.255960	0.251441	0.216774	0.258501	0.260886	0.240658	0.257254	0.228117	0.259634	0.000000	0.278373	0.263597	0.273018	0.256257	0.260454	0.263646	0.257229	0.261509	0.258730	0.259088	0.249390	0.257853	0.263013	0.250823	0.262687	0.261483	0.269276	0.266301	0.265856	0.257120	0.272488	0.266881	0.249499	0.248723	0.267225	0.269565	0.261011	0.301846	0.270159	0.285994	0.263253	0.256661	0.267892	0.294094	0.289737	0.275007	0.274812	0.289600	0.281280	0.275015	0.275474	0.278921	0.255566	0.271697	0.268344	0.255764	0.279676	0.257057	0.274179	0.267272	0.277526	0.277222	0.366812	0.279580	0.276454	0.261116	0.274688	0.268823	0.277892	0.275740	0.284337	0.285024	0.274577	0.243714	0.267945	0.275950	0.288851	0.288434	0.267388	0.273143	0.255148	0.243323	0.263889	0.268012	0.287427	0.222343	0.274516	0.264842	0.260070	0.266317	
0.250320	0.244037	0.253079	0.261644	0.258036	0.256074	0.263158	0.258847	0.256507	0.259373	0.252963	0.284242	0.265256	0.278373	0.000000	0.255148	0.262082	0.258212	0.259192	0.260467	0.252014	0.263001	0.261998	0.257167	0.268763	0.253755	0.255492	0.255230	0.260036	0.254706	0.265443	0.261684	0.259928	0.253396	0.260375	0.263578	0.264170	0.250621	0.263463	0.263376	0.255863	0.265299	0.266495	0.254635	0.256885	0.258862	0.258061	0.263384	0.263900	0.253749	0.265603	0.263102	0.264190	0.262811	0.262171	0.262997	0.255163	0.260490	0.261563	0.261385	0.255553	0.262568	0.262344	0.254932	0.263204	0.261204	0.346320	0.267633	0.261372	0.260210	0.271744	0.264384	0.260081	0.257811	0.267067	0.269226	0.263689	0.252084	0.261447	0.258144	0.262640	0.269495	0.263333	0.266261	0.260859	0.266810	0.253657	0.258048	0.261112	0.262118	0.261238	0.254967	0.261122	0.263253	
0.252998	0.245204	0.250639	0.258986	0.255494	0.252433	0.233933	0.240359	0.253052	0.251943	0.252238	0.255435	0.257362	0.263597	0.255148	0.000000	0.255584	0.253208	0.249407	0.256914	0.255595	0.253120	0.250095	0.252734	0.252701	0.259062	0.255262	0.251094	0.255607	0.257388	0.267674	0.254969	0.256533	0.251351	0.255800	0.257585	0.244689	0.255036	0.248508	0.258702	0.256192	0.260511	0.260878	0.252980	0.257787	0.258946	0.257472	0.264727	0.273448	0.255321	0.263164	0.266396	0.261568	0.257329	0.263563	0.258781	0.259323	0.264374	0.245950	0.253996	0.257251	0.255009	0.266646	0.255477	0.260613	0.258506	0.323194	0.249139	0.251634	0.255062	0.255242	0.254186	0.255102	0.263480	0.262768	0.266699	0.259418	0.247064	0.252533	0.251286	0.261663	0.268152	0.263424	0.262402	0.257442	0.259149	0.257447	0.261385	0.261090	0.241011	0.256879	0.259958	0.266712	0.247267	
0.252870	0.263060	0.248288	0.268303	0.251666	0.252771	0.259687	0.257411	0.258360	0.253311	0.256313	0.266667	0.256269	0.273018	0.262082	0.255584	0.000000	0.258687	0.256075	0.257262	0.249711	0.253495	0.251274	0.252488	0.259248	0.259804	0.246350	0.252024	0.256690	0.255740	0.261739	0.255184	0.254362	0.250602	0.251324	0.265065	0.250194	0.250987	0.254273	0.261652	0.249968	0.256154	0.255864	0.250291	0.257994	0.246313	0.253962	0.270513	0.254260	0.257925	0.253638	0.261701	0.252849	0.260124	0.253600	0.260844	0.270234	0.258672	0.264706	0.254356	0.252956	0.257412	0.254400	0.255518	0.262150	0.255793	0.333333	0.250574	0.249049	0.259259	0.261288	0.250193	0.252060	0.257248	0.254378	0.264029	0.253053	0.253452	0.252938	0.258475	0.260048	0.263222	0.261191	0.267962	0.251673	0.252452	0.249178	0.256293	0.261017	0.264062	0.252741	0.264362	0.262893	0.250000	
0.250124	0.240035	0.251251	0.263135	0.254487	0.245803	0.246575	0.258176	0.254332	0.256372	0.251666	0.250000	0.259937	0.256257	0.258212	0.253208	0.258687	0.000000	0.248156	0.248848	0.247224	0.248570	0.246248	0.246204	0.254548	0.245337	0.248764	0.246492	0.256357	0.238822	0.251780	0.253727	0.253477	0.244383	0.257036	0.244596	0.252745	0.253048	0.259158	0.254652	0.264947	0.266700	0.259790	0.259622	0.257073	0.256175	0.252435	0.269553	0.263589	0.252482	0.260984	0.271855	0.262746	0.263012	0.260761	0.263340	0.257367	0.257539	0.257869	0.254634	0.258943	0.255118	0.248017	0.262894	0.252717	0.255651	0.321429	0.253805	0.259578	0.254425	0.257636	0.256366	0.261617	0.259343	0.263058	0.262268	0.262627	0.246427	0.250485	0.257593	0.264463	0.269829	0.263802	0.261855	0.253420	0.264975	0.251925	0.254505	0.268627	0.242232	0.260790	0.254053	0.271216	0.256708	
0.253759	0.212145	0.243599	0.258491	0.258395	0.250027	0.238630	0.259346	0.256614	0.253645	0.258761	0.237224	0.256573	0.260454	0.259192	0.249407	0.256075	0.248156	0.000000	0.177647	0.254006	0.254480	0.240781	0.249212	0.255101	0.250381	0.247702	0.249041	0.253306	0.252259	0.258708	0.252741	0.252469	0.246187	0.258209	0.248633	0.255290	0.250249	0.260645	0.253853	0.264486	0.274604	0.259110	0.254834	0.260641	0.262419	0.263537	0.272166	0.277828	0.259094	0.266143	0.269972	0.264865	0.262082	0.265999	0.268528	0.257028	0.257645	0.256016	0.256426	0.259414	0.249857	0.263541	0.257293	0.260322	0.255102	0.354633	0.255397	0.256645	0.264233	0.268936	0.259882	0.264174	0.268719	0.262635	0.262316	0.265484	0.254125	0.257672	0.261166	0.267293	0.269348	0.267724	0.263300	0.247873	0.275749	0.266105	0.267150	0.274184	0.242155	0.263708	0.262741	0.264754	0.254759	
0.252207	0.234935	0.248768	0.260724	0.255239	0.252928	0.233828	0.258994	0.253056	0.251132	0.252843	0.228391	0.250261	0.263646	0.260467	0.256914	0.257262	0.248848	0.177647	0.000000	0.248792	0.253648	0.245752	0.246657	0.250894	0.247812	0.241013	0.245189	0.253734	0.251772	0.258701	0.257162	0.242287	0.248438	0.260053	0.254358	0.247737	0.251391	0.260166	0.258054	0.263840	0.282075	0.261522	0.255979	0.262729	0.253244	0.257610	0.269144	0.280860	0.258509	0.262979	0.268494	0.264355	0.259967	0.263320	0.267081	0.248997	0.258037	0.254770	0.257980	0.262755	0.254132	0.254535	0.254097	0.253054	0.255570	0.325879	0.253282	0.258363	0.252011	0.263352	0.257571	0.262428	0.264502	0.260959	0.263077	0.260472	0.250741	0.257636	0.268337	0.272707	0.277906	0.268866	0.264155	0.250376	0.271155	0.260075	0.258250	0.272230	0.246098	0.261352	0.258180	0.265885	0.262297	
0.250856	0.226636	0.242047	0.265048	0.245520	0.243096	0.237582	0.257951	0.247155	0.253043	0.250464	0.220804	0.254183	0.257229	0.252014	0.255595	0.249711	0.247224	0.254006	0.248792	0.000000	0.248844	0.245105	0.246971	0.252452	0.253078	0.242762	0.247569	0.247837	0.242958	0.246094	0.248445	0.245438	0.245142	0.257924	0.248075	0.249323	0.247566	0.259374	0.254188	0.251770	0.270846	0.258473	0.255429	0.257820	0.253043	0.250994	0.264644	0.271906	0.251656	0.258888	0.260329	0.265322	0.262228	0.257285	0.265356	0.254086	0.256807	0.245024	0.255399	0.254170	0.253666	0.250759	0.251771	0.250678	0.255567	0.344595	0.256434	0.248824	0.262345	0.258496	0.255933	0.255406	0.255438	0.258553	0.258114	0.258421	0.252252	0.253284	0.258280	0.265983	0.269901	0.261340	0.262102	0.248179	0.265764	0.258545	0.260830	0.268952	0.253952	0.256081	0.254984	0.265932	0.256677	
0.254703	0.244836	0.246838	0.263387	0.255617	0.250295	0.240447	0.258030	0.254089	0.255054	0.253762	0.251104	0.259312	0.261509	0.263001	0.253120	0.253495	0.248570	0.254480	0.253648	0.248844	0.000000	0.249819	0.245671	0.246630	0.249028	0.247784	0.250239	0.253094	0.241750	0.251928	0.253185	0.253443	0.247123	0.255539	0.246470	0.245036	0.252479	0.252284	0.252809	0.255904	0.271481	0.250690	0.256749	0.261508	0.250991	0.259281	0.267580	0.273039	0.251919	0.260469	0.266561	0.266247	0.263877	0.258603	0.261741	0.249864	0.253900	0.246422	0.249502	0.256373	0.252000	0.248994	0.255391	0.262833	0.249556	0.381988	0.259601	0.248603	0.263017	0.261119	0.251371	0.252303	0.255887	0.260233	0.256483	0.252003	0.253262	0.252343	0.254685	0.269378	0.272441	0.262667	0.258065	0.254392	0.261374	0.252596	0.259089	0.261916	0.255187	0.255950	0.250386	0.258772	0.260454	
0.249026	0.214418	0.247918	0.254743	0.253194	0.242849	0.235209	0.255299	0.252884	0.255482	0.252559	0.236842	0.249395	0.258730	0.261998	0.250095	0.251274	0.246248	0.240781	0.245752	0.245105	0.249819	0.000000	0.239868	0.257046	0.249848	0.236756	0.241666	0.253987	0.248455	0.256759	0.246903	0.247992	0.245055	0.263429	0.240769	0.251875	0.239405	0.257916	0.250728	0.253857	0.269552	0.254475	0.251875	0.246810	0.251177	0.249256	0.275424	0.271461	0.254769	0.268304	0.267285	0.266354	0.261322	0.259010	0.271374	0.260570	0.251534	0.253281	0.249797	0.251122	0.253651	0.251011	0.255202	0.252476	0.253301	0.362069	0.255225	0.261060	0.243343	0.258973	0.251815	0.253161	0.260165	0.264624	0.260863	0.266953	0.256879	0.251878	0.261046	0.256053	0.270395	0.260250	0.251172	0.250782	0.263601	0.254462	0.252468	0.265214	0.229849	0.254645	0.253262	0.265489	0.259932	
0.248403	0.243103	0.247238	0.253688	0.248743	0.243995	0.219961	0.251064	0.245653	0.250253	0.248686	0.224735	0.249160	0.259088	0.257167	0.252734	0.252488	0.246204	0.249212	0.246657	0.246971	0.245671	0.239868	0.000000	0.248384	0.251492	0.242623	0.240520	0.251413	0.240129	0.256636	0.249835	0.251220	0.245105	0.262269	0.247016	0.236977	0.240607	0.252259	0.255514	0.252138	0.278611	0.260969	0.251867	0.260409	0.253002	0.258906	0.269200	0.271316	0.253452	0.251235	0.267803	0.263883	0.265039	0.255023	0.264438	0.256263	0.258566	0.254059	0.255755	0.257631	0.243538	0.255209	0.251397	0.251841	0.247427	0.334471	0.250299	0.249326	0.248782	0.259541	0.258271	0.257723	0.258267	0.254576	0.262220	0.256730	0.254166	0.252225	0.256867	0.266719	0.269971	0.265356	0.254647	0.246404	0.272774	0.263757	0.251884	0.269560	0.248103	0.261954	0.255643	0.254156	0.254953	
0.251430	0.217391	0.251370	0.264585	0.258204	0.249581	0.239323	0.258246	0.252120	0.258299	0.251610	0.224184	0.258285	0.249390	0.268763	0.252701	0.259248	0.254548	0.255101	0.250894	0.252452	0.246630	0.257046	0.248384	0.000000	0.249554	0.255522	0.245272	0.252404	0.249059	0.264842	0.254543	0.252262	0.251811	0.259655	0.246550	0.255782	0.254783	0.251253	0.261099	0.256356	0.273327	0.259419	0.260580	0.254445	0.248446	0.260520	0.288136	0.284931	0.262175	0.266692	0.271672	0.267939	0.273135	0.259427	0.262646	0.270134	0.263017	0.241508	0.254937	0.267383	0.245730	0.263101	0.265862	0.257296	0.259638	0.359073	0.261513	0.256792	0.245121	0.255352	0.256387	0.259984	0.261276	0.270607	0.268505	0.264407	0.247936	0.259783	0.260988	0.265227	0.271219	0.267227	0.263987	0.246653	0.250968	0.257689	0.256791	0.276976	0.230370	0.259960	0.263606	0.263841	0.255574	
0.253524	0.213740	0.247868	0.259685	0.258019	0.256101	0.238348	0.259508	0.255068	0.248645	0.254217	0.231784	0.253536	0.257853	0.253755	0.259062	0.259804	0.245337	0.250381	0.247812	0.253078	0.249028	0.249848	0.251492	0.249554	0.000000	0.245361	0.251030	0.245283	0.243007	0.255552	0.254232	0.244486	0.249148	0.260629	0.256888	0.247555	0.247019	0.254803	0.260936	0.258969	0.277261	0.264028	0.256174	0.258168	0.252084	0.256787	0.271911	0.271279	0.257156	0.263423	0.270774	0.266192	0.260762	0.258105	0.270791	0.258300	0.260408	0.257775	0.254348	0.260739	0.245052	0.253572	0.253709	0.254796	0.249975	0.381703	0.255346	0.252852	0.253080	0.261441	0.255909	0.260226	0.256500	0.262461	0.269149	0.259134	0.253668	0.258851	0.261713	0.264010	0.271512	0.265150	0.260470	0.253706	0.254529	0.266105	0.258722	0.266679	0.240440	0.258915	0.257775	0.266515	0.260394	
0.243268	0.232323	0.241264	0.255315	0.246986	0.249135	0.236874	0.253815	0.246010	0.245048	0.250370	0.256082	0.250024	0.263013	0.255492	0.255262	0.246350	0.248764	0.247702	0.241013	0.242762	0.247784	0.236756	0.242623	0.255522	0.245361	0.000000	0.240778	0.248501	0.249414	0.249455	0.243641	0.241086	0.237524	0.256086	0.253115	0.245257	0.244436	0.256891	0.248883	0.254354	0.271651	0.252885	0.251377	0.254374	0.250714	0.252985	0.268857	0.262995	0.257009	0.261591	0.264414	0.255610	0.259167	0.254234	0.259027	0.252342	0.258765	0.251762	0.252089	0.254019	0.247788	0.251908	0.247523	0.255805	0.254759	0.375000	0.251102	0.248887	0.245289	0.255702	0.245348	0.250233	0.254964	0.257360	0.262618	0.253857	0.243037	0.250453	0.254510	0.259424	0.265623	0.258791	0.258416	0.242395	0.251748	0.253315	0.253269	0.260635	0.237493	0.257774	0.242652	0.257138	0.257701	
0.249913	0.223674	0.247663	0.259305	0.249762	0.246783	0.244165	0.255696	0.255590	0.251784	0.256170	0.230720	0.252772	0.250823	0.255230	0.251094	0.252024	0.246492	0.249041	0.245189	0.247569	0.250239	0.241666	0.240520	0.245272	0.251030	0.240778	0.000000	0.247560	0.248410	0.252101	0.253000	0.247491	0.240328	0.255171	0.256608	0.242755	0.253315	0.260067	0.253743	0.257071	0.265262	0.258974	0.254910	0.257867	0.254365	0.253749	0.277950	0.268222	0.257975	0.264258	0.271293	0.264767	0.261660	0.252229	0.264545	0.245321	0.260499	0.257683	0.246924	0.250195	0.250577	0.254120	0.256269	0.247385	0.257208	0.374603	0.249947	0.257208	0.246806	0.251377	0.252988	0.250233	0.261472	0.261354	0.270193	0.259584	0.247944	0.249928	0.263321	0.267823	0.265048	0.259923	0.261310	0.253088	0.265325	0.252796	0.254571	0.265868	0.232558	0.256396	0.260449	0.259777	0.250373	
0.248695	0.231314	0.241539	0.262971	0.253362	0.256860	0.234108	0.252034	0.249890	0.257707	0.256911	0.239316	0.255969	0.262687	0.260036	0.255607	0.256690	0.256357	0.253306	0.253734	0.247837	0.253094	0.253987	0.251413	0.252404	0.245283	0.248501	0.247560	0.000000	0.242658	0.252846	0.251658	0.253809	0.243444	0.258424	0.249634	0.245295	0.245394	0.258594	0.254343	0.255109	0.276740	0.257858	0.256562	0.252745	0.255300	0.253408	0.270291	0.275329	0.252852	0.261364	0.257673	0.257900	0.257836	0.257277	0.263840	0.257921	0.259151	0.263422	0.251561	0.257573	0.251699	0.260232	0.252592	0.262084	0.254348	0.399371	0.251737	0.259205	0.254297	0.262371	0.256619	0.263519	0.261802	0.260024	0.263230	0.261995	0.246135	0.255748	0.260914	0.259697	0.271957	0.272552	0.260661	0.250569	0.254572	0.266287	0.259812	0.265385	0.236464	0.261199	0.253262	0.258226	0.264588	
0.251461	0.202650	0.252152	0.259582	0.242722	0.248904	0.244019	0.260329	0.247912	0.249799	0.254929	0.242812	0.256755	0.261483	0.254706	0.257388	0.255740	0.238822	0.252259	0.251772	0.242958	0.241750	0.248455	0.240129	0.249059	0.243007	0.249414	0.248410	0.242658	0.000000	0.253269	0.252159	0.250355	0.243619	0.246945	0.252007	0.242952	0.243205	0.259879	0.247627	0.254198	0.268427	0.254703	0.257025	0.261057	0.248258	0.257256	0.268712	0.271653	0.257773	0.259273	0.271294	0.257240	0.258255	0.264053	0.264557	0.253193	0.257790	0.257118	0.253461	0.253737	0.244852	0.249295	0.249726	0.260091	0.257189	0.363924	0.248961	0.251356	0.252368	0.260136	0.252205	0.256104	0.255307	0.254858	0.257620	0.257789	0.246306	0.252692	0.256053	0.258774	0.272682	0.265586	0.264472	0.253704	0.259294	0.255297	0.255754	0.269833	0.241816	0.255521	0.251774	0.260783	0.260445	
0.255567	0.228479	0.256993	0.265376	0.263993	0.257733	0.253308	0.260739	0.256426	0.251924	0.258566	0.237710	0.263570	0.269276	0.265443	0.267674	0.261739	0.251780	0.258708	0.258701	0.246094	0.251928	0.256759	0.256636	0.264842	0.255552	0.249455	0.252101	0.252846	0.253269	0.000000	0.255656	0.259077	0.258624	0.257161	0.262284	0.246407	0.247497	0.264974	0.260594	0.266020	0.280182	0.266438	0.260244	0.263146	0.261102	0.263892	0.275910	0.286331	0.267603	0.271195	0.273922	0.266857	0.260312	0.264614	0.276109	0.259055	0.265700	0.265093	0.261956	0.259228	0.259179	0.266395	0.260782	0.267694	0.262263	0.376997	0.260746	0.265123	0.268406	0.265992	0.260023	0.259395	0.266193	0.271268	0.275253	0.265896	0.255750	0.254150	0.264009	0.275765	0.277228	0.271846	0.262318	0.254438	0.255561	0.269203	0.264009	0.276760	0.251674	0.265342	0.262964	0.267123	0.274558	
0.253044	0.221705	0.244998	0.260267	0.251948	0.250271	0.258929	0.254481	0.262314	0.254183	0.259285	0.231310	0.255272	0.266301	0.261684	0.254969	0.255184	0.253727	0.252741	0.257162	0.248445	0.253185	0.246903	0.249835	0.254543	0.254232	0.243641	0.253000	0.251658	0.252159	0.255656	0.000000	0.250176	0.252081	0.263648	0.250051	0.242770	0.241929	0.256110	0.257040	0.258024	0.274436	0.256447	0.259759	0.256875	0.256123	0.259459	0.275651	0.271962	0.257912	0.259720	0.268264	0.264590	0.260879	0.261838	0.271110	0.258070	0.259837	0.245406	0.249282	0.255384	0.251450	0.261964	0.255372	0.266837	0.253327	0.339683	0.257191	0.258968	0.257530	0.256354	0.257173	0.259082	0.260315	0.272946	0.269756	0.257388	0.253141	0.253647	0.262418	0.262935	0.270941	0.265045	0.262802	0.253148	0.256808	0.264376	0.252792	0.266764	0.243590	0.257198	0.252465	0.262811	0.262993	
0.250977	0.233198	0.248814	0.265679	0.257441	0.245582	0.259513	0.251337	0.257625	0.251049	0.254759	0.249796	0.257034	0.265856	0.259928	0.256533	0.254362	0.253477	0.252469	0.242287	0.245438	0.253443	0.247992	0.251220	0.252262	0.244486	0.241086	0.247491	0.253809	0.250355	0.259077	0.250176	0.000000	0.239968	0.260342	0.256269	0.244265	0.240700	0.259422	0.254780	0.258573	0.269280	0.260301	0.250496	0.247876	0.251273	0.257832	0.262883	0.260960	0.260376	0.259853	0.268933	0.259619	0.258497	0.254138	0.260069	0.266607	0.250184	0.247304	0.250960	0.254897	0.252823	0.253130	0.249440	0.256654	0.251341	0.254630	0.249589	0.252918	0.249147	0.258446	0.251157	0.251632	0.257183	0.255665	0.262581	0.253648	0.249156	0.250955	0.257888	0.267801	0.268150	0.261509	0.259141	0.252598	0.269888	0.264240	0.255730	0.264623	0.240918	0.256004	0.250289	0.253984	0.261566	
0.245468	0.218347	0.242410	0.256600	0.242267	0.242590	0.233038	0.258366	0.252109	0.241322	0.248878	0.239225	0.249032	0.257120	0.253396	0.251351	0.250602	0.244383	0.246187	0.248438	0.245142	0.247123	0.245055	0.245105	0.251811	0.249148	0.237524	0.240328	0.243444	0.243619	0.258624	0.252081	0.239968	0.000000	0.246103	0.244045	0.249400	0.242130	0.248690	0.254963	0.252946	0.263953	0.253755	0.248709	0.252977	0.257189	0.257284	0.272130	0.261433	0.254900	0.252773	0.270142	0.260840	0.259864	0.253230	0.263061	0.255169	0.261271	0.243963	0.252306	0.250820	0.249738	0.253289	0.252597	0.257403	0.252959	0.345794	0.255341	0.250636	0.249169	0.254380	0.249362	0.254754	0.261876	0.258649	0.264113	0.255816	0.246669	0.246809	0.256163	0.265014	0.266319	0.261948	0.256485	0.244627	0.243667	0.245737	0.249971	0.261555	0.234742	0.254964	0.247609	0.258148	0.259498	
0.260520	0.283883	0.257284	0.264547	0.262957	0.259033	0.271438	0.257806	0.258118	0.261150	0.259382	0.290299	0.267447	0.272488	0.260375	0.255800	0.251324	0.257036	0.258209	0.260053	0.257924	0.255539	0.263429	0.262269	0.259655	0.260629	0.256086	0.255171	0.258424	0.246945	0.257161	0.263648	0.260342	0.246103	0.000000	0.261682	0.256062	0.261402	0.264727	0.265405	0.263205	0.274266	0.263907	0.265011	0.257886	0.259862	0.263697	0.263853	0.269051	0.265829	0.269417	0.264325	0.265886	0.261154	0.260424	0.268373	0.269584	0.255397	0.265422	0.261683	0.255830	0.259088	0.258666	0.264978	0.274852	0.261776	0.314488	0.255703	0.257680	0.268119	0.258428	0.254832	0.257800	0.260610	0.257704	0.264480	0.255086	0.253818	0.261880	0.261254	0.262146	0.263846	0.259394	0.271306	0.263404	0.265127	0.261162	0.272944	0.269481	0.290705	0.261819	0.263080	0.266680	0.260232	
0.252291	0.213483	0.240371	0.250268	0.254276	0.248864	0.214859	0.252936	0.256367	0.264829	0.249948	0.203644	0.254354	0.266881	0.263578	0.257585	0.265065	0.244596	0.248633	0.254358	0.248075	0.246470	0.240769	0.247016	0.246550	0.256888	0.253115	0.256608	0.249634	0.252007	0.262284	0.250051	0.256269	0.244045	0.261682	0.000000	0.241157	0.247924	0.255838	0.259764	0.258625	0.293011	0.262569	0.270669	0.280559	0.256694	0.251816	0.293839	0.290323	0.253314	0.289392	0.278501	0.275813	0.270335	0.265558	0.275699	0.252203	0.265705	0.249179	0.265187	0.267047	0.246188	0.261838	0.264397	0.258607	0.257254	0.378601	0.260637	0.261940	0.254083	0.271509	0.274125	0.267857	0.265417	0.277116	0.278972	0.275392	0.264697	0.248073	0.262490	0.279511	0.280478	0.274613	0.245570	0.247163	0.293378	0.269468	0.271787	0.282752	0.236818	0.263472	0.260680	0.282372	0.279070	
0.242003	0.220697	0.242274	0.261675	0.252798	0.248724	0.231082	0.248615	0.258540	0.248241	0.256510	0.222222	0.250038	0.249499	0.264170	0.244689	0.250194	0.252745	0.255290	0.247737	0.249323	0.245036	0.251875	0.236977	0.255782	0.247555	0.245257	0.242755	0.245295	0.242952	0.246407	0.242770	0.244265	0.249400	0.256062	0.241157	0.000000	0.242173	0.259963	0.250850	0.249854	0.273430	0.253628	0.248195	0.259494	0.255096	0.254753	0.272976	0.281370	0.257816	0.262106	0.271535	0.260272	0.258803	0.263511	0.261609	0.252762	0.255890	0.253474	0.247752	0.262545	0.251139	0.251622	0.258095	0.258652	0.255071	0.385542	0.253746	0.253212	0.248054	0.261168	0.255217	0.258640	0.262273	0.268019	0.268085	0.258159	0.251745	0.241733	0.260950	0.267598	0.267799	0.266870	0.257880	0.251136	0.254863	0.261172	0.259429	0.271855	0.257208	0.262221	0.251616	0.260470	0.250425	
0.247750	0.206508	0.239707	0.262378	0.244238	0.248041	0.251059	0.250827	0.241611	0.262278	0.251940	0.234043	0.251539	0.248723	0.250621	0.255036	0.250987	0.253048	0.250249	0.251391	0.247566	0.252479	0.239405	0.240607	0.254783	0.247019	0.244436	0.253315	0.245394	0.243205	0.247497	0.241929	0.240700	0.242130	0.261402	0.247924	0.242173	0.000000	0.260472	0.256404	0.261874	0.288081	0.256129	0.265787	0.268739	0.252375	0.257881	0.287143	0.281411	0.259052	0.272384	0.271457	0.278000	0.268371	0.257378	0.265447	0.242240	0.254009	0.251576	0.265789	0.255346	0.248010	0.257065	0.256394	0.263946	0.257627	0.368644	0.256832	0.253926	0.246324	0.265180	0.261136	0.265047	0.268642	0.269457	0.266452	0.255362	0.254868	0.253940	0.256284	0.276427	0.280666	0.274797	0.248109	0.253065	0.262417	0.267352	0.258924	0.272691	0.235564	0.250784	0.260585	0.268754	0.258749	
0.249003	0.243201	0.248131	0.259325	0.262242	0.250826	0.255814	0.257296	0.258986	0.253029	0.250301	0.249365	0.259025	0.267225	0.263463	0.248508	0.254273	0.259158	0.260645	0.260166	0.259374	0.252284	0.257916	0.252259	0.251253	0.254803	0.256891	0.260067	0.258594	0.259879	0.264974	0.256110	0.259422	0.248690	0.264727	0.255838	0.259963	0.260472	0.000000	0.255272	0.258706	0.268716	0.257613	0.251627	0.262378	0.254417	0.254313	0.276245	0.273199	0.254826	0.261936	0.270086	0.259734	0.260998	0.259811	0.270585	0.266207	0.263197	0.262385	0.255689	0.261220	0.258159	0.261186	0.260717	0.264432	0.258284	0.356250	0.255923	0.261211	0.272727	0.260555	0.262769	0.256299	0.263865	0.267202	0.271088	0.260976	0.248847	0.255427	0.253790	0.264448	0.265785	0.257842	0.257480	0.256998	0.274186	0.267191	0.259910	0.264851	0.255490	0.258992	0.253323	0.266099	0.252791	
0.248657	0.211685	0.248271	0.256881	0.259640	0.250706	0.249352	0.254849	0.257220	0.250588	0.258054	0.256519	0.259648	0.269565	0.263376	0.258702	0.261652	0.254652	0.253853	0.258054	0.254188	0.252809	0.250728	0.255514	0.261099	0.260936	0.248883	0.253743	0.254343	0.247627	0.260594	0.257040	0.254780	0.254963	0.265405	0.259764	0.250850	0.256404	0.255272	0.000000	0.251904	0.267650	0.254708	0.256360	0.257388	0.255505	0.255742	0.281541	0.279745	0.257623	0.260782	0.272270	0.259817	0.261623	0.259901	0.268231	0.266323	0.258791	0.248175	0.254142	0.267515	0.258581	0.260425	0.260163	0.256864	0.254751	0.368056	0.256355	0.265135	0.262350	0.269545	0.258995	0.262979	0.265167	0.266730	0.274594	0.266534	0.259763	0.251435	0.260271	0.262642	0.281980	0.272073	0.262957	0.251287	0.242132	0.246652	0.261407	0.269576	0.241777	0.256714	0.255863	0.263264	0.255960	
0.246683	0.260692	0.244536	0.256012	0.255762	0.255709	0.240334	0.258611	0.250585	0.260960	0.252924	0.244076	0.254507	0.261011	0.255863	0.256192	0.249968	0.264947	0.264486	0.263840	0.251770	0.255904	0.253857	0.252138	0.256356	0.258969	0.254354	0.257071	0.255109	0.254198	0.266020	0.258024	0.258573	0.252946	0.263205	0.258625	0.249854	0.261874	0.258706	0.251904	0.000000	0.263825	0.256574	0.254680	0.256865	0.255058	0.256669	0.275817	0.271387	0.252777	0.261372	0.265167	0.260597	0.264493	0.261878	0.272808	0.254545	0.263910	0.260432	0.261869	0.256722	0.261552	0.256635	0.252778	0.270277	0.259110	0.400844	0.253216	0.260427	0.269620	0.259375	0.256691	0.262072	0.258642	0.259573	0.273731	0.267688	0.253980	0.258089	0.268100	0.272084	0.275525	0.264903	0.263224	0.251785	0.251353	0.264516	0.259658	0.266893	0.222372	0.260573	0.253518	0.260197	0.259141	
0.269812	0.343101	0.270270	0.278255	0.281834	0.264340	0.323944	0.275886	0.276054	0.270451	0.268588	0.328671	0.265688	0.301846	0.265299	0.260511	0.256154	0.266700	0.274604	0.282075	0.270846	0.271481	0.269552	0.278611	0.273327	0.277261	0.271651	0.265262	0.276740	0.268427	0.280182	0.274436	0.269280	0.263953	0.274266	0.293011	0.273430	0.288081	0.268716	0.267650	0.263825	0.000000	0.271580	0.263645	0.265622	0.270721	0.266562	0.262556	0.257766	0.272530	0.267510	0.266254	0.260648	0.269595	0.260347	0.263475	0.293980	0.263053	0.295382	0.261286	0.262048	0.272544	0.266827	0.259869	0.279492	0.267151	0.390135	0.255130	0.261714	0.292035	0.268484	0.263500	0.258324	0.270094	0.268918	0.278746	0.270548	0.270784	0.262171	0.268495	0.258929	0.273531	0.263750	0.273260	0.266457	0.303704	0.284409	0.265095	0.268091	0.308567	0.253345	0.274400	0.259683	0.272846	
0.257883	0.268589	0.251830	0.264919	0.259861	0.254347	0.262603	0.266037	0.260597	0.256157	0.258446	0.279172	0.256457	0.270159	0.266495	0.260878	0.255864	0.259790	0.259110	0.261522	0.258473	0.250690	0.254475	0.260969	0.259419	0.264028	0.252885	0.258974	0.257858	0.254703	0.266438	0.256447	0.260301	0.253755	0.263907	0.262569	0.253628	0.256129	0.257613	0.254708	0.256574	0.271580	0.000000	0.253454	0.257356	0.257893	0.257961	0.275599	0.269594	0.253393	0.267146	0.267396	0.265337	0.265236	0.261176	0.270083	0.264044	0.262859	0.264442	0.259983	0.263758	0.255589	0.258349	0.257726	0.265759	0.263593	0.338462	0.259577	0.256615	0.256961	0.259910	0.262125	0.261534	0.263564	0.267956	0.269139	0.262165	0.260266	0.261255	0.261041	0.260395	0.269311	0.265071	0.263958	0.254798	0.275335	0.265636	0.266582	0.259880	0.263131	0.250294	0.258765	0.266034	0.258362	
0.249362	0.288430	0.247344	0.259690	0.265738	0.252992	0.275927	0.256992	0.257787	0.250747	0.253246	0.276184	0.256855	0.285994	0.254635	0.252980	0.250291	0.259622	0.254834	0.255979	0.255429	0.256749	0.251875	0.251867	0.260580	0.256174	0.251377	0.254910	0.256562	0.257025	0.260244	0.259759	0.250496	0.248709	0.265011	0.270669	0.248195	0.265787	0.251627	0.256360	0.254680	0.263645	0.253454	0.000000	0.249819	0.250574	0.255185	0.265724	0.263651	0.245880	0.250880	0.255996	0.259591	0.258873	0.253527	0.261271	0.268424	0.253744	0.274754	0.253689	0.256002	0.254344	0.259626	0.252833	0.269725	0.253425	0.319549	0.250471	0.257509	0.272790	0.254703	0.256663	0.252388	0.257365	0.258819	0.264745	0.260164	0.252505	0.253713	0.252747	0.258204	0.259273	0.259942	0.261897	0.250136	0.277079	0.271044	0.253900	0.258651	0.260176	0.252685	0.258324	0.266887	0.259817	
0.260729	0.244529	0.246171	0.266093	0.265998	0.250146	0.260380	0.257650	0.258671	0.253063	0.252629	0.268111	0.255807	0.263253	0.256885	0.257787	0.257994	0.257073	0.260641	0.262729	0.257820	0.261508	0.246810	0.260409	0.254445	0.258168	0.254374	0.257867	0.252745	0.261057	0.263146	0.256875	0.247876	0.252977	0.257886	0.280559	0.259494	0.268739	0.262378	0.257388	0.256865	0.265622	0.257356	0.249819	0.000000	0.256421	0.254321	0.259920	0.266857	0.252772	0.253796	0.266498	0.261230	0.259812	0.254479	0.263158	0.265957	0.257772	0.253548	0.255703	0.261370	0.261292	0.260351	0.250833	0.269288	0.257227	0.297561	0.260714	0.253714	0.253664	0.253785	0.253911	0.257289	0.259716	0.258054	0.260562	0.262156	0.245852	0.264141	0.257078	0.261501	0.266223	0.258688	0.267708	0.257410	0.275354	0.265607	0.248824	0.255850	0.251668	0.256213	0.259990	0.258471	0.257980	
0.245520	0.255463	0.246015	0.258091	0.254352	0.243660	0.247375	0.253719	0.246716	0.252914	0.254026	0.252658	0.255717	0.256661	0.258862	0.258946	0.246313	0.256175	0.262419	0.253244	0.253043	0.250991	0.251177	0.253002	0.248446	0.252084	0.250714	0.254365	0.255300	0.248258	0.261102	0.256123	0.251273	0.257189	0.259862	0.256694	0.255096	0.252375	0.254417	0.255505	0.255058	0.270721	0.257893	0.250574	0.256421	0.000000	0.252613	0.259715	0.269134	0.260536	0.263336	0.265276	0.261695	0.264975	0.256179	0.255879	0.261366	0.255998	0.255645	0.257385	0.255821	0.250452	0.253706	0.253961	0.265125	0.256317	0.379205	0.253922	0.252106	0.261778	0.259003	0.254345	0.250921	0.253095	0.264382	0.265402	0.260061	0.251826	0.249693	0.260512	0.260718	0.268119	0.256546	0.258009	0.252864	0.250690	0.260913	0.254356	0.260296	0.242693	0.249602	0.258328	0.255143	0.258616	
0.252694	0.272586	0.246778	0.258970	0.259265	0.252715	0.268234	0.258307	0.253165	0.255413	0.251854	0.267532	0.255995	0.267892	0.258061	0.257472	0.253962	0.252435	0.263537	0.257610	0.250994	0.259281	0.249256	0.258906	0.260520	0.256787	0.252985	0.253749	0.253408	0.257256	0.263892	0.259459	0.257832	0.257284	0.263697	0.251816	0.254753	0.257881	0.254313	0.255742	0.256669	0.266562	0.257961	0.255185	0.254321	0.252613	0.000000	0.268324	0.276584	0.250705	0.257634	0.268602	0.265239	0.256421	0.253194	0.263126	0.264395	0.260017	0.265545	0.256245	0.259623	0.255735	0.254159	0.252670	0.268245	0.253951	0.366771	0.251654	0.262676	0.266553	0.265441	0.260219	0.260755	0.259590	0.267712	0.265996	0.263937	0.250321	0.253814	0.259819	0.262634	0.259627	0.259658	0.261610	0.254254	0.270232	0.280798	0.258487	0.264567	0.258236	0.259987	0.264678	0.278443	0.256576	
