0.000000	0.108434	0.286260	0.296443	0.265625	0.263780	0.134146	0.265625	0.331658	0.282946	0.273077	0.132530	0.231076	0.336066	0.333333	0.319635	0.347150	0.279476	0.279693	0.316602	0.234127	0.321705	0.311111	0.275000	0.268657	0.259690	0.286260	0.298851	0.333333	0.261538	0.302326	0.338583	0.344262	0.246212	0.396552	0.276730	0.321608	0.244898	0.350195	0.293333	0.320225	0.488235	0.386973	0.304545	0.327957	0.354717	0.332016	0.447205	0.526667	0.380531	0.369942	0.395745	0.434426	0.306202	0.361217	0.381323	0.208333	0.379310	0.300885	0.313830	0.386243	0.362595	0.343750	0.329843	0.351351	0.326203	0.620690	0.369231	0.416988	0.407767	0.395437	0.403101	0.398406	0.368821	0.426778	0.400000	0.417391	0.333333	0.299180	0.301980	0.443478	0.526829	0.457627	0.294118	0.304348	0.391304	0.459459	0.275720	0.480000	0.193182	0.444444	0.333333	0.464088	0.402844	
0.108434	0.000000	0.105882	0.109756	0.107143	0.130952	0.102564	0.070588	0.211765	0.277108	0.129412	0.086420	0.191781	0.297619	0.250000	0.175000	0.545455	0.132075	0.112500	0.123457	0.066667	0.237500	0.120482	0.173333	0.202381	0.135802	0.158537	0.119048	0.141176	0.144578	0.156627	0.166667	0.346154	0.146341	0.525000	0.130952	0.141176	0.146341	0.289157	0.173913	0.285714	0.625000	0.404762	0.441860	0.466667	0.313253	0.230769	0.627907	0.657895	0.276596	0.631579	0.350000	0.559524	0.304878	0.476190	0.560976	0.117647	0.363636	0.259259	0.478261	0.545455	0.312500	0.307692	0.545455	0.202381	0.636364	0.566667	0.409091	0.564706	0.405063	0.411765	0.493671	0.581081	0.517647	0.647059	0.564516	0.666667	0.253012	0.062500	0.428571	0.704918	0.738462	0.787879	0.144578	0.166667	0.432099	0.416667	0.072289	0.661972	0.126582	0.622642	0.294118	0.488095	0.421687	
0.286260	0.105882	0.000000	0.316547	0.266332	0.288809	0.156627	0.274368	0.333333	0.328622	0.272727	0.164706	0.277978	0.341463	0.396396	0.322314	0.437788	0.289157	0.297203	0.292254	0.262590	0.342756	0.288066	0.297710	0.302326	0.263158	0.303136	0.303136	0.327402	0.278746	0.264286	0.307143	0.364078	0.259516	0.402390	0.289157	0.275701	0.226667	0.321429	0.285141	0.378788	0.456522	0.319444	0.341463	0.387560	0.351724	0.346570	0.394286	0.546584	0.337302	0.412371	0.342412	0.462121	0.352113	0.401384	0.383803	0.284884	0.390625	0.280702	0.338028	0.328638	0.350694	0.351852	0.348837	0.303226	0.367925	0.566667	0.333333	0.397213	0.388350	0.391003	0.349823	0.422794	0.377163	0.441065	0.403509	0.442231	0.361502	0.292135	0.325991	0.414343	0.506726	0.450382	0.264493	0.288321	0.419355	0.438596	0.250000	0.425455	0.142857	0.368000	0.325359	0.452632	0.429204	
0.296443	0.109756	0.316547	0.000000	0.260417	0.307116	0.185185	0.294776	0.352381	0.389706	0.280000	0.146341	0.329588	0.310924	0.358140	0.317797	0.390476	0.322449	0.298561	0.291367	0.258303	0.336957	0.282051	0.309524	0.334928	0.303249	0.305755	0.328520	0.295620	0.296029	0.317343	0.311111	0.391960	0.316547	0.427984	0.287500	0.282297	0.312925	0.311111	0.322314	0.415789	0.528409	0.400722	0.429787	0.376238	0.379928	0.332090	0.437870	0.551282	0.349794	0.370968	0.405622	0.427451	0.346715	0.397849	0.441606	0.251497	0.365591	0.284404	0.356098	0.412621	0.389892	0.368421	0.391304	0.313333	0.372549	0.703704	0.369668	0.414545	0.404040	0.408602	0.466912	0.471483	0.428058	0.444882	0.477064	0.414634	0.330097	0.275862	0.401826	0.436214	0.458716	0.492126	0.293233	0.354717	0.449438	0.468468	0.287402	0.454545	0.191011	0.456432	0.366337	0.449198	0.424658	
0.265625	0.107143	0.266332	0.260417	0.000000	0.308081	0.166667	0.276923	0.335329	0.366834	0.329949	0.095238	0.305263	0.307018	0.375000	0.298701	0.330709	0.319277	0.260204	0.284264	0.263158	0.309645	0.319767	0.318436	0.303571	0.263959	0.279188	0.303030	0.316327	0.276382	0.261538	0.321244	0.400000	0.275000	0.441989	0.257143	0.262500	0.261905	0.311224	0.333333	0.425373	0.569343	0.376884	0.418750	0.379032	0.315000	0.343750	0.464912	0.540323	0.343558	0.571429	0.387640	0.481081	0.352041	0.412935	0.451777	0.230769	0.390244	0.292453	0.333333	0.376000	0.318182	0.353846	0.425197	0.281250	0.444444	0.633333	0.378788	0.464646	0.425743	0.435644	0.430769	0.486772	0.368159	0.516854	0.481013	0.494118	0.354037	0.298343	0.419118	0.544910	0.518519	0.550562	0.329897	0.324742	0.430108	0.452830	0.252688	0.489362	0.157303	0.457317	0.333333	0.525641	0.430233	
0.263780	0.130952	0.288809	0.307116	0.308081	0.000000	0.180723	0.285714	0.346154	0.316364	0.254545	0.107143	0.330827	0.349593	0.358140	0.337662	0.419512	0.347107	0.309091	0.300366	0.273408	0.336996	0.277056	0.270588	0.284360	0.287273	0.336957	0.335740	0.314815	0.326087	0.302583	0.300000	0.401015	0.316547	0.471311	0.295181	0.305825	0.272109	0.351852	0.355649	0.411458	0.466667	0.379061	0.353191	0.343434	0.394265	0.344569	0.395210	0.534591	0.348548	0.379679	0.369478	0.460630	0.371324	0.395683	0.448905	0.238095	0.349727	0.318584	0.306931	0.405941	0.361011	0.390244	0.385366	0.342105	0.366337	0.566667	0.365385	0.410909	0.396040	0.376344	0.413919	0.471264	0.422939	0.466403	0.441441	0.435685	0.342857	0.272374	0.367442	0.466942	0.483568	0.432000	0.305660	0.335849	0.376344	0.460177	0.280632	0.471483	0.153846	0.454167	0.331707	0.452128	0.456621	
0.134146	0.102564	0.156627	0.185185	0.166667	0.180723	0.000000	0.178571	0.261905	0.304878	0.178571	0.141026	0.194444	0.321429	0.222222	0.205128	0.400000	0.211538	0.177215	0.172840	0.080000	0.151899	0.195122	0.178082	0.202381	0.139241	0.160494	0.168675	0.190476	0.192771	0.195122	0.233766	0.307692	0.160494	0.493671	0.178571	0.166667	0.185185	0.301205	0.117647	0.292683	0.638889	0.349398	0.404762	0.357143	0.353659	0.294872	0.627907	0.657895	0.347826	0.555556	0.362500	0.614458	0.333333	0.445783	0.506173	0.202381	0.400000	0.320988	0.454545	0.700000	0.341772	0.500000	0.300000	0.309524	0.500000	0.600000	0.380952	0.518072	0.358025	0.392857	0.455696	0.602740	0.500000	0.626866	0.557377	0.610169	0.301205	0.142857	0.400000	0.683333	0.738462	0.772727	0.182927	0.192771	0.375000	0.476190	0.144578	0.633803	0.164557	0.641509	0.261905	0.506024	0.439024	
0.265625	0.070588	0.274368	0.294776	0.276923	0.285714	0.178571	0.000000	0.317757	0.319853	0.300725	0.107143	0.301887	0.336066	0.391509	0.354978	0.381643	0.304167	0.243636	0.284672	0.270677	0.366300	0.294872	0.292490	0.334928	0.304029	0.297101	0.314079	0.321033	0.312727	0.290441	0.338290	0.348718	0.248201	0.466942	0.294479	0.258216	0.243243	0.293040	0.340249	0.364583	0.497207	0.347826	0.425532	0.363636	0.372760	0.343284	0.476744	0.506410	0.342975	0.419355	0.391304	0.445312	0.341912	0.366906	0.433824	0.274854	0.391304	0.318584	0.390244	0.396040	0.407942	0.398058	0.372549	0.275641	0.393035	0.600000	0.375000	0.396364	0.394231	0.394265	0.393382	0.477099	0.374101	0.416667	0.434978	0.413223	0.359223	0.305019	0.370370	0.448133	0.458333	0.472222	0.319549	0.325758	0.351064	0.477876	0.301961	0.450758	0.195652	0.458333	0.312195	0.476190	0.374429	
0.331658	0.211765	0.333333	0.352381	0.335329	0.346154	0.261905	0.317757	0.000000	0.406542	0.368664	0.200000	0.388350	0.290598	0.366013	0.439306	0.448276	0.348066	0.317757	0.355140	0.357488	0.358491	0.328042	0.346734	0.362069	0.311321	0.330233	0.369159	0.353211	0.372093	0.386047	0.368421	0.379310	0.333333	0.407035	0.364286	0.316384	0.345588	0.403756	0.382979	0.344371	0.457746	0.418605	0.392045	0.457143	0.377880	0.385714	0.428571	0.544000	0.386740	0.446970	0.433673	0.455882	0.391509	0.398148	0.438679	0.348684	0.406015	0.336364	0.393333	0.425532	0.376744	0.503497	0.401408	0.331034	0.489209	0.466667	0.426667	0.430556	0.436893	0.426606	0.429245	0.448780	0.408257	0.414508	0.428571	0.465241	0.388235	0.375635	0.409091	0.459459	0.520710	0.497382	0.325472	0.311005	0.347826	0.460870	0.315000	0.460784	0.314607	0.407609	0.401130	0.435583	0.368421	
0.282946	0.277108	0.328622	0.389706	0.366834	0.316364	0.304878	0.319853	0.406542	0.000000	0.336879	0.373494	0.305147	0.382114	0.377273	0.327731	0.391509	0.367347	0.368794	0.376344	0.346715	0.390681	0.338912	0.323077	0.379147	0.308511	0.367491	0.371025	0.347826	0.368794	0.322464	0.368231	0.362745	0.364912	0.379032	0.411043	0.414286	0.350993	0.361011	0.345528	0.422680	0.402235	0.369718	0.377593	0.339806	0.378947	0.373626	0.391813	0.436709	0.348178	0.315789	0.358268	0.398467	0.340502	0.397887	0.376344	0.352941	0.347368	0.407080	0.365385	0.344498	0.356890	0.334906	0.331754	0.337662	0.379808	0.433333	0.323944	0.389286	0.372549	0.335664	0.352313	0.391791	0.371930	0.374517	0.334821	0.412955	0.281690	0.321970	0.328829	0.373984	0.452055	0.385214	0.366300	0.322222	0.395604	0.398230	0.326923	0.453532	0.333333	0.408163	0.349282	0.406417	0.381166	
0.273077	0.129412	0.272727	0.280000	0.329949	0.254545	0.178571	0.300725	0.368664	0.336879	0.000000	0.142857	0.270073	0.322581	0.334842	0.287500	0.350467	0.251012	0.264085	0.289753	0.250000	0.326241	0.240664	0.310606	0.320755	0.290780	0.305263	0.293706	0.314286	0.285211	0.313167	0.338129	0.338164	0.275261	0.412000	0.230303	0.314554	0.271523	0.289286	0.298387	0.379487	0.478022	0.364912	0.385246	0.373786	0.350694	0.318841	0.410405	0.503145	0.342629	0.312500	0.380392	0.444867	0.323843	0.372822	0.407801	0.277457	0.389474	0.315789	0.361502	0.364929	0.314685	0.355140	0.338028	0.305732	0.300000	0.500000	0.317972	0.402827	0.355769	0.344948	0.407801	0.366667	0.423611	0.417625	0.405286	0.440000	0.288372	0.308271	0.330357	0.469880	0.479638	0.473077	0.332130	0.308824	0.414894	0.556522	0.287356	0.455882	0.195652	0.453815	0.317536	0.468421	0.407080	
0.132530	0.086420	0.164706	0.146341	0.095238	0.107143	0.141026	0.107143	0.200000	0.373494	0.142857	0.000000	0.246575	0.253012	0.321429	0.125000	0.545455	0.185185	0.111111	0.111111	0.160000	0.212500	0.156627	0.146667	0.214286	0.123457	0.170732	0.156627	0.164706	0.168675	0.134146	0.243590	0.423077	0.123457	0.550000	0.178571	0.141176	0.192771	0.268293	0.173913	0.357143	0.643836	0.404762	0.348837	0.333333	0.361446	0.269231	0.568182	0.605263	0.326087	0.631579	0.395062	0.595238	0.317073	0.488095	0.524390	0.188235	0.454545	0.256098	0.428571	0.363636	0.325000	0.461538	0.727273	0.250000	0.583333	0.533333	0.500000	0.552941	0.432099	0.458824	0.493671	0.594595	0.529412	0.652174	0.548387	0.633333	0.277108	0.140625	0.428571	0.737705	0.723077	0.753846	0.144578	0.152941	0.365854	0.440476	0.060241	0.676056	0.135802	0.660377	0.250000	0.500000	0.457831	
0.231076	0.191781	0.277978	0.329588	0.305263	0.330827	0.194444	0.301887	0.388350	0.305147	0.270073	0.246575	0.000000	0.405405	0.333333	0.369748	0.345622	0.316872	0.302920	0.283088	0.302239	0.360294	0.304721	0.309524	0.349754	0.299270	0.300725	0.307971	0.325926	0.300725	0.312268	0.328413	0.279412	0.262590	0.372951	0.256410	0.370732	0.215827	0.289963	0.340336	0.365979	0.471264	0.335740	0.353909	0.306220	0.348921	0.339552	0.364706	0.557047	0.318725	0.380711	0.395918	0.450593	0.326007	0.388489	0.435897	0.273292	0.343590	0.333333	0.347418	0.338028	0.314079	0.351852	0.325581	0.365517	0.367925	0.518519	0.293578	0.364964	0.347826	0.376344	0.351648	0.417625	0.384892	0.380392	0.390909	0.426829	0.325123	0.292308	0.327434	0.416327	0.434579	0.450593	0.321970	0.311787	0.378049	0.495146	0.324111	0.425856	0.275000	0.420408	0.366834	0.413408	0.382488	
0.336066	0.297619	0.341463	0.310924	0.307018	0.349593	0.321429	0.336066	0.290598	0.382114	0.322581	0.253012	0.405405	0.000000	0.409091	0.379747	0.460000	0.387097	0.344538	0.355372	0.377193	0.366667	0.364407	0.387387	0.336283	0.294118	0.311475	0.385246	0.365854	0.360656	0.333333	0.415254	0.415385	0.371901	0.439655	0.370370	0.318966	0.362745	0.363636	0.371429	0.493506	0.466019	0.373984	0.493976	0.462963	0.341463	0.381356	0.461538	0.485437	0.383721	0.527273	0.389831	0.529412	0.388430	0.406504	0.413223	0.313043	0.408163	0.298969	0.473684	0.510204	0.391667	0.396226	0.460000	0.321429	0.411765	0.400000	0.423729	0.390244	0.428571	0.483871	0.428571	0.473214	0.464000	0.448598	0.380000	0.448980	0.333333	0.359223	0.416667	0.444444	0.465347	0.480392	0.243902	0.336066	0.325581	0.432692	0.262712	0.427273	0.344828	0.445652	0.353448	0.431034	0.391304	
0.333333	0.250000	0.396396	0.358140	0.375000	0.358140	0.222222	0.391509	0.366013	0.377273	0.334842	0.321429	0.333333	0.409091	0.000000	0.363636	0.393204	0.381395	0.351111	0.352941	0.327273	0.339367	0.311111	0.342995	0.328947	0.380090	0.312500	0.390135	0.361111	0.357466	0.403670	0.381818	0.322751	0.360000	0.409574	0.355140	0.335526	0.326087	0.375000	0.380711	0.335294	0.401515	0.373874	0.375587	0.404040	0.384956	0.385321	0.402685	0.373832	0.388889	0.398907	0.381443	0.427861	0.363636	0.379464	0.378995	0.385965	0.402174	0.355932	0.336735	0.400990	0.370044	0.424390	0.380488	0.319588	0.403941	0.800000	0.402010	0.365297	0.382979	0.450893	0.425339	0.347619	0.412556	0.413462	0.400000	0.408867	0.376623	0.363636	0.360577	0.355000	0.427711	0.417476	0.422535	0.317308	0.405405	0.392857	0.345000	0.434579	0.333333	0.434146	0.355705	0.436508	0.374233	
0.319635	0.175000	0.322314	0.317797	0.298701	0.337662	0.205128	0.354978	0.439306	0.327731	0.287500	0.125000	0.369748	0.379747	0.363636	0.000000	0.418605	0.351111	0.344262	0.315353	0.253165	0.325000	0.290000	0.316742	0.333333	0.342975	0.299180	0.331950	0.357447	0.315353	0.306383	0.307054	0.396907	0.295082	0.391509	0.327869	0.408284	0.407407	0.294872	0.336449	0.321839	0.398601	0.363636	0.327354	0.338235	0.365854	0.344828	0.403974	0.457627	0.411504	0.435484	0.389671	0.427273	0.375000	0.391837	0.372385	0.366412	0.369792	0.338028	0.296117	0.327014	0.346939	0.389671	0.359813	0.380531	0.347619	0.461538	0.350711	0.439331	0.400000	0.377049	0.396694	0.400000	0.399177	0.393013	0.381910	0.397321	0.355030	0.312236	0.360731	0.372197	0.391534	0.375546	0.367965	0.358079	0.510204	0.428571	0.324201	0.411765	0.297872	0.400000	0.425150	0.412162	0.449198	
0.347150	0.545455	0.437788	0.390476	0.330709	0.419512	0.400000	0.381643	0.448276	0.391509	0.350467	0.545455	0.345622	0.460000	0.393204	0.418605	0.000000	0.368421	0.321101	0.362791	0.330233	0.375000	0.375723	0.381910	0.380282	0.372093	0.417431	0.365741	0.361905	0.370370	0.412322	0.344186	0.291667	0.356164	0.336957	0.365591	0.375000	0.481481	0.404762	0.362694	0.369048	0.483871	0.414747	0.370370	0.318841	0.381818	0.389671	0.369863	0.404255	0.412844	0.354497	0.375661	0.388601	0.297674	0.371560	0.362791	0.320000	0.364103	0.395349	0.354680	0.361111	0.343891	0.328704	0.308756	0.452381	0.338028	-nan	0.380952	0.330233	0.437500	0.389908	0.365741	0.334906	0.359447	0.364078	0.377778	0.382353	0.361702	0.351852	0.368182	0.359606	0.400000	0.370192	0.391304	0.408867	0.650000	0.500000	0.388601	0.370370	0.611111	0.387560	0.405797	0.363636	0.417722	
0.279476	0.132075	0.289157	0.322449	0.319277	0.347107	0.211538	0.304167	0.348066	0.367347	0.251012	0.185185	0.316872	0.387097	0.381395	0.351111	0.368421	0.000000	0.277778	0.344000	0.314516	0.346774	0.292683	0.329060	0.327869	0.322581	0.286853	0.346774	0.320988	0.313253	0.341564	0.363265	0.346939	0.298805	0.384259	0.253731	0.344444	0.347107	0.325103	0.387097	0.337017	0.474026	0.334677	0.351111	0.379310	0.353175	0.342975	0.449367	0.500000	0.320346	0.349727	0.354260	0.391111	0.326531	0.382470	0.432653	0.345324	0.376344	0.294118	0.366834	0.443902	0.334646	0.368421	0.379808	0.325203	0.351220	0.571429	0.404878	0.398374	0.486486	0.396000	0.396761	0.411017	0.328000	0.389381	0.421320	0.380090	0.376404	0.320988	0.306977	0.447489	0.486486	0.448430	0.317992	0.344538	0.444444	0.500000	0.287611	0.453390	0.250000	0.452489	0.363636	0.475000	0.390625	
0.279693	0.112500	0.297203	0.298561	0.260204	0.309091	0.177215	0.243636	0.317757	0.368794	0.264085	0.111111	0.302920	0.344538	0.351111	0.344262	0.321101	0.277778	0.000000	0.252632	0.273381	0.323944	0.282158	0.275862	0.316038	0.280702	0.289199	0.287719	0.272401	0.274648	0.328571	0.312950	0.342995	0.256944	0.449799	0.222222	0.264151	0.275168	0.283154	0.285141	0.328283	0.502762	0.371930	0.327869	0.366667	0.406250	0.338182	0.482558	0.551282	0.336000	0.356021	0.359375	0.448669	0.359431	0.414634	0.398577	0.248521	0.371134	0.294643	0.369668	0.322430	0.321678	0.330275	0.336406	0.287582	0.372093	0.629630	0.428571	0.374558	0.411765	0.355401	0.372340	0.387454	0.376307	0.461832	0.462555	0.424000	0.361905	0.274074	0.324561	0.421687	0.452055	0.416988	0.323636	0.308824	0.411111	0.558559	0.270992	0.463235	0.181818	0.431452	0.338164	0.465241	0.383929	
0.316602	0.123457	0.292254	0.291367	0.284264	0.300366	0.172840	0.284672	0.355140	0.376344	0.289753	0.111111	0.283088	0.355372	0.352941	0.315353	0.362791	0.344000	0.252632	0.000000	0.302158	0.338028	0.259414	0.308880	0.352381	0.272085	0.292254	0.314488	0.320144	0.265018	0.299639	0.297101	0.302885	0.298246	0.431452	0.256098	0.293839	0.283784	0.282609	0.323887	0.341837	0.543956	0.378092	0.351240	0.360577	0.395105	0.352727	0.396552	0.512658	0.362903	0.416667	0.413386	0.476923	0.358423	0.410526	0.421429	0.263158	0.424084	0.236364	0.390476	0.353774	0.369718	0.347222	0.327103	0.240260	0.345972	0.629630	0.400000	0.451957	0.420000	0.389474	0.419929	0.455224	0.426573	0.463320	0.417778	0.441767	0.342857	0.307116	0.373333	0.459677	0.444954	0.457364	0.341912	0.303704	0.444444	0.464286	0.308880	0.468635	0.193182	0.441296	0.362319	0.481481	0.410714	
0.234127	0.066667	0.262590	0.258303	0.263158	0.273408	0.080000	0.270677	0.357488	0.346715	0.250000	0.160000	0.302239	0.377193	0.327273	0.253165	0.330233	0.314516	0.273381	0.302158	0.000000	0.280576	0.311966	0.268482	0.317073	0.258993	0.277978	0.303249	0.317343	0.282143	0.288889	0.248175	0.344498	0.286738	0.373444	0.301887	0.326829	0.279720	0.339483	0.322314	0.358974	0.494318	0.329749	0.325000	0.406699	0.358423	0.316176	0.436047	0.513158	0.355102	0.333333	0.373984	0.433071	0.344322	0.392086	0.410909	0.237805	0.366492	0.336538	0.311005	0.389671	0.355872	0.355140	0.281690	0.326531	0.323810	0.680000	0.306977	0.407273	0.389474	0.358423	0.363636	0.394636	0.378571	0.442688	0.399083	0.429752	0.321951	0.251908	0.337778	0.414938	0.500000	0.494071	0.298113	0.337121	0.404762	0.443396	0.252964	0.426415	0.195122	0.427984	0.303483	0.478022	0.400922	
0.321705	0.237500	0.342756	0.336957	0.309645	0.336996	0.151899	0.366300	0.358491	0.390681	0.326241	0.212500	0.360294	0.366667	0.339367	0.325000	0.375000	0.346774	0.323944	0.338028	0.280576	0.000000	0.313808	0.321705	0.312796	0.310954	0.296820	0.329787	0.310469	0.297872	0.336957	0.333333	0.388350	0.306338	0.396761	0.304878	0.361905	0.319728	0.322464	0.294355	0.358586	0.428571	0.374558	0.363636	0.370192	0.382456	0.354015	0.390805	0.500000	0.381526	0.421875	0.346457	0.440154	0.338129	0.383803	0.364286	0.313609	0.398964	0.327273	0.400943	0.338028	0.388693	0.359447	0.306977	0.372549	0.334906	0.692308	0.388889	0.400000	0.420000	0.424561	0.425000	0.391791	0.398601	0.451737	0.413333	0.391129	0.366667	0.295880	0.362832	0.439516	0.520362	0.434109	0.335793	0.325926	0.393258	0.477477	0.267442	0.453875	0.321839	0.429719	0.373786	0.465241	0.390135	
0.311111	0.120482	0.288066	0.282051	0.319767	0.277056	0.195122	0.294872	0.328042	0.338912	0.240664	0.156627	0.304721	0.364407	0.311111	0.290000	0.375723	0.292683	0.282158	0.259414	0.311966	0.313808	0.000000	0.282511	0.313514	0.305439	0.261411	0.294606	0.300847	0.272727	0.302521	0.307692	0.347059	0.336066	0.336406	0.254902	0.296296	0.236111	0.279661	0.291866	0.347305	0.447853	0.384298	0.378109	0.303571	0.356557	0.330508	0.486486	0.521127	0.344660	0.422360	0.375587	0.435556	0.358333	0.393443	0.393305	0.291139	0.344371	0.336364	0.341040	0.325444	0.360996	0.368421	0.350877	0.269504	0.315476	0.466667	0.401130	0.406639	0.362745	0.387755	0.410042	0.401747	0.404082	0.408257	0.412371	0.440758	0.351064	0.288288	0.355191	0.444976	0.484043	0.481651	0.304721	0.327586	0.417582	0.423423	0.285714	0.445415	0.233333	0.413462	0.344262	0.403614	0.329949	
0.275000	0.173333	0.297710	0.309524	0.318436	0.270588	0.178082	0.292490	0.346734	0.323077	0.310606	0.146667	0.309524	0.387387	0.342995	0.316742	0.381910	0.329060	0.275862	0.308880	0.268482	0.321705	0.282511	0.000000	0.355670	0.285714	0.301527	0.343511	0.307393	0.291188	0.304688	0.277992	0.310881	0.306818	0.429825	0.277419	0.340102	0.297101	0.351562	0.303965	0.403315	0.505952	0.362595	0.361233	0.378238	0.356061	0.356863	0.425000	0.540000	0.320346	0.367232	0.412017	0.450413	0.377432	0.441065	0.441860	0.305732	0.327684	0.361905	0.284264	0.360406	0.324528	0.386935	0.376884	0.345070	0.374359	0.642857	0.373134	0.400000	0.442105	0.384030	0.423077	0.489879	0.446970	0.435146	0.428571	0.386957	0.362245	0.289796	0.330144	0.464912	0.532338	0.436441	0.334646	0.298387	0.414634	0.509615	0.286307	0.504032	0.219512	0.469565	0.357143	0.479769	0.468293	
0.268657	0.202381	0.302326	0.334928	0.303571	0.284360	0.202381	0.334928	0.362069	0.379147	0.320755	0.214286	0.349754	0.336283	0.328947	0.333333	0.380282	0.327869	0.316038	0.352381	0.317073	0.312796	0.313514	0.355670	0.000000	0.317536	0.347418	0.363208	0.352381	0.320930	0.325243	0.338164	0.424460	0.334884	0.434343	0.349315	0.369942	0.328125	0.405660	0.329843	0.380000	0.476190	0.383178	0.401163	0.441176	0.362791	0.364078	0.468254	0.526718	0.430168	0.448819	0.350254	0.440000	0.364929	0.378505	0.374408	0.338028	0.436508	0.342857	0.349315	0.338129	0.384977	0.448276	0.363636	0.349206	0.421429	0.533333	0.526667	0.361502	0.333333	0.409302	0.385714	0.442786	0.398148	0.424870	0.411765	0.449198	0.366279	0.350515	0.388158	0.439560	0.426901	0.450777	0.381643	0.379808	0.393617	0.345455	0.306533	0.450980	0.264368	0.461111	0.327485	0.457831	0.465909	
0.259690	0.135802	0.263158	0.303249	0.263959	0.287273	0.139241	0.304029	0.311321	0.308511	0.290780	0.123457	0.299270	0.294118	0.380090	0.342975	0.372093	0.322581	0.280702	0.272085	0.258993	0.310954	0.305439	0.285714	0.317536	0.000000	0.260563	0.295775	0.299639	0.260563	0.250000	0.276978	0.328502	0.266667	0.409639	0.285714	0.289100	0.244898	0.310469	0.314516	0.401015	0.480447	0.354386	0.347107	0.365385	0.349650	0.346715	0.352941	0.547771	0.314516	0.424084	0.393701	0.421456	0.344086	0.398601	0.421429	0.241176	0.305699	0.247706	0.290476	0.349057	0.316901	0.376744	0.341121	0.296053	0.322275	0.629630	0.311628	0.382979	0.404040	0.358885	0.384342	0.446097	0.346154	0.402299	0.388393	0.449799	0.316038	0.303371	0.337778	0.451613	0.550000	0.461240	0.286765	0.314815	0.415730	0.490909	0.226923	0.466667	0.149425	0.382114	0.323671	0.462366	0.412556	
0.286260	0.158537	0.303136	0.305755	0.279188	0.336957	0.160494	0.297101	0.330233	0.367491	0.305263	0.170732	0.300725	0.311475	0.312500	0.299180	0.417431	0.286853	0.289199	0.292254	0.277978	0.296820	0.261411	0.301527	0.347418	0.260563	0.000000	0.310105	0.323843	0.277193	0.314286	0.317857	0.323671	0.245675	0.418327	0.233129	0.347418	0.268456	0.286738	0.322581	0.351759	0.519126	0.391608	0.341463	0.371429	0.359862	0.329710	0.397727	0.544304	0.337302	0.474227	0.378906	0.418251	0.358156	0.402778	0.420495	0.269006	0.345361	0.339286	0.323944	0.373832	0.337979	0.431193	0.359447	0.309677	0.378505	0.655172	0.380734	0.408451	0.372549	0.430556	0.427562	0.426471	0.385417	0.442748	0.438596	0.424603	0.364929	0.297398	0.343612	0.404000	0.443439	0.450000	0.293478	0.294118	0.366667	0.504425	0.311787	0.479853	0.215909	0.397590	0.349282	0.436842	0.386667	
0.298851	0.119048	0.303136	0.328520	0.303030	0.335740	0.168675	0.314079	0.369159	0.371025	0.293706	0.156627	0.307971	0.385246	0.390135	0.331950	0.365741	0.346774	0.287719	0.314488	0.303249	0.329787	0.294606	0.343511	0.363208	0.295775	0.310105	0.000000	0.291815	0.319298	0.313167	0.326241	0.352657	0.259516	0.362550	0.262195	0.239437	0.302013	0.314286	0.350806	0.335025	0.500000	0.362369	0.402439	0.342857	0.373702	0.328520	0.440000	0.566038	0.383399	0.435233	0.406250	0.520755	0.358156	0.447917	0.431095	0.279070	0.364583	0.357143	0.378505	0.308411	0.369338	0.300926	0.334884	0.341935	0.363208	0.666667	0.331797	0.447183	0.435644	0.388889	0.392226	0.383764	0.385417	0.454545	0.469298	0.458167	0.323944	0.295880	0.345133	0.444000	0.468182	0.448276	0.367273	0.378676	0.494505	0.504425	0.316794	0.490842	0.219780	0.397590	0.419048	0.423280	0.431111	
0.333333	0.141176	0.327402	0.295620	0.316327	0.314815	0.190476	0.321033	0.353211	0.347826	0.314286	0.164706	0.325926	0.365854	0.361111	0.357447	0.361905	0.320988	0.272401	0.320144	0.317343	0.310469	0.300847	0.307393	0.352381	0.299639	0.323843	0.291815	0.000000	0.308244	0.353791	0.313869	0.350000	0.294326	0.426829	0.266667	0.292453	0.313333	0.313869	0.373444	0.381443	0.550562	0.407143	0.387500	0.407960	0.399293	0.367647	0.417647	0.541935	0.383673	0.340426	0.371542	0.494253	0.362319	0.418440	0.460432	0.279070	0.374332	0.289474	0.411483	0.352657	0.341637	0.382775	0.365385	0.333333	0.424390	0.700000	0.342723	0.402878	0.432692	0.407801	0.444043	0.447368	0.445230	0.435798	0.464602	0.441296	0.372093	0.318008	0.347032	0.471545	0.493088	0.464567	0.288889	0.318352	0.467391	0.504348	0.286822	0.475655	0.206522	0.444898	0.412621	0.457447	0.436123	
0.261538	0.144578	0.278746	0.296029	0.276382	0.326087	0.192771	0.312727	0.372093	0.368794	0.285211	0.168675	0.300725	0.360656	0.357466	0.315353	0.370370	0.313253	0.274648	0.265018	0.282143	0.297872	0.272727	0.291188	0.320930	0.260563	0.277193	0.319298	0.308244	0.000000	0.309353	0.339286	0.358852	0.277778	0.428000	0.311377	0.291080	0.273333	0.325000	0.282258	0.367347	0.524590	0.355401	0.314286	0.409524	0.406250	0.334532	0.329545	0.518750	0.364000	0.428571	0.360784	0.480916	0.397163	0.402778	0.424028	0.239766	0.380208	0.276786	0.344340	0.358491	0.327526	0.390698	0.327103	0.303226	0.383886	0.600000	0.380734	0.404930	0.407767	0.364583	0.382979	0.437037	0.364583	0.398467	0.420354	0.446215	0.349057	0.284644	0.336283	0.456000	0.554054	0.522901	0.346715	0.307692	0.462366	0.500000	0.300380	0.467153	0.222222	0.429719	0.408654	0.515789	0.410714	
0.302326	0.156627	0.264286	0.317343	0.261538	0.302583	0.195122	0.290441	0.386047	0.322464	0.313167	0.134146	0.312268	0.333333	0.403670	0.306383	0.412322	0.341564	0.328571	0.299639	0.288889	0.336957	0.302521	0.304688	0.325243	0.250000	0.314286	0.313167	0.353791	0.309353	0.000000	0.301471	0.405000	0.268551	0.410569	0.331288	0.295238	0.291391	0.336957	0.323651	0.345550	0.441989	0.383513	0.322176	0.381188	0.388693	0.397059	0.482558	0.506410	0.369919	0.470899	0.426295	0.444015	0.370909	0.395018	0.420290	0.266272	0.351064	0.285714	0.366667	0.379808	0.328571	0.404762	0.344498	0.303226	0.364078	0.533333	0.363208	0.411552	0.388350	0.419929	0.371841	0.462406	0.397163	0.425781	0.444444	0.487805	0.315789	0.335878	0.309091	0.479508	0.502326	0.464567	0.314815	0.298507	0.434783	0.495575	0.258687	0.458647	0.177778	0.403292	0.312195	0.481283	0.448430	
0.338583	0.166667	0.307143	0.311111	0.321244	0.300000	0.233766	0.338290	0.368421	0.368231	0.338129	0.243590	0.328413	0.415254	0.381818	0.307054	0.344186	0.363265	0.312950	0.297101	0.248175	0.333333	0.307692	0.277992	0.338164	0.276978	0.317857	0.326241	0.313869	0.339286	0.301471	0.000000	0.349515	0.320285	0.450820	0.318750	0.360577	0.275862	0.340659	0.363265	0.410256	0.511111	0.411348	0.340164	0.352381	0.381625	0.333333	0.408046	0.516129	0.352227	0.398964	0.397590	0.436293	0.340580	0.437722	0.471223	0.266667	0.343750	0.327103	0.264151	0.344340	0.340426	0.334884	0.355140	0.326667	0.331754	0.571429	0.290323	0.436823	0.385417	0.397163	0.422383	0.439394	0.421986	0.412451	0.443946	0.443089	0.357488	0.277567	0.346667	0.467213	0.481308	0.399209	0.328358	0.349624	0.452381	0.467890	0.312500	0.454887	0.235294	0.427419	0.349754	0.426230	0.442922	
0.344262	0.346154	0.364078	0.391960	0.400000	0.401015	0.307692	0.348718	0.379310	0.362745	0.338164	0.423077	0.279412	0.415385	0.322751	0.396907	0.291667	0.346939	0.342995	0.302885	0.344498	0.388350	0.347059	0.310881	0.424460	0.328502	0.323671	0.352657	0.350000	0.358852	0.405000	0.349515	0.000000	0.296651	0.375000	0.353535	0.381944	0.356322	0.384236	0.385870	0.369427	0.377953	0.350962	0.363184	0.381720	0.342857	0.405797	0.424658	0.420561	0.335000	0.432749	0.361111	0.406417	0.351220	0.421053	0.407767	0.409091	0.360465	0.384615	0.351648	0.303665	0.336493	0.341969	0.338542	0.305263	0.340426	0.600000	0.329787	0.369458	0.441860	0.375000	0.347826	0.409091	0.406699	0.383420	0.349112	0.340314	0.303448	0.351485	0.287179	0.396825	0.387097	0.352332	0.407035	0.355670	0.500000	0.581818	0.371728	0.398010	0.454545	0.371728	0.394161	0.412698	0.394737	
0.246212	0.146341	0.259516	0.316547	0.275000	0.316547	0.160494	0.248201	0.333333	0.364912	0.275261	0.123457	0.262590	0.371901	0.360000	0.295082	0.356164	0.298805	0.256944	0.298246	0.286738	0.306338	0.336066	0.306818	0.334884	0.266667	0.245675	0.259516	0.294326	0.277778	0.268551	0.320285	0.296651	0.000000	0.442688	0.259036	0.308411	0.280000	0.312057	0.321285	0.323232	0.530055	0.354167	0.338710	0.379147	0.364261	0.335714	0.431818	0.528302	0.362205	0.415385	0.348837	0.456604	0.327465	0.386207	0.426056	0.290698	0.415385	0.312500	0.320930	0.353488	0.328720	0.360731	0.348624	0.309677	0.353488	0.666667	0.378995	0.395105	0.403846	0.406897	0.417544	0.416058	0.375862	0.428030	0.443478	0.391304	0.342723	0.267658	0.279476	0.436508	0.470852	0.437262	0.302158	0.302920	0.417582	0.508929	0.283019	0.438406	0.202247	0.442231	0.400000	0.463158	0.418502	
0.396552	0.525000	0.402390	0.427984	0.441989	0.471311	0.493671	0.466942	0.407035	0.379032	0.412000	0.550000	0.372951	0.439655	0.409574	0.391509	0.336957	0.384259	0.449799	0.431452	0.373444	0.396761	0.336406	0.429825	0.434343	0.409639	0.418327	0.362550	0.426829	0.428000	0.410569	0.450820	0.375000	0.442688	0.000000	0.447368	0.461929	0.459854	0.430894	0.402778	0.412429	0.400000	0.354582	0.429907	0.316384	0.446640	0.401639	0.390411	0.408759	0.429224	0.419162	0.410714	0.380342	0.366935	0.446640	0.379032	0.500000	0.355030	0.439252	0.389189	0.344444	0.422311	0.329730	0.331522	0.426573	0.384615	0.413793	0.367021	0.340000	0.428571	0.370079	0.372470	0.307054	0.395257	0.392241	0.381643	0.398190	0.406250	0.350649	0.453608	0.343891	0.368159	0.355263	0.382716	0.414938	0.471910	0.354545	0.429185	0.362500	0.583333	0.339450	0.427083	0.429379	0.443350	
0.276730	0.130952	0.289157	0.287500	0.257143	0.295181	0.178571	0.294479	0.364286	0.411043	0.230303	0.178571	0.256410	0.370370	0.355140	0.327869	0.365591	0.253731	0.222222	0.256098	0.301887	0.304878	0.254902	0.277419	0.349315	0.285714	0.233129	0.262195	0.266667	0.311377	0.331288	0.318750	0.353535	0.259036	0.447368	0.000000	0.312500	0.178862	0.331288	0.347222	0.423423	0.578512	0.353293	0.432000	0.393617	0.415663	0.377358	0.500000	0.607143	0.364341	0.500000	0.403974	0.509317	0.345455	0.467066	0.448485	0.246154	0.433735	0.326923	0.366337	0.351648	0.353659	0.326316	0.445652	0.285714	0.391304	0.500000	0.388350	0.449102	0.343434	0.383234	0.462963	0.450331	0.452381	0.510345	0.511278	0.423358	0.368056	0.273973	0.436893	0.521127	0.534351	0.510204	0.267081	0.302469	0.413043	0.462963	0.297468	0.519737	0.244444	0.470149	0.340136	0.477941	0.413333	
0.321608	0.141176	0.275701	0.282297	0.262500	0.305825	0.166667	0.258216	0.316384	0.414286	0.314554	0.141176	0.370732	0.318966	0.335526	0.408284	0.375000	0.344444	0.264151	0.293839	0.326829	0.361905	0.296296	0.340102	0.369942	0.289100	0.347418	0.239437	0.292453	0.291080	0.295238	0.360577	0.381944	0.308411	0.461929	0.312500	0.000000	0.276119	0.334906	0.301587	0.292517	0.536913	0.376744	0.403509	0.427536	0.409302	0.318841	0.441176	0.560606	0.393258	0.474074	0.404040	0.541872	0.403756	0.439815	0.466981	0.251701	0.348148	0.236364	0.412162	0.432624	0.375587	0.440559	0.387324	0.328467	0.449275	0.566667	0.359477	0.471963	0.405941	0.414747	0.414286	0.470588	0.479263	0.482051	0.508475	0.486486	0.377246	0.314433	0.411765	0.491979	0.556886	0.575916	0.302885	0.367150	0.468085	0.508929	0.261307	0.532020	0.168539	0.472527	0.346821	0.543750	0.447514	
0.244898	0.146341	0.226667	0.312925	0.261905	0.272109	0.185185	0.243243	0.345588	0.350993	0.271523	0.192771	0.215827	0.362745	0.326087	0.407407	0.481481	0.347107	0.275168	0.283784	0.279720	0.319728	0.236111	0.297101	0.328125	0.244898	0.268456	0.302013	0.313333	0.273333	0.291391	0.275862	0.356322	0.280000	0.459854	0.178862	0.276119	0.000000	0.310811	0.328244	0.421053	0.539823	0.355263	0.436364	0.353659	0.417219	0.363636	0.454545	0.586538	0.345133	0.462500	0.405797	0.534247	0.340000	0.427632	0.476510	0.190476	0.459459	0.270000	0.392857	0.387500	0.337838	0.333333	0.412500	0.282051	0.325000	0.482759	0.393258	0.480263	0.336842	0.450980	0.445946	0.478873	0.450980	0.556391	0.525000	0.565574	0.344000	0.272727	0.544444	0.568000	0.600000	0.610687	0.290541	0.268456	0.397727	0.450000	0.279720	0.561151	0.190476	0.525862	0.325581	0.465116	0.408759	
0.350195	0.289157	0.321429	0.311111	0.311224	0.351852	0.301205	0.293040	0.403756	0.361011	0.289286	0.268293	0.289963	0.363636	0.375000	0.294872	0.404762	0.325103	0.283154	0.282609	0.339483	0.322464	0.279661	0.351562	0.405660	0.310469	0.286738	0.314286	0.313869	0.325000	0.336957	0.340659	0.384236	0.312057	0.430894	0.331288	0.334906	0.310811	0.000000	0.308943	0.345550	0.477778	0.410714	0.364017	0.323383	0.390071	0.367647	0.370588	0.493671	0.337398	0.386243	0.357143	0.503846	0.345455	0.348754	0.409420	0.343373	0.420213	0.254545	0.391304	0.314010	0.364286	0.390476	0.377990	0.339869	0.385366	0.620690	0.372642	0.433213	0.446602	0.411348	0.442029	0.402256	0.411348	0.403922	0.454545	0.448560	0.362319	0.304183	0.374429	0.428571	0.400922	0.443137	0.340741	0.328358	0.397849	0.513274	0.315175	0.464419	0.288889	0.411523	0.390244	0.470588	0.403587	
0.293333	0.173913	0.285141	0.322314	0.333333	0.355649	0.117647	0.340249	0.382979	0.345528	0.298387	0.173913	0.340336	0.371429	0.380711	0.336449	0.362694	0.387097	0.285141	0.323887	0.322314	0.294355	0.291866	0.303965	0.329843	0.314516	0.322581	0.350806	0.373444	0.282258	0.323651	0.363265	0.385870	0.321285	0.402778	0.347222	0.301587	0.328244	0.308943	0.000000	0.360656	0.452830	0.416000	0.383178	0.372340	0.394422	0.370833	0.460526	0.585714	0.376147	0.426036	0.333333	0.484979	0.352227	0.401606	0.399194	0.363636	0.450292	0.322917	0.373684	0.333333	0.330645	0.415789	0.335079	0.320896	0.365079	0.619048	0.405128	0.426829	0.441860	0.368000	0.389344	0.448718	0.452000	0.515419	0.452261	0.456221	0.327778	0.250000	0.328283	0.388889	0.489247	0.426667	0.357143	0.313808	0.371795	0.505155	0.302632	0.447257	0.250000	0.417431	0.294444	0.466258	0.414508	
0.320225	0.285714	0.378788	0.415789	0.425373	0.411458	0.292683	0.364583	0.344371	0.422680	0.379487	0.357143	0.365979	0.493506	0.335294	0.321839	0.369048	0.337017	0.328283	0.341837	0.358974	0.358586	0.347305	0.403315	0.380000	0.401015	0.351759	0.335025	0.381443	0.367347	0.345550	0.410256	0.369427	0.323232	0.412429	0.423423	0.292517	0.421053	0.345550	0.360656	0.000000	0.456693	0.422111	0.366667	0.384146	0.378109	0.458333	0.465116	0.558824	0.417112	0.430464	0.360000	0.481481	0.360406	0.370000	0.368687	0.385965	0.437908	0.405797	0.371257	0.400000	0.398010	0.402367	0.315476	0.420000	0.413174	0.900000	0.434524	0.435897	0.508475	0.412060	0.415385	0.354497	0.442211	0.412088	0.411765	0.423077	0.416667	0.357895	0.329412	0.388889	0.453333	0.434066	0.402116	0.369565	0.647059	0.478873	0.357542	0.445026	0.416667	0.447514	0.428571	0.440945	0.470968	
0.488235	0.625000	0.456522	0.528409	0.569343	0.466667	0.638889	0.497207	0.457746	0.402235	0.478022	0.643836	0.471264	0.466019	0.401515	0.398601	0.483871	0.474026	0.502762	0.543956	0.494318	0.428571	0.447853	0.505952	0.476190	0.480447	0.519126	0.500000	0.550562	0.524590	0.441989	0.511111	0.377953	0.530055	0.400000	0.578512	0.536913	0.539823	0.477778	0.452830	0.456693	0.000000	0.424731	0.440789	0.346774	0.459893	0.435028	0.458015	0.333333	0.409091	0.420635	0.403509	0.440476	0.388889	0.430108	0.396739	0.585366	0.321101	0.629213	0.416000	0.373984	0.420765	0.392000	0.388430	0.512821	0.352459	0.307692	0.400000	0.355556	0.458824	0.398907	0.391061	0.363636	0.358696	0.319277	0.302013	0.436709	0.458904	0.542169	0.350746	0.371069	0.345070	0.387879	0.474860	0.440000	0.448718	0.387755	0.460227	0.338983	0.657895	0.305732	0.446043	0.384615	0.400000	
0.386973	0.404762	0.319444	0.400722	0.376884	0.379061	0.349398	0.347826	0.418605	0.369718	0.364912	0.404762	0.335740	0.373984	0.373874	0.363636	0.414747	0.334677	0.371930	0.378092	0.329749	0.374558	0.384298	0.362595	0.383178	0.354386	0.391608	0.362369	0.407143	0.355401	0.383513	0.411348	0.350962	0.354167	0.354582	0.353293	0.376744	0.355263	0.410714	0.416000	0.422111	0.424731	0.000000	0.422764	0.380952	0.375862	0.393502	0.363636	0.440252	0.402390	0.413265	0.394531	0.415094	0.401408	0.446367	0.398601	0.412791	0.419689	0.362832	0.389671	0.373832	0.428571	0.331797	0.344186	0.324841	0.396226	0.366667	0.351598	0.371930	0.413462	0.401384	0.352113	0.371324	0.370242	0.414449	0.403509	0.390438	0.389671	0.363296	0.348018	0.404000	0.436937	0.421456	0.447273	0.379562	0.362637	0.460870	0.376426	0.405109	0.395604	0.380000	0.398104	0.382199	0.364444	
0.304545	0.441860	0.341463	0.429787	0.418750	0.353191	0.404762	0.425532	0.392045	0.377593	0.385246	0.348837	0.353909	0.493976	0.375587	0.327354	0.370370	0.351111	0.327869	0.351240	0.325000	0.363636	0.378109	0.361233	0.401163	0.347107	0.341463	0.402439	0.387500	0.314286	0.322176	0.340164	0.363184	0.338710	0.429907	0.432000	0.403509	0.436364	0.364017	0.383178	0.366667	0.440789	0.422764	0.000000	0.368932	0.428000	0.417355	0.415663	0.416000	0.362869	0.343750	0.385321	0.403587	0.380165	0.383065	0.371429	0.388060	0.359375	0.410959	0.350962	0.391509	0.392000	0.375000	0.353488	0.491379	0.375587	0.562500	0.388889	0.411523	0.476190	0.360324	0.341564	0.373391	0.388664	0.427313	0.371859	0.400901	0.408046	0.361702	0.315068	0.433790	0.443850	0.426667	0.374468	0.392241	0.431373	0.555556	0.331839	0.389831	0.340000	0.406250	0.437870	0.439189	0.446237	
0.327957	0.466667	0.387560	0.376238	0.379032	0.343434	0.357143	0.363636	0.457143	0.339806	0.373786	0.333333	0.306220	0.462963	0.404040	0.338235	0.318841	0.379310	0.366667	0.360577	0.406699	0.370192	0.303571	0.378238	0.441176	0.365385	0.371429	0.342857	0.407960	0.409524	0.381188	0.352381	0.381720	0.379147	0.316384	0.393617	0.427536	0.353659	0.323383	0.372340	0.384146	0.346774	0.380952	0.368932	0.000000	0.396226	0.365854	0.363636	0.395833	0.336538	0.357143	0.351648	0.351064	0.304348	0.345972	0.355769	0.392157	0.371585	0.444444	0.340314	0.333333	0.399061	0.333333	0.336585	0.372093	0.330049	1.000000	0.361809	0.339806	0.500000	0.421053	0.330144	0.380000	0.339713	0.365482	0.426901	0.371134	0.410072	0.367150	0.391304	0.404145	0.356688	0.353535	0.363636	0.438144	0.454545	0.456522	0.361702	0.404878	0.500000	0.326633	0.451852	0.365217	0.344371	
0.354717	0.313253	0.351724	0.379928	0.315000	0.394265	0.353659	0.372760	0.377880	0.378947	0.350694	0.361446	0.348921	0.341463	0.384956	0.365854	0.381818	0.353175	0.406250	0.395105	0.358423	0.382456	0.356557	0.356061	0.362791	0.349650	0.359862	0.373702	0.399293	0.406250	0.388693	0.381625	0.342857	0.364261	0.446640	0.415663	0.409302	0.417219	0.390071	0.394422	0.378109	0.459893	0.375862	0.428000	0.396226	0.000000	0.387097	0.474860	0.496894	0.419608	0.436548	0.376923	0.423221	0.356643	0.380137	0.397213	0.350575	0.377551	0.398230	0.350230	0.351852	0.343643	0.377273	0.424658	0.382166	0.370370	0.500000	0.355856	0.411150	0.485437	0.419244	0.364912	0.427007	0.350515	0.400000	0.400862	0.360784	0.411215	0.394052	0.356522	0.409449	0.452915	0.475285	0.420863	0.391304	0.391304	0.500000	0.338346	0.416667	0.333333	0.450593	0.393365	0.429319	0.385965	
0.332016	0.230769	0.346570	0.332090	0.343750	0.344569	0.294872	0.343284	0.385714	0.373626	0.318841	0.269231	0.339552	0.381356	0.385321	0.344828	0.389671	0.342975	0.338182	0.352727	0.316176	0.354015	0.330508	0.356863	0.364078	0.346715	0.329710	0.328520	0.367647	0.334532	0.397059	0.333333	0.405797	0.335714	0.401639	0.377358	0.318841	0.363636	0.367647	0.370833	0.458333	0.435028	0.393502	0.417355	0.365854	0.387097	0.000000	0.382857	0.461039	0.382114	0.407216	0.362903	0.458498	0.330882	0.471223	0.480000	0.319277	0.343915	0.364486	0.377990	0.358852	0.397849	0.358491	0.380952	0.348684	0.389423	0.600000	0.375587	0.418182	0.479592	0.400000	0.456204	0.419847	0.453571	0.413386	0.457399	0.440816	0.396135	0.315385	0.372727	0.452282	0.443925	0.456349	0.333333	0.344697	0.482759	0.509259	0.339921	0.462121	0.305882	0.423237	0.413793	0.497238	0.438356	
