-nan	-nan	-nan	-nan	-nan	-nan	-nan	-nan	-nan	-nan	-nan	-nan	-nan	-nan	-nan	-nan	-nan	-nan	-nan	-nan	-nan	-nan	-nan	-nan	-nan	-nan	-nan	-nan	-nan	-nan	-nan	-nan	-nan	-nan	-nan	-nan	-nan	-nan	-nan	-nan	-nan	-nan	-nan	-nan	-nan	-nan	-nan	-nan	-nan	-nan	-nan	-nan	-nan	-nan	-nan	-nan	-nan	-nan	-nan	-nan	-nan	-nan	-nan	-nan	-nan	-nan	-nan	-nan	-nan	-nan	-nan	-nan	-nan	-nan	-nan	-nan	-nan	-nan	-nan	
-nan	0.000000	0.548387	0.433333	0.419355	-nan	0.466667	0.363636	0.384615	0.451613	0.419355	0.428571	0.517241	0.500000	0.448276	0.451613	0.846154	0.466667	0.516129	0.600000	0.413793	0.548387	0.466667	0.483871	0.392857	0.379310	0.419355	0.500000	0.333333	0.344828	0.548387	0.517241	0.451613	0.466667	0.516129	0.483871	0.451613	0.419355	0.000000	0.600000	0.433333	0.517241	0.451613	0.419355	0.433333	0.448276	0.516129	0.483871	0.565217	0.580645	0.428571	0.483871	0.413793	0.500000	0.580645	0.451613	0.387097	0.387097	0.483871	0.322581	0.566667	0.551724	0.482759	0.451613	0.548387	0.413793	0.387097	0.466667	0.448276	0.433333	0.448276	0.366667	0.500000	0.451613	0.600000	0.451613	0.379310	0.551724	0.392857	
-nan	0.548387	0.000000	0.612245	0.490196	-nan	0.520000	0.615385	0.333333	0.490196	0.490196	0.611111	0.510204	0.408163	0.541667	0.549020	0.470588	0.510204	0.440000	0.416667	0.479167	0.372549	0.480000	0.568627	0.583333	0.612245	0.408163	0.540000	0.333333	0.632653	0.470588	0.469388	0.470588	0.440000	0.509804	0.300000	0.333333	0.509804	1.000000	0.420000	0.571429	0.489796	0.627451	0.372549	0.469388	0.448980	0.509804	0.509804	0.487179	0.470588	0.479167	0.490196	0.530612	0.500000	0.509804	0.568627	0.560000	0.490196	0.490196	0.490196	0.500000	0.361702	0.469388	0.627451	0.509804	0.530612	0.588235	0.408163	0.541667	0.460000	0.354167	0.541667	0.571429	0.408163	0.530612	0.509804	0.425532	0.571429	0.404255	
-nan	0.433333	0.612245	0.000000	0.510204	-nan	0.479167	0.384615	0.600000	0.510204	0.551020	0.529412	0.468085	0.458333	0.456522	0.408163	0.250000	0.531915	0.458333	0.586957	0.456522	0.469388	0.354167	0.428571	0.543478	0.553191	0.553191	0.437500	0.000000	0.489362	0.469388	0.510638	0.428571	0.479167	0.510204	0.583333	0.571429	0.571429	1.000000	0.562500	0.479167	0.531915	0.346939	0.612245	0.404255	0.446809	0.469388	0.489796	0.486486	0.367347	0.500000	0.428571	0.510638	0.562500	0.408163	0.489796	0.416667	0.346939	0.591837	0.530612	0.416667	0.600000	0.510638	0.571429	0.551020	0.489362	0.367347	0.638298	0.456522	0.500000	0.586957	0.543478	0.404255	0.404255	0.468085	0.428571	0.422222	0.531915	0.533333	
-nan	0.419355	0.490196	0.510204	0.000000	-nan	0.520000	0.538462	0.333333	0.588235	0.392157	0.666667	0.469388	0.551020	0.625000	0.529412	0.529412	0.571429	0.500000	0.458333	0.458333	0.549020	0.520000	0.431373	0.479167	0.530612	0.530612	0.620000	0.000000	0.408163	0.490196	0.530612	0.529412	0.460000	0.490196	0.460000	0.509804	0.450980	1.000000	0.440000	0.367347	0.367347	0.411765	0.431373	0.530612	0.387755	0.490196	0.529412	0.641026	0.568627	0.395833	0.392157	0.510204	0.380000	0.490196	0.549020	0.500000	0.470588	0.666667	0.431373	0.480000	0.361702	0.510204	0.450980	0.490196	0.530612	0.568627	0.510204	0.604167	0.420000	0.562500	0.520833	0.551020	0.551020	0.653061	0.372549	0.425532	0.591837	0.638298	
-nan	-nan	-nan	-nan	-nan	-nan	-nan	-nan	-nan	-nan	-nan	-nan	-nan	-nan	-nan	-nan	-nan	-nan	-nan	-nan	-nan	-nan	-nan	-nan	-nan	-nan	-nan	-nan	-nan	-nan	-nan	-nan	-nan	-nan	-nan	-nan	-nan	-nan	-nan	-nan	-nan	-nan	-nan	-nan	-nan	-nan	-nan	-nan	-nan	-nan	-nan	-nan	-nan	-nan	-nan	-nan	-nan	-nan	-nan	-nan	-nan	-nan	-nan	-nan	-nan	-nan	-nan	-nan	-nan	-nan	-nan	-nan	-nan	-nan	-nan	-nan	-nan	-nan	-nan	
-nan	0.466667	0.520000	0.479167	0.520000	-nan	0.000000	0.384615	0.600000	0.480000	0.540000	0.388889	0.437500	0.408163	0.500000	0.440000	0.529412	0.333333	0.285714	0.489362	0.531915	0.460000	0.571429	0.520000	0.446809	0.541667	0.375000	0.387755	0.000000	0.437500	0.500000	0.583333	0.520000	0.387755	0.440000	0.408163	0.460000	0.420000	1.000000	0.346939	0.395833	0.437500	0.580000	0.520000	0.520833	0.448980	0.400000	0.380000	0.473684	0.520000	0.604167	0.520000	0.416667	0.380000	0.480000	0.460000	0.489796	0.460000	0.420000	0.480000	0.469388	0.565217	0.437500	0.440000	0.540000	0.520833	0.480000	0.395833	0.458333	0.469388	0.382979	0.416667	0.395833	0.500000	0.583333	0.600000	0.543478	0.395833	0.531915	
-nan	0.363636	0.615385	0.384615	0.538462	-nan	0.384615	0.000000	0.250000	0.384615	0.461538	0.428571	0.333333	0.384615	0.307692	0.230769	0.571429	0.250000	0.500000	0.500000	0.250000	0.615385	0.538462	0.538462	0.500000	0.333333	0.538462	0.384615	0.000000	0.692308	0.615385	0.333333	0.307692	0.384615	0.230769	0.769231	0.307692	0.461538	-nan	0.384615	0.307692	0.230769	0.461538	0.538462	0.307692	0.615385	0.461538	0.538462	0.454545	0.384615	0.538462	0.538462	0.230769	0.461538	0.153846	0.153846	0.384615	0.384615	0.461538	0.384615	0.250000	0.583333	0.538462	0.384615	0.461538	0.538462	0.230769	0.416667	0.461538	0.153846	0.500000	0.307692	0.384615	0.307692	0.538462	0.230769	0.833333	0.307692	0.166667	
-nan	0.384615	0.333333	0.600000	0.333333	-nan	0.600000	0.250000	0.000000	0.600000	0.266667	0.142857	0.307692	0.200000	0.600000	0.400000	0.727273	0.428571	0.533333	0.571429	0.307692	0.466667	0.500000	0.333333	0.357143	0.500000	0.333333	0.214286	0.333333	0.357143	0.400000	0.357143	0.266667	0.400000	0.466667	0.400000	0.266667	0.400000	0.000000	0.214286	0.500000	0.461538	0.400000	0.266667	0.214286	0.666667	0.600000	0.400000	0.500000	0.466667	0.466667	0.533333	0.142857	0.266667	0.200000	0.400000	0.466667	0.600000	0.533333	0.400000	0.357143	0.214286	0.200000	0.200000	0.400000	0.214286	0.266667	0.285714	0.357143	0.428571	0.428571	0.333333	0.571429	0.333333	0.333333	0.400000	0.428571	0.428571	0.384615	
-nan	0.451613	0.490196	0.510204	0.588235	-nan	0.480000	0.384615	0.600000	0.000000	0.549020	0.611111	0.489796	0.510204	0.312500	0.450980	0.411765	0.408163	0.520000	0.500000	0.416667	0.431373	0.500000	0.431373	0.458333	0.408163	0.408163	0.520000	0.333333	0.448980	0.529412	0.408163	0.411765	0.460000	0.529412	0.520000	0.431373	0.529412	1.000000	0.460000	0.489796	0.428571	0.529412	0.470588	0.591837	0.530612	0.490196	0.450980	0.333333	0.450980	0.458333	0.392157	0.510204	0.540000	0.568627	0.509804	0.400000	0.549020	0.431373	0.470588	0.460000	0.638298	0.489796	0.450980	0.372549	0.469388	0.450980	0.428571	0.291667	0.440000	0.458333	0.500000	0.326531	0.510204	0.571429	0.490196	0.638298	0.428571	0.468085	
-nan	0.419355	0.490196	0.551020	0.392157	-nan	0.540000	0.461538	0.266667	0.549020	0.000000	0.166667	0.612245	0.448980	0.541667	0.607843	0.647059	0.408163	0.440000	0.500000	0.437500	0.431373	0.520000	0.431373	0.395833	0.530612	0.530612	0.500000	0.333333	0.469388	0.529412	0.530612	0.490196	0.540000	0.411765	0.400000	0.431373	0.490196	0.000000	0.520000	0.510204	0.469388	0.490196	0.392157	0.428571	0.530612	0.529412	0.568627	0.589744	0.490196	0.479167	0.588235	0.469388	0.480000	0.450980	0.431373	0.460000	0.509804	0.431373	0.392157	0.520000	0.489362	0.551020	0.411765	0.568627	0.673469	0.568627	0.530612	0.500000	0.460000	0.562500	0.437500	0.469388	0.469388	0.489796	0.568627	0.553191	0.510204	0.468085	
-nan	0.428571	0.611111	0.529412	0.666667	-nan	0.388889	0.428571	0.142857	0.611111	0.166667	0.000000	0.500000	0.333333	0.444444	0.444444	0.777778	0.294118	0.294118	0.647059	0.437500	0.444444	0.411765	0.444444	0.235294	0.500000	0.611111	0.176471	0.333333	0.470588	0.555556	0.470588	0.388889	0.611111	0.500000	0.388889	0.500000	0.333333	0.000000	0.555556	0.529412	0.437500	0.500000	0.388889	0.333333	0.500000	0.611111	0.444444	0.437500	0.444444	0.647059	0.555556	0.235294	0.277778	0.444444	0.111111	0.500000	0.444444	0.333333	0.500000	0.444444	0.470588	0.388889	0.500000	0.777778	0.411765	0.388889	0.352941	0.470588	0.529412	0.500000	0.117647	0.411765	0.411765	0.388889	0.555556	0.555556	0.529412	0.411765	
-nan	0.517241	0.510204	0.468085	0.469388	-nan	0.437500	0.333333	0.307692	0.489796	0.612245	0.500000	0.000000	0.382979	0.565217	0.530612	0.733333	0.531915	0.541667	0.413043	0.468085	0.571429	0.479167	0.408163	0.543478	0.382979	0.468085	0.354167	0.000000	0.468085	0.469388	0.425532	0.469388	0.500000	0.428571	0.541667	0.428571	0.408163	-nan	0.416667	0.395833	0.354167	0.448980	0.448980	0.531915	0.553191	0.591837	0.408163	0.459459	0.448980	0.434783	0.448980	0.510638	0.354167	0.408163	0.571429	0.541667	0.489796	0.693878	0.510204	0.291667	0.466667	0.468085	0.428571	0.346939	0.270833	0.306122	0.468085	0.565217	0.416667	0.521739	0.521739	0.553191	0.319149	0.553191	0.530612	0.400000	0.361702	0.478261	
-nan	0.500000	0.408163	0.458333	0.551020	-nan	0.408163	0.384615	0.200000	0.510204	0.448980	0.333333	0.382979	0.000000	0.468085	0.632653	0.500000	0.382979	0.416667	0.521739	0.543478	0.448980	0.458333	0.469388	0.434783	0.382979	0.446809	0.375000	0.333333	0.510638	0.489796	0.574468	0.530612	0.500000	0.387755	0.479167	0.428571	0.448980	0.000000	0.354167	0.458333	0.553191	0.530612	0.530612	0.382979	0.520833	0.591837	0.428571	0.432432	0.489796	0.382979	0.469388	0.531915	0.326531	0.367347	0.510204	0.354167	0.469388	0.428571	0.326531	0.437500	0.466667	0.489362	0.408163	0.448980	0.489362	0.448980	0.425532	0.404255	0.416667	0.369565	0.382979	0.531915	0.468085	0.446809	0.510204	0.400000	0.382979	0.500000	
-nan	0.448276	0.541667	0.456522	0.625000	-nan	0.500000	0.307692	0.600000	0.312500	0.541667	0.444444	0.565217	0.468085	0.000000	0.395833	0.411765	0.413043	0.510638	0.577778	0.377778	0.395833	0.489362	0.520833	0.466667	0.391304	0.565217	0.361702	0.666667	0.500000	0.500000	0.413043	0.416667	0.361702	0.541667	0.553191	0.312500	0.645833	0.000000	0.553191	0.456522	0.456522	0.583333	0.395833	0.468085	0.468085	0.416667	0.479167	0.297297	0.500000	0.413043	0.437500	0.543478	0.583333	0.562500	0.333333	0.404255	0.437500	0.479167	0.354167	0.489362	0.659091	0.586957	0.541667	0.458333	0.478261	0.395833	0.500000	0.391304	0.489362	0.533333	0.468085	0.413043	0.553191	0.521739	0.458333	0.590909	0.369565	0.355556	
-nan	0.451613	0.549020	0.408163	0.529412	-nan	0.440000	0.230769	0.400000	0.450980	0.607843	0.444444	0.530612	0.632653	0.395833	0.000000	0.411765	0.489796	0.540000	0.520833	0.500000	0.490196	0.480000	0.450980	0.479167	0.551020	0.612245	0.500000	0.000000	0.489796	0.470588	0.469388	0.392157	0.340000	0.470588	0.520000	0.529412	0.509804	1.000000	0.460000	0.510204	0.408163	0.509804	0.450980	0.489796	0.448980	0.392157	0.549020	0.410256	0.392157	0.583333	0.490196	0.326531	0.500000	0.509804	0.411765	0.500000	0.529412	0.529412	0.490196	0.480000	0.404255	0.408163	0.509804	0.509804	0.448980	0.352941	0.489796	0.479167	0.460000	0.520833	0.437500	0.489796	0.428571	0.510204	0.431373	0.617021	0.530612	0.553191	
-nan	0.846154	0.470588	0.250000	0.529412	-nan	0.529412	0.571429	0.727273	0.411765	0.647059	0.777778	0.733333	0.500000	0.411765	0.411765	0.000000	0.500000	0.294118	0.600000	0.600000	0.411765	0.375000	0.411765	0.647059	0.812500	0.764706	0.625000	0.500000	0.687500	0.529412	0.562500	0.529412	0.562500	0.470588	0.470588	0.588235	0.647059	1.000000	0.411765	0.600000	0.400000	0.411765	0.764706	0.500000	0.352941	0.411765	0.647059	0.357143	0.529412	0.470588	0.470588	0.562500	0.647059	0.529412	0.705882	0.529412	0.411765	0.529412	0.647059	0.500000	0.500000	0.562500	0.529412	0.588235	0.687500	0.588235	0.437500	0.500000	0.500000	0.625000	0.437500	0.411765	0.470588	0.470588	0.470588	0.647059	0.500000	0.562500	
-nan	0.466667	0.510204	0.531915	0.571429	-nan	0.333333	0.250000	0.428571	0.408163	0.408163	0.294118	0.531915	0.382979	0.413043	0.489796	0.500000	0.000000	0.437500	0.456522	0.479167	0.489796	0.604167	0.530612	0.413043	0.425532	0.375000	0.458333	0.333333	0.510638	0.612245	0.416667	0.306122	0.458333	0.448980	0.562500	0.510204	0.489796	0.000000	0.458333	0.425532	0.468085	0.571429	0.510204	0.489362	0.531915	0.571429	0.448980	0.486486	0.489796	0.608696	0.571429	0.340426	0.458333	0.448980	0.326531	0.416667	0.408163	0.387755	0.387755	0.375000	0.586957	0.510638	0.489796	0.571429	0.531915	0.346939	0.446809	0.347826	0.500000	0.456522	0.282609	0.446809	0.510638	0.531915	0.591837	0.666667	0.340426	0.533333	
-nan	0.516129	0.440000	0.458333	0.500000	-nan	0.285714	0.500000	0.533333	0.520000	0.440000	0.294118	0.541667	0.416667	0.510638	0.540000	0.294118	0.437500	0.000000	0.553191	0.510638	0.520000	0.530612	0.580000	0.510638	0.625000	0.479167	0.346939	0.000000	0.604167	0.600000	0.500000	0.540000	0.571429	0.520000	0.367347	0.420000	0.520000	1.000000	0.387755	0.541667	0.562500	0.420000	0.560000	0.416667	0.458333	0.600000	0.460000	0.435897	0.500000	0.531915	0.520000	0.395833	0.387755	0.480000	0.400000	0.571429	0.420000	0.440000	0.420000	0.489796	0.543478	0.541667	0.500000	0.600000	0.583333	0.500000	0.291667	0.510638	0.489796	0.574468	0.425532	0.395833	0.541667	0.541667	0.540000	0.500000	0.604167	0.434783	
-nan	0.600000	0.416667	0.586957	0.458333	-nan	0.489362	0.500000	0.571429	0.500000	0.500000	0.647059	0.413043	0.521739	0.577778	0.520833	0.600000	0.456522	0.553191	0.000000	0.466667	0.479167	0.510638	0.562500	0.533333	0.340426	0.531915	0.574468	0.000000	0.652174	0.500000	0.500000	0.583333	0.446809	0.458333	0.489362	0.479167	0.458333	1.000000	0.510638	0.521739	0.543478	0.541667	0.437500	0.586957	0.478261	0.458333	0.520833	0.611111	0.437500	0.555556	0.562500	0.521739	0.468085	0.520833	0.541667	0.458333	0.562500	0.479167	0.437500	0.541667	0.613636	0.456522	0.541667	0.541667	0.500000	0.520833	0.489362	0.565217	0.574468	0.488889	0.543478	0.478261	0.478261	0.617021	0.541667	0.431818	0.500000	0.500000	
-nan	0.413793	0.479167	0.456522	0.458333	-nan	0.531915	0.250000	0.307692	0.416667	0.437500	0.437500	0.468085	0.543478	0.377778	0.500000	0.600000	0.479167	0.510638	0.466667	0.000000	0.500000	0.531915	0.416667	0.600000	0.521739	0.489362	0.510638	0.000000	0.434783	0.500000	0.425532	0.458333	0.404255	0.500000	0.553191	0.354167	0.437500	-nan	0.617021	0.468085	0.382979	0.500000	0.416667	0.369565	0.586957	0.500000	0.520833	0.416667	0.416667	0.466667	0.500000	0.456522	0.553191	0.375000	0.437500	0.382979	0.395833	0.458333	0.520833	0.404255	0.577778	0.391304	0.479167	0.500000	0.446809	0.416667	0.500000	0.377778	0.446809	0.466667	0.466667	0.326087	0.369565	0.565217	0.437500	0.522727	0.500000	0.355556	
-nan	0.548387	0.372549	0.469388	0.549020	-nan	0.460000	0.615385	0.466667	0.431373	0.431373	0.444444	0.571429	0.448980	0.395833	0.490196	0.411765	0.489796	0.520000	0.479167	0.500000	0.000000	0.500000	0.431373	0.458333	0.469388	0.469388	0.440000	0.333333	0.510204	0.490196	0.653061	0.490196	0.280000	0.529412	0.360000	0.392157	0.568627	1.000000	0.500000	0.489796	0.591837	0.568627	0.470588	0.591837	0.428571	0.372549	0.529412	0.435897	0.372549	0.437500	0.588235	0.469388	0.480000	0.450980	0.549020	0.380000	0.588235	0.509804	0.509804	0.600000	0.553191	0.510204	0.490196	0.529412	0.428571	0.568627	0.551020	0.375000	0.520000	0.375000	0.437500	0.408163	0.510204	0.428571	0.529412	0.510638	0.428571	0.468085	
-nan	0.466667	0.480000	0.354167	0.520000	-nan	0.571429	0.538462	0.500000	0.500000	0.520000	0.411765	0.479167	0.458333	0.489362	0.480000	0.375000	0.604167	0.530612	0.510638	0.531915	0.500000	0.000000	0.560000	0.425532	0.583333	0.604167	0.460000	0.666667	0.571429	0.620000	0.416667	0.440000	0.530612	0.540000	0.469388	0.500000	0.460000	0.000000	0.530612	0.500000	0.469388	0.500000	0.500000	0.416667	0.375000	0.520000	0.560000	0.578947	0.400000	0.595745	0.440000	0.571429	0.489796	0.620000	0.600000	0.489796	0.480000	0.400000	0.580000	0.571429	0.531915	0.583333	0.620000	0.720000	0.479167	0.480000	0.520833	0.553191	0.580000	0.583333	0.468085	0.520833	0.479167	0.375000	0.460000	0.521739	0.571429	0.630435	
-nan	0.483871	0.568627	0.428571	0.431373	-nan	0.520000	0.538462	0.333333	0.431373	0.431373	0.444444	0.408163	0.469388	0.520833	0.450980	0.411765	0.530612	0.580000	0.562500	0.416667	0.431373	0.560000	0.000000	0.458333	0.510204	0.469388	0.580000	0.333333	0.346939	0.450980	0.510204	0.411765	0.520000	0.411765	0.560000	0.470588	0.490196	1.000000	0.480000	0.448980	0.367347	0.411765	0.431373	0.530612	0.612245	0.372549	0.450980	0.435897	0.529412	0.416667	0.549020	0.530612	0.580000	0.333333	0.588235	0.400000	0.509804	0.588235	0.431373	0.440000	0.425532	0.387755	0.411765	0.450980	0.428571	0.450980	0.530612	0.395833	0.460000	0.583333	0.437500	0.387755	0.448980	0.530612	0.568627	0.468085	0.489796	0.468085	
-nan	0.392857	0.583333	0.543478	0.479167	-nan	0.446809	0.500000	0.357143	0.458333	0.395833	0.235294	0.543478	0.434783	0.466667	0.479167	0.647059	0.413043	0.510638	0.533333	0.600000	0.458333	0.425532	0.458333	0.000000	0.510638	0.434783	0.425532	0.000000	0.391304	0.479167	0.553191	0.479167	0.510638	0.416667	0.404255	0.500000	0.541667	1.000000	0.382979	0.413043	0.521739	0.458333	0.479167	0.413043	0.425532	0.520833	0.437500	0.527778	0.500000	0.553191	0.520833	0.446809	0.468085	0.479167	0.375000	0.446809	0.562500	0.437500	0.312500	0.553191	0.488889	0.468085	0.458333	0.520833	0.319149	0.520833	0.369565	0.488889	0.510638	0.511111	0.466667	0.434783	0.630435	0.468085	0.458333	0.688889	0.510638	0.577778	
-nan	0.379310	0.612245	0.553191	0.530612	-nan	0.541667	0.333333	0.500000	0.408163	0.530612	0.500000	0.382979	0.382979	0.391304	0.551020	0.812500	0.425532	0.625000	0.340426	0.521739	0.469388	0.583333	0.510204	0.510638	0.000000	0.510638	0.458333	0.333333	0.553191	0.510204	0.520833	0.530612	0.520833	0.551020	0.666667	0.448980	0.551020	0.000000	0.500000	0.404255	0.531915	0.510204	0.489796	0.574468	0.520833	0.571429	0.571429	0.459459	0.551020	0.468085	0.469388	0.479167	0.375000	0.489796	0.428571	0.354167	0.591837	0.489796	0.387755	0.408163	0.652174	0.583333	0.448980	0.387755	0.437500	0.489796	0.479167	0.369565	0.583333	0.434783	0.413043	0.489362	0.531915	0.541667	0.530612	0.422222	0.479167	0.511111	
-nan	0.419355	0.408163	0.553191	0.530612	-nan	0.375000	0.538462	0.333333	0.408163	0.530612	0.611111	0.468085	0.446809	0.565217	0.612245	0.764706	0.375000	0.479167	0.531915	0.489362	0.469388	0.604167	0.469388	0.434783	0.510638	0.000000	0.562500	0.333333	0.446809	0.591837	0.489362	0.448980	0.500000	0.551020	0.458333	0.448980	0.551020	1.000000	0.395833	0.446809	0.553191	0.469388	0.448980	0.574468	0.531915	0.551020	0.408163	0.459459	0.530612	0.456522	0.469388	0.489362	0.541667	0.408163	0.530612	0.408163	0.551020	0.510204	0.387755	0.500000	0.521739	0.404255	0.510204	0.387755	0.340426	0.469388	0.425532	0.369565	0.562500	0.500000	0.543478	0.425532	0.531915	0.500000	0.551020	0.555556	0.489362	0.488889	
-nan	0.500000	0.540000	0.437500	0.620000	-nan	0.387755	0.384615	0.214286	0.520000	0.500000	0.176471	0.354167	0.375000	0.361702	0.500000	0.625000	0.458333	0.346939	0.574468	0.510638	0.440000	0.460000	0.580000	0.425532	0.458333	0.562500	0.000000	0.666667	0.510204	0.480000	0.416667	0.460000	0.408163	0.480000	0.448980	0.400000	0.440000	0.000000	0.387755	0.500000	0.530612	0.520000	0.560000	0.416667	0.541667	0.540000	0.420000	0.394737	0.460000	0.510638	0.500000	0.326531	0.346939	0.480000	0.380000	0.612245	0.540000	0.500000	0.520000	0.469388	0.553191	0.395833	0.480000	0.540000	0.437500	0.380000	0.479167	0.425532	0.440000	0.458333	0.446809	0.562500	0.458333	0.437500	0.560000	0.413043	0.408163	0.413043	
-nan	0.333333	0.333333	0.000000	0.000000	-nan	0.000000	0.000000	0.333333	0.333333	0.333333	0.333333	0.000000	0.333333	0.666667	0.000000	0.500000	0.333333	0.000000	0.000000	0.000000	0.333333	0.666667	0.333333	0.000000	0.333333	0.333333	0.666667	0.000000	0.666667	0.333333	1.000000	0.333333	0.333333	0.666667	0.333333	0.000000	1.000000	1.000000	0.333333	0.500000	0.500000	0.000000	0.333333	0.333333	0.000000	0.333333	0.666667	0.666667	0.333333	0.333333	0.333333	0.333333	0.333333	0.000000	0.333333	0.333333	0.333333	0.666667	0.000000	0.333333	0.666667	0.333333	0.333333	0.333333	0.000000	0.333333	0.000000	0.333333	0.333333	0.666667	0.333333	0.000000	0.333333	1.000000	0.000000	0.666667	0.666667	0.500000	
-nan	0.344828	0.632653	0.489362	0.408163	-nan	0.437500	0.692308	0.357143	0.448980	0.469388	0.470588	0.468085	0.510638	0.500000	0.489796	0.687500	0.510638	0.604167	0.652174	0.434783	0.510204	0.571429	0.346939	0.391304	0.553191	0.446809	0.510204	0.666667	0.000000	0.326531	0.531915	0.551020	0.520833	0.510204	0.520833	0.612245	0.428571	0.000000	0.479167	0.468085	0.479167	0.448980	0.408163	0.446809	0.531915	0.367347	0.346939	0.432432	0.571429	0.500000	0.448980	0.479167	0.520833	0.510204	0.591837	0.458333	0.469388	0.469388	0.489796	0.479167	0.413043	0.340426	0.346939	0.428571	0.425532	0.428571	0.531915	0.500000	0.428571	0.446809	0.521739	0.446809	0.446809	0.489362	0.510204	0.434783	0.437500	0.577778	
-nan	0.548387	0.470588	0.469388	0.490196	-nan	0.500000	0.615385	0.400000	0.529412	0.529412	0.555556	0.469388	0.489796	0.500000	0.470588	0.529412	0.612245	0.600000	0.500000	0.500000	0.490196	0.620000	0.450980	0.479167	0.510204	0.591837	0.480000	0.333333	0.326531	0.000000	0.489796	0.509804	0.460000	0.509804	0.400000	0.450980	0.470588	1.000000	0.500000	0.428571	0.469388	0.549020	0.372549	0.387755	0.489796	0.431373	0.470588	0.564103	0.588235	0.541667	0.490196	0.489796	0.480000	0.588235	0.607843	0.560000	0.411765	0.568627	0.529412	0.500000	0.446809	0.387755	0.509804	0.313725	0.428571	0.509804	0.469388	0.479167	0.480000	0.437500	0.520833	0.428571	0.387755	0.469388	0.470588	0.361702	0.489796	0.446809	
-nan	0.517241	0.469388	0.510638	0.530612	-nan	0.583333	0.333333	0.357143	0.408163	0.530612	0.470588	0.425532	0.574468	0.413043	0.469388	0.562500	0.416667	0.500000	0.500000	0.425532	0.653061	0.416667	0.510204	0.553191	0.520833	0.489362	0.416667	1.000000	0.531915	0.489796	0.000000	0.285714	0.479167	0.469388	0.500000	0.428571	0.489796	0.000000	0.500000	0.425532	0.319149	0.510204	0.428571	0.468085	0.541667	0.571429	0.510204	0.513514	0.469388	0.531915	0.448980	0.458333	0.437500	0.551020	0.448980	0.479167	0.448980	0.469388	0.571429	0.479167	0.500000	0.583333	0.530612	0.530612	0.458333	0.326531	0.404255	0.521739	0.458333	0.543478	0.500000	0.468085	0.425532	0.500000	0.408163	0.444444	0.500000	0.466667	
-nan	0.451613	0.470588	0.428571	0.529412	-nan	0.520000	0.307692	0.266667	0.411765	0.490196	0.388889	0.469388	0.530612	0.416667	0.392157	0.529412	0.306122	0.540000	0.583333	0.458333	0.490196	0.440000	0.411765	0.479167	0.530612	0.448980	0.460000	0.333333	0.551020	0.509804	0.285714	0.000000	0.500000	0.588235	0.560000	0.333333	0.627451	0.000000	0.580000	0.428571	0.346939	0.549020	0.450980	0.387755	0.489796	0.431373	0.470588	0.461538	0.392157	0.583333	0.490196	0.367347	0.540000	0.470588	0.411765	0.500000	0.333333	0.490196	0.529412	0.460000	0.404255	0.571429	0.509804	0.549020	0.428571	0.313725	0.591837	0.479167	0.380000	0.500000	0.395833	0.387755	0.510204	0.510204	0.509804	0.553191	0.448980	0.553191	
-nan	0.466667	0.440000	0.479167	0.460000	-nan	0.387755	0.384615	0.400000	0.460000	0.540000	0.611111	0.500000	0.500000	0.361702	0.340000	0.562500	0.458333	0.571429	0.446809	0.404255	0.280000	0.530612	0.520000	0.510638	0.520833	0.500000	0.408163	0.333333	0.520833	0.460000	0.479167	0.500000	0.000000	0.460000	0.408163	0.420000	0.460000	1.000000	0.448980	0.437500	0.500000	0.600000	0.460000	0.625000	0.500000	0.420000	0.540000	0.538462	0.420000	0.361702	0.540000	0.479167	0.408163	0.540000	0.460000	0.448980	0.600000	0.540000	0.500000	0.551020	0.565217	0.469388	0.500000	0.460000	0.458333	0.380000	0.562500	0.340426	0.489796	0.382979	0.489362	0.541667	0.520833	0.500000	0.440000	0.565217	0.312500	0.456522	
-nan	0.516129	0.509804	0.510204	0.490196	-nan	0.440000	0.230769	0.466667	0.529412	0.411765	0.500000	0.428571	0.387755	0.541667	0.470588	0.470588	0.448980	0.520000	0.458333	0.500000	0.529412	0.540000	0.411765	0.416667	0.551020	0.551020	0.480000	0.666667	0.510204	0.509804	0.469388	0.588235	0.460000	0.000000	0.540000	0.568627	0.431373	1.000000	0.320000	0.551020	0.428571	0.588235	0.568627	0.489796	0.612245	0.431373	0.392157	0.589744	0.352941	0.479167	0.568627	0.510204	0.460000	0.392157	0.450980	0.440000	0.490196	0.490196	0.490196	0.400000	0.446809	0.489796	0.392157	0.549020	0.530612	0.509804	0.530612	0.500000	0.440000	0.395833	0.541667	0.530612	0.448980	0.530612	0.470588	0.468085	0.428571	0.425532	
-nan	0.483871	0.300000	0.583333	0.460000	-nan	0.408163	0.769231	0.400000	0.520000	0.400000	0.388889	0.541667	0.479167	0.553191	0.520000	0.470588	0.562500	0.367347	0.489362	0.553191	0.360000	0.469388	0.560000	0.404255	0.666667	0.458333	0.448980	0.333333	0.520833	0.400000	0.500000	0.560000	0.408163	0.540000	0.000000	0.400000	0.440000	1.000000	0.408163	0.437500	0.500000	0.540000	0.400000	0.562500	0.437500	0.560000	0.520000	0.578947	0.580000	0.446809	0.340000	0.520833	0.448980	0.580000	0.500000	0.510204	0.540000	0.460000	0.500000	0.693878	0.478261	0.416667	0.540000	0.500000	0.458333	0.640000	0.354167	0.468085	0.530612	0.446809	0.531915	0.437500	0.458333	0.437500	0.480000	0.478261	0.500000	0.434783	
-nan	0.451613	0.333333	0.571429	0.509804	-nan	0.460000	0.307692	0.266667	0.431373	0.431373	0.500000	0.428571	0.428571	0.312500	0.529412	0.588235	0.510204	0.420000	0.479167	0.354167	0.392157	0.500000	0.470588	0.500000	0.448980	0.448980	0.400000	0.000000	0.612245	0.450980	0.428571	0.333333	0.420000	0.568627	0.400000	0.000000	0.686275	1.000000	0.480000	0.428571	0.469388	0.607843	0.313725	0.387755	0.530612	0.529412	0.529412	0.487179	0.411765	0.395833	0.509804	0.448980	0.560000	0.450980	0.470588	0.540000	0.470588	0.509804	0.392157	0.520000	0.617021	0.551020	0.490196	0.411765	0.448980	0.490196	0.408163	0.479167	0.400000	0.562500	0.520833	0.408163	0.489796	0.571429	0.529412	0.510638	0.408163	0.297872	
-nan	0.419355	0.509804	0.571429	0.450980	-nan	0.420000	0.461538	0.400000	0.529412	0.490196	0.333333	0.408163	0.448980	0.645833	0.509804	0.647059	0.489796	0.520000	0.458333	0.437500	0.568627	0.460000	0.490196	0.541667	0.551020	0.551020	0.440000	1.000000	0.428571	0.470588	0.489796	0.627451	0.460000	0.431373	0.440000	0.686275	0.000000	0.000000	0.460000	0.408163	0.408163	0.549020	0.568627	0.530612	0.591837	0.549020	0.509804	0.564103	0.588235	0.583333	0.450980	0.510204	0.320000	0.509804	0.529412	0.500000	0.529412	0.490196	0.529412	0.480000	0.425532	0.326531	0.549020	0.549020	0.551020	0.549020	0.469388	0.437500	0.480000	0.395833	0.333333	0.530612	0.306122	0.428571	0.509804	0.468085	0.591837	0.574468	
-nan	0.000000	1.000000	1.000000	1.000000	-nan	1.000000	-nan	0.000000	1.000000	0.000000	0.000000	-nan	0.000000	0.000000	1.000000	1.000000	0.000000	1.000000	1.000000	-nan	1.000000	0.000000	1.000000	1.000000	0.000000	1.000000	0.000000	1.000000	0.000000	1.000000	0.000000	0.000000	1.000000	1.000000	1.000000	1.000000	0.000000	0.000000	1.000000	-nan	-nan	1.000000	0.000000	0.000000	1.000000	1.000000	0.000000	0.000000	1.000000	1.000000	1.000000	0.000000	0.000000	1.000000	0.000000	0.000000	0.000000	0.000000	1.000000	0.000000	0.000000	1.000000	0.000000	1.000000	-nan	0.000000	1.000000	1.000000	1.000000	0.000000	0.000000	1.000000	1.000000	0.000000	1.000000	0.000000	0.000000	-nan	
-nan	0.600000	0.420000	0.562500	0.440000	-nan	0.346939	0.384615	0.214286	0.460000	0.520000	0.555556	0.416667	0.354167	0.553191	0.460000	0.411765	0.458333	0.387755	0.510638	0.617021	0.500000	0.530612	0.480000	0.382979	0.500000	0.395833	0.387755	0.333333	0.479167	0.500000	0.500000	0.580000	0.448980	0.320000	0.408163	0.480000	0.460000	1.000000	0.000000	0.500000	0.500000	0.500000	0.560000	0.583333	0.604167	0.520000	0.440000	0.435897	0.500000	0.446809	0.360000	0.416667	0.265306	0.420000	0.500000	0.530612	0.620000	0.540000	0.440000	0.387755	0.391304	0.437500	0.480000	0.380000	0.458333	0.620000	0.375000	0.437500	0.469388	0.446809	0.531915	0.500000	0.458333	0.520833	0.520000	0.500000	0.437500	0.543478	
-nan	0.433333	0.571429	0.479167	0.367347	-nan	0.395833	0.307692	0.500000	0.489796	0.510204	0.529412	0.395833	0.458333	0.456522	0.510204	0.600000	0.425532	0.541667	0.521739	0.468085	0.489796	0.500000	0.448980	0.413043	0.404255	0.446809	0.500000	0.500000	0.468085	0.428571	0.425532	0.428571	0.437500	0.551020	0.437500	0.428571	0.408163	-nan	0.500000	0.000000	0.270833	0.469388	0.489796	0.446809	0.446809	0.591837	0.551020	0.486486	0.571429	0.456522	0.367347	0.425532	0.458333	0.448980	0.489796	0.333333	0.448980	0.612245	0.387755	0.520833	0.488889	0.468085	0.510204	0.387755	0.416667	0.469388	0.446809	0.369565	0.437500	0.521739	0.391304	0.404255	0.489362	0.446809	0.346939	0.511111	0.468085	0.521739	
-nan	0.517241	0.489796	0.531915	0.367347	-nan	0.437500	0.230769	0.461538	0.428571	0.469388	0.437500	0.354167	0.553191	0.456522	0.408163	0.400000	0.468085	0.562500	0.543478	0.382979	0.591837	0.469388	0.367347	0.521739	0.531915	0.553191	0.530612	0.500000	0.479167	0.469388	0.319149	0.346939	0.500000	0.428571	0.500000	0.469388	0.408163	-nan	0.500000	0.270833	0.000000	0.510204	0.408163	0.382979	0.425532	0.448980	0.551020	0.378378	0.571429	0.500000	0.367347	0.458333	0.458333	0.510204	0.551020	0.479167	0.428571	0.591837	0.551020	0.458333	0.369565	0.489362	0.489796	0.530612	0.479167	0.469388	0.489362	0.543478	0.346939	0.425532	0.434783	0.468085	0.382979	0.595745	0.469388	0.533333	0.500000	0.543478	
-nan	0.451613	0.627451	0.346939	0.411765	-nan	0.580000	0.461538	0.400000	0.529412	0.490196	0.500000	0.448980	0.530612	0.583333	0.509804	0.411765	0.571429	0.420000	0.541667	0.500000	0.568627	0.500000	0.411765	0.458333	0.510204	0.469388	0.520000	0.000000	0.448980	0.549020	0.510204	0.549020	0.600000	0.588235	0.540000	0.607843	0.549020	1.000000	0.500000	0.469388	0.510204	0.000000	0.647059	0.510204	0.326531	0.549020	0.509804	0.307692	0.588235	0.375000	0.490196	0.489796	0.480000	0.392157	0.490196	0.500000	0.529412	0.607843	0.450980	0.460000	0.510638	0.530612	0.470588	0.431373	0.428571	0.431373	0.489796	0.500000	0.560000	0.625000	0.541667	0.571429	0.448980	0.448980	0.392157	0.468085	0.571429	0.531915	
-nan	0.419355	0.372549	0.612245	0.431373	-nan	0.520000	0.538462	0.266667	0.470588	0.392157	0.388889	0.448980	0.530612	0.395833	0.450980	0.764706	0.510204	0.560000	0.437500	0.416667	0.470588	0.500000	0.431373	0.479167	0.489796	0.448980	0.560000	0.333333	0.408163	0.372549	0.428571	0.450980	0.460000	0.568627	0.400000	0.313725	0.568627	0.000000	0.560000	0.489796	0.408163	0.647059	0.000000	0.448980	0.469388	0.490196	0.411765	0.564103	0.529412	0.479167	0.509804	0.448980	0.540000	0.568627	0.549020	0.580000	0.509804	0.470588	0.392157	0.520000	0.510638	0.428571	0.411765	0.450980	0.428571	0.490196	0.367347	0.583333	0.480000	0.541667	0.583333	0.469388	0.530612	0.612245	0.529412	0.489362	0.408163	0.425532	
-nan	0.433333	0.469388	0.404255	0.530612	-nan	0.520833	0.307692	0.214286	0.591837	0.428571	0.333333	0.531915	0.382979	0.468085	0.489796	0.500000	0.489362	0.416667	0.586957	0.369565	0.591837	0.416667	0.530612	0.413043	0.574468	0.574468	0.416667	0.333333	0.446809	0.387755	0.468085	0.387755	0.625000	0.489796	0.562500	0.387755	0.530612	0.000000	0.583333	0.446809	0.382979	0.510204	0.448980	0.000000	0.468085	0.551020	0.469388	0.461538	0.469388	0.630435	0.571429	0.361702	0.583333	0.448980	0.448980	0.520833	0.306122	0.408163	0.428571	0.479167	0.444444	0.425532	0.469388	0.653061	0.468085	0.448980	0.446809	0.521739	0.375000	0.478261	0.434783	0.446809	0.446809	0.425532	0.489796	0.511111	0.574468	0.466667	
-nan	0.448276	0.448980	0.446809	0.387755	-nan	0.448980	0.615385	0.666667	0.530612	0.530612	0.500000	0.553191	0.520833	0.468085	0.448980	0.352941	0.531915	0.458333	0.478261	0.586957	0.428571	0.375000	0.612245	0.425532	0.520833	0.531915	0.541667	0.000000	0.531915	0.489796	0.541667	0.489796	0.500000	0.612245	0.437500	0.530612	0.591837	1.000000	0.604167	0.446809	0.425532	0.326531	0.469388	0.468085	0.000000	0.408163	0.510204	0.351351	0.571429	0.500000	0.551020	0.500000	0.428571	0.653061	0.530612	0.541667	0.489796	0.469388	0.510204	0.562500	0.478261	0.625000	0.551020	0.571429	0.479167	0.510204	0.425532	0.638298	0.520833	0.456522	0.446809	0.574468	0.510638	0.541667	0.428571	0.488889	0.562500	0.608696	
-nan	0.516129	0.509804	0.469388	0.490196	-nan	0.400000	0.461538	0.600000	0.490196	0.529412	0.611111	0.591837	0.591837	0.416667	0.392157	0.411765	0.571429	0.600000	0.458333	0.500000	0.372549	0.520000	0.372549	0.520833	0.571429	0.551020	0.540000	0.333333	0.367347	0.431373	0.571429	0.431373	0.420000	0.431373	0.560000	0.529412	0.549020	1.000000	0.520000	0.591837	0.448980	0.549020	0.490196	0.551020	0.408163	0.000000	0.431373	0.435897	0.470588	0.500000	0.529412	0.571429	0.540000	0.470588	0.568627	0.460000	0.490196	0.450980	0.529412	0.580000	0.382979	0.489796	0.470588	0.549020	0.571429	0.509804	0.632653	0.583333	0.420000	0.375000	0.541667	0.408163	0.489796	0.469388	0.509804	0.468085	0.489796	0.531915	
-nan	0.483871	0.509804	0.489796	0.529412	-nan	0.380000	0.538462	0.400000	0.450980	0.568627	0.444444	0.408163	0.428571	0.479167	0.549020	0.647059	0.448980	0.460000	0.520833	0.520833	0.529412	0.560000	0.450980	0.437500	0.571429	0.408163	0.420000	0.666667	0.346939	0.470588	0.510204	0.470588	0.540000	0.392157	0.520000	0.529412	0.509804	0.000000	0.440000	0.551020	0.551020	0.509804	0.411765	0.469388	0.510204	0.431373	0.000000	0.487179	0.509804	0.604167	0.529412	0.489796	0.560000	0.392157	0.450980	0.620000	0.411765	0.529412	0.568627	0.500000	0.425532	0.367347	0.431373	0.470588	0.387755	0.470588	0.510204	0.541667	0.460000	0.458333	0.666667	0.551020	0.571429	0.591837	0.470588	0.446809	0.408163	0.425532	
-nan	0.565217	0.487179	0.486486	0.641026	-nan	0.473684	0.454545	0.500000	0.333333	0.589744	0.437500	0.459459	0.432432	0.297297	0.410256	0.357143	0.486486	0.435897	0.611111	0.416667	0.435897	0.578947	0.435897	0.527778	0.459459	0.459459	0.394737	0.666667	0.432432	0.564103	0.513514	0.461538	0.538462	0.589744	0.578947	0.487179	0.564103	0.000000	0.435897	0.486486	0.378378	0.307692	0.564103	0.461538	0.351351	0.435897	0.487179	0.000000	0.461538	0.388889	0.461538	0.405405	0.473684	0.538462	0.461538	0.473684	0.564103	0.487179	0.435897	0.368421	0.400000	0.500000	0.512821	0.435897	0.432432	0.435897	0.473684	0.486486	0.473684	0.388889	0.500000	0.487179	0.526316	0.513514	0.564103	0.514286	0.459459	0.428571	
-nan	0.580645	0.470588	0.367347	0.568627	-nan	0.520000	0.384615	0.466667	0.450980	0.490196	0.444444	0.448980	0.489796	0.500000	0.392157	0.529412	0.489796	0.500000	0.437500	0.416667	0.372549	0.400000	0.529412	0.500000	0.551020	0.530612	0.460000	0.333333	0.571429	0.588235	0.469388	0.392157	0.420000	0.352941	0.580000	0.411765	0.588235	1.000000	0.500000	0.571429	0.571429	0.588235	0.529412	0.469388	0.571429	0.470588	0.509804	0.461538	0.000000	0.520833	0.529412	0.448980	0.500000	0.470588	0.490196	0.460000	0.529412	0.450980	0.529412	0.440000	0.553191	0.530612	0.470588	0.588235	0.448980	0.392157	0.571429	0.520833	0.460000	0.479167	0.562500	0.448980	0.510204	0.469388	0.509804	0.510638	0.448980	0.510638	
-nan	0.428571	0.479167	0.500000	0.395833	-nan	0.604167	0.538462	0.466667	0.458333	0.479167	0.647059	0.434783	0.382979	0.413043	0.583333	0.470588	0.608696	0.531915	0.555556	0.466667	0.437500	0.595745	0.416667	0.553191	0.468085	0.456522	0.510638	0.333333	0.500000	0.541667	0.531915	0.583333	0.361702	0.479167	0.446809	0.395833	0.583333	1.000000	0.446809	0.456522	0.500000	0.375000	0.479167	0.630435	0.500000	0.500000	0.604167	0.388889	0.520833	0.000000	0.354167	0.574468	0.458333	0.416667	0.562500	0.425532	0.625000	0.583333	0.354167	0.531915	0.511111	0.553191	0.395833	0.333333	0.489362	0.541667	0.565217	0.434783	0.340426	0.511111	0.630435	0.608696	0.543478	0.489362	0.395833	0.386364	0.319149	0.400000	
-nan	0.483871	0.490196	0.428571	0.392157	-nan	0.520000	0.538462	0.533333	0.392157	0.588235	0.555556	0.448980	0.469388	0.437500	0.490196	0.470588	0.571429	0.520000	0.562500	0.500000	0.588235	0.440000	0.549020	0.520833	0.469388	0.469388	0.500000	0.333333	0.448980	0.490196	0.448980	0.490196	0.540000	0.568627	0.340000	0.509804	0.450980	1.000000	0.360000	0.367347	0.367347	0.490196	0.509804	0.571429	0.551020	0.529412	0.529412	0.461538	0.529412	0.354167	0.000000	0.591837	0.460000	0.529412	0.509804	0.480000	0.509804	0.549020	0.470588	0.580000	0.468085	0.428571	0.568627	0.411765	0.489796	0.607843	0.530612	0.416667	0.420000	0.500000	0.604167	0.428571	0.448980	0.510204	0.372549	0.425532	0.510204	0.595745	
-nan	0.413793	0.530612	0.510638	0.510204	-nan	0.416667	0.230769	0.142857	0.510204	0.469388	0.235294	0.510638	0.531915	0.543478	0.326531	0.562500	0.340426	0.395833	0.521739	0.456522	0.469388	0.571429	0.530612	0.446809	0.479167	0.489362	0.326531	0.333333	0.479167	0.489796	0.458333	0.367347	0.479167	0.510204	0.520833	0.448980	0.510204	0.000000	0.416667	0.425532	0.458333	0.489796	0.448980	0.361702	0.500000	0.571429	0.489796	0.405405	0.448980	0.574468	0.591837	0.000000	0.416667	0.428571	0.346939	0.562500	0.469388	0.489796	0.530612	0.416667	0.446809	0.312500	0.408163	0.551020	0.437500	0.387755	0.468085	0.478261	0.428571	0.446809	0.391304	0.446809	0.510638	0.520833	0.489796	0.533333	0.489796	0.488889	
-nan	0.500000	0.500000	0.562500	0.380000	-nan	0.380000	0.461538	0.266667	0.540000	0.480000	0.277778	0.354167	0.326531	0.583333	0.500000	0.647059	0.458333	0.387755	0.468085	0.553191	0.480000	0.489796	0.580000	0.468085	0.375000	0.541667	0.346939	0.333333	0.520833	0.480000	0.437500	0.540000	0.408163	0.460000	0.448980	0.560000	0.320000	0.000000	0.265306	0.458333	0.458333	0.480000	0.540000	0.583333	0.428571	0.540000	0.560000	0.473684	0.500000	0.458333	0.460000	0.416667	0.000000	0.500000	0.480000	0.428571	0.560000	0.520000	0.500000	0.387755	0.413043	0.583333	0.460000	0.440000	0.437500	0.500000	0.375000	0.520833	0.469388	0.340426	0.333333	0.520833	0.416667	0.479167	0.500000	0.391304	0.520833	0.680851	
-nan	0.580645	0.509804	0.408163	0.490196	-nan	0.480000	0.153846	0.200000	0.568627	0.450980	0.444444	0.408163	0.367347	0.562500	0.509804	0.529412	0.448980	0.480000	0.520833	0.375000	0.450980	0.620000	0.333333	0.479167	0.489796	0.408163	0.480000	0.000000	0.510204	0.588235	0.551020	0.470588	0.540000	0.392157	0.580000	0.450980	0.509804	1.000000	0.420000	0.448980	0.510204	0.392157	0.568627	0.448980	0.653061	0.470588	0.392157	0.538462	0.470588	0.416667	0.529412	0.428571	0.500000	0.000000	0.411765	0.380000	0.490196	0.607843	0.450980	0.420000	0.425532	0.408163	0.392157	0.392157	0.448980	0.509804	0.530612	0.458333	0.360000	0.500000	0.562500	0.469388	0.387755	0.428571	0.392157	0.531915	0.510204	0.468085	
-nan	0.451613	0.568627	0.489796	0.549020	-nan	0.460000	0.153846	0.400000	0.509804	0.431373	0.111111	0.571429	0.510204	0.333333	0.411765	0.705882	0.326531	0.400000	0.541667	0.437500	0.549020	0.600000	0.588235	0.375000	0.428571	0.530612	0.380000	0.333333	0.591837	0.607843	0.448980	0.411765	0.460000	0.450980	0.500000	0.470588	0.529412	0.000000	0.500000	0.489796	0.551020	0.490196	0.549020	0.448980	0.530612	0.568627	0.450980	0.461538	0.490196	0.562500	0.509804	0.346939	0.480000	0.411765	0.000000	0.460000	0.392157	0.431373	0.431373	0.340000	0.553191	0.510204	0.529412	0.568627	0.510204	0.411765	0.489796	0.458333	0.540000	0.479167	0.416667	0.408163	0.571429	0.489796	0.411765	0.680851	0.510204	0.382979	
-nan	0.387097	0.560000	0.416667	0.500000	-nan	0.489796	0.384615	0.466667	0.400000	0.460000	0.500000	0.541667	0.354167	0.404255	0.500000	0.529412	0.416667	0.571429	0.458333	0.382979	0.380000	0.489796	0.400000	0.446809	0.354167	0.408163	0.612245	0.333333	0.458333	0.560000	0.479167	0.500000	0.448980	0.440000	0.510204	0.540000	0.500000	0.000000	0.530612	0.333333	0.479167	0.500000	0.580000	0.520833	0.541667	0.460000	0.620000	0.473684	0.460000	0.425532	0.480000	0.562500	0.428571	0.380000	0.460000	0.000000	0.400000	0.460000	0.380000	0.448980	0.543478	0.541667	0.440000	0.480000	0.416667	0.420000	0.479167	0.340426	0.551020	0.382979	0.340426	0.291667	0.500000	0.408163	0.380000	0.478261	0.520833	0.500000	
