0.000000	0.600000	0.571429	0.714286	0.571429	-nan	0.428571	0.333333	0.500000	0.571429	0.285714	0.000000	0.428571	0.571429	0.571429	0.714286	0.400000	0.285714	0.571429	0.166667	0.600000	0.571429	0.285714	0.571429	0.428571	0.571429	0.428571	0.142857	0.000000	0.285714	0.285714	0.428571	0.428571	0.714286	0.857143	0.428571	0.428571	0.571429	0.000000	0.285714	0.666667	0.285714	0.285714	0.714286	0.714286	0.571429	0.428571	0.285714	0.166667	0.571429	0.285714	0.285714	0.428571	0.428571	0.666667	0.285714	0.285714	0.142857	0.571429	0.428571	0.428571	0.285714	0.142857	0.571429	0.666667	0.500000	0.571429	0.428571	0.285714	0.428571	0.714286	0.714286	0.428571	0.428571	0.285714	0.428571	0.200000	0.571429	0.285714	
0.600000	0.000000	0.333333	0.310160	0.348315	0.000000	0.305263	0.310345	0.378788	0.356021	0.299465	0.388235	0.320856	0.342105	0.301775	0.294118	0.433333	0.329843	0.310526	0.392405	0.294444	0.331579	0.343750	0.335079	0.295699	0.354497	0.308511	0.326203	0.285714	0.287234	0.325843	0.315508	0.313830	0.342105	0.329843	0.284946	0.352632	0.260638	0.500000	0.298429	0.378947	0.289474	0.342246	0.313830	0.356725	0.313514	0.284211	0.326316	0.357143	0.361702	0.326316	0.345745	0.347368	0.379888	0.388298	0.303191	0.324607	0.322751	0.308511	0.374332	0.301075	0.349206	0.366492	0.352632	0.313187	0.329787	0.336842	0.317460	0.273684	0.362162	0.372671	0.269841	0.315789	0.278947	0.338710	0.260638	0.359281	0.317204	0.317460	
0.571429	0.333333	0.000000	0.340237	0.344615	1.000000	0.319088	0.344828	0.336957	0.376437	0.330460	0.319018	0.334311	0.334278	0.343750	0.336232	0.406780	0.350427	0.358166	0.314189	0.318584	0.322946	0.320225	0.325779	0.313953	0.338109	0.333333	0.327635	0.375000	0.372159	0.325301	0.314286	0.291066	0.293447	0.330484	0.378613	0.338983	0.300000	0.636364	0.357955	0.361823	0.372493	0.367052	0.270115	0.360606	0.351585	0.344828	0.305085	0.358696	0.291908	0.343023	0.338109	0.364407	0.352770	0.316092	0.328571	0.313390	0.350575	0.304843	0.324484	0.319885	0.305714	0.330484	0.340974	0.363112	0.310541	0.344828	0.320700	0.359195	0.304094	0.334471	0.300283	0.321023	0.324859	0.323699	0.307692	0.300319	0.318966	0.314448	
0.714286	0.310160	0.340237	0.000000	0.354633	0.000000	0.315634	0.452381	0.333333	0.348214	0.325444	0.325000	0.341390	0.288235	0.350649	0.332335	0.311927	0.311765	0.304734	0.379433	0.327217	0.334311	0.343023	0.390029	0.352410	0.311573	0.339286	0.332353	0.437500	0.336283	0.331250	0.372781	0.334328	0.324484	0.305882	0.292537	0.319648	0.381657	0.400000	0.335294	0.354839	0.335312	0.332335	0.347181	0.348910	0.328358	0.328402	0.355685	0.320896	0.324405	0.309309	0.345133	0.353801	0.354545	0.376855	0.353116	0.312684	0.315476	0.312684	0.311927	0.326409	0.336283	0.358824	0.373887	0.297297	0.352941	0.357143	0.314371	0.342183	0.332326	0.355872	0.334311	0.357771	0.336257	0.337313	0.309735	0.326667	0.342262	0.332353	
0.571429	0.348315	0.344615	0.354633	0.000000	0.500000	0.346626	0.361446	0.311111	0.336420	0.352941	0.326667	0.370717	0.268293	0.350168	0.336449	0.446429	0.355828	0.375000	0.363636	0.317460	0.285714	0.323263	0.341463	0.343750	0.376543	0.346626	0.355828	0.357143	0.342508	0.335484	0.344615	0.360248	0.324159	0.324159	0.330218	0.355623	0.345679	0.500000	0.355623	0.333333	0.377301	0.373832	0.305556	0.386885	0.345679	0.356037	0.334347	0.334646	0.355140	0.308411	0.289231	0.340426	0.338608	0.356923	0.311728	0.358896	0.328173	0.327217	0.405063	0.366460	0.332308	0.354740	0.390769	0.361371	0.351682	0.378462	0.327103	0.385802	0.322785	0.361940	0.329268	0.370031	0.370821	0.360248	0.357798	0.286207	0.304348	0.356707	
-nan	0.000000	1.000000	0.000000	0.500000	0.000000	0.500000	0.500000	0.000000	0.500000	0.000000	-nan	1.000000	0.000000	0.000000	0.000000	1.000000	0.000000	0.000000	1.000000	0.500000	0.500000	0.500000	1.000000	0.000000	0.500000	1.000000	0.500000	1.000000	0.000000	0.000000	0.000000	1.000000	0.000000	0.500000	0.000000	0.000000	0.500000	-nan	0.500000	1.000000	0.000000	1.000000	1.000000	0.500000	0.000000	0.500000	1.000000	0.500000	-nan	0.000000	0.500000	0.500000	0.500000	0.500000	0.500000	1.000000	1.000000	1.000000	1.000000	0.500000	0.500000	0.000000	0.500000	0.000000	0.500000	0.500000	1.000000	0.000000	1.000000	0.500000	1.000000	0.500000	0.000000	1.000000	0.000000	0.000000	0.000000	0.000000	
0.428571	0.305263	0.319088	0.315634	0.346626	0.500000	0.000000	0.341176	0.358696	0.356941	0.316239	0.292683	0.308140	0.305085	0.302181	0.303468	0.403361	0.324859	0.316239	0.355932	0.314706	0.343662	0.371508	0.355932	0.311239	0.288952	0.311429	0.265537	0.411765	0.357955	0.370920	0.382436	0.321937	0.311615	0.320113	0.356322	0.339888	0.353276	0.636364	0.371831	0.345609	0.327635	0.336207	0.342857	0.347305	0.309456	0.337143	0.308989	0.321429	0.378223	0.332370	0.339031	0.356742	0.367347	0.390313	0.327635	0.310734	0.356125	0.330508	0.366569	0.344729	0.329545	0.345609	0.329545	0.364943	0.310734	0.320000	0.332370	0.317143	0.355685	0.343537	0.311798	0.361582	0.330532	0.309456	0.323864	0.337580	0.297143	0.330508	
0.333333	0.310345	0.344828	0.452381	0.361446	0.500000	0.341176	0.000000	0.450000	0.440476	0.376471	0.432432	0.397590	0.356322	0.358974	0.400000	0.531250	0.400000	0.482759	0.342105	0.317647	0.310345	0.333333	0.345238	0.337349	0.317647	0.348837	0.348837	0.142857	0.448276	0.469880	0.395349	0.392857	0.341176	0.325581	0.397590	0.367816	0.365854	0.285714	0.418605	0.464286	0.302326	0.440476	0.337349	0.364865	0.421687	0.285714	0.329412	0.322581	0.365854	0.353659	0.297619	0.321839	0.455696	0.435294	0.349398	0.430233	0.388235	0.357143	0.400000	0.383721	0.435294	0.411765	0.392857	0.416667	0.341176	0.329412	0.273810	0.337349	0.337349	0.302632	0.383721	0.372093	0.325581	0.321429	0.352941	0.337500	0.297619	0.313953	
0.500000	0.378788	0.336957	0.333333	0.311111	0.000000	0.358696	0.450000	0.000000	0.366667	0.276596	0.411765	0.290323	0.301075	0.369048	0.351064	0.404762	0.361702	0.329787	0.409639	0.439560	0.294737	0.404255	0.380435	0.408602	0.397849	0.344086	0.315789	0.363636	0.351064	0.348315	0.329787	0.344444	0.311828	0.357895	0.370787	0.354839	0.366667	0.333333	0.445652	0.425532	0.311828	0.423913	0.279570	0.413793	0.326087	0.315217	0.419355	0.323529	0.387097	0.329670	0.477778	0.351064	0.404494	0.445652	0.391304	0.361702	0.340426	0.376344	0.336842	0.340426	0.373626	0.319149	0.460674	0.318681	0.440860	0.389474	0.419355	0.442105	0.430108	0.345679	0.287234	0.436170	0.372340	0.344086	0.351648	0.413793	0.347826	0.344086	
0.571429	0.356021	0.376437	0.348214	0.336420	0.500000	0.356941	0.440476	0.366667	0.000000	0.322767	0.343558	0.340176	0.333333	0.324921	0.345930	0.403361	0.324786	0.358166	0.352740	0.284024	0.335227	0.380282	0.324786	0.345930	0.346705	0.356322	0.365714	0.400000	0.352436	0.338369	0.349570	0.341040	0.328571	0.327635	0.330460	0.298295	0.347701	0.454545	0.340909	0.325714	0.345714	0.332370	0.345821	0.334347	0.351744	0.362069	0.328612	0.364621	0.371014	0.341108	0.371429	0.331445	0.344118	0.365994	0.345821	0.384615	0.351585	0.342857	0.357988	0.364162	0.339080	0.342857	0.320917	0.322674	0.325714	0.350575	0.351744	0.337176	0.378299	0.383562	0.349432	0.361823	0.348442	0.371014	0.370370	0.367742	0.355491	0.376068	
0.285714	0.299465	0.330460	0.325444	0.352941	0.000000	0.316239	0.376471	0.276596	0.322767	0.000000	0.371257	0.340176	0.323864	0.318750	0.268222	0.432203	0.356125	0.349570	0.327645	0.359050	0.332386	0.357746	0.360795	0.324638	0.335244	0.322767	0.330484	0.352941	0.323782	0.341317	0.352273	0.327586	0.297143	0.322857	0.363372	0.300283	0.333333	0.454545	0.335227	0.366477	0.287356	0.353623	0.312321	0.366667	0.308357	0.348703	0.317280	0.315412	0.325648	0.330435	0.336207	0.303116	0.358824	0.359195	0.340974	0.351429	0.309456	0.364672	0.318584	0.354467	0.345714	0.346591	0.342939	0.365217	0.304843	0.391931	0.316860	0.323782	0.339181	0.355932	0.363636	0.329545	0.322034	0.360231	0.320917	0.344051	0.338109	0.327635	
0.000000	0.388235	0.319018	0.325000	0.326667	-nan	0.292683	0.432432	0.411765	0.343558	0.371257	0.000000	0.348101	0.319277	0.294872	0.316770	0.390625	0.315152	0.323171	0.325758	0.299363	0.321212	0.351190	0.365269	0.362500	0.387879	0.317073	0.311377	0.000000	0.355828	0.324841	0.329341	0.315152	0.349398	0.355422	0.309091	0.393939	0.345455	0.200000	0.329268	0.295181	0.337423	0.347561	0.304878	0.337423	0.351852	0.387879	0.303571	0.305556	0.276074	0.355828	0.282209	0.327381	0.308642	0.392638	0.303030	0.351515	0.404908	0.390244	0.320513	0.358025	0.337423	0.341317	0.351852	0.359756	0.341463	0.353659	0.331325	0.400000	0.309091	0.358779	0.367470	0.355422	0.333333	0.372671	0.325301	0.312500	0.325301	0.347561	
0.428571	0.320856	0.334311	0.341390	0.370717	1.000000	0.308140	0.397590	0.290323	0.340176	0.340176	0.348101	0.000000	0.345930	0.320513	0.300000	0.394737	0.310145	0.360465	0.377163	0.356287	0.326590	0.382184	0.342029	0.312684	0.333333	0.303207	0.326531	0.294118	0.339130	0.339450	0.317784	0.301170	0.319767	0.350725	0.371681	0.324713	0.316860	0.454545	0.341040	0.348837	0.373178	0.339233	0.338235	0.364198	0.384164	0.309942	0.302594	0.375000	0.359882	0.334320	0.343023	0.352601	0.333333	0.341108	0.347953	0.354651	0.343109	0.325581	0.332326	0.326471	0.344023	0.359420	0.358824	0.330383	0.365217	0.350877	0.331378	0.317784	0.307463	0.365854	0.326590	0.322674	0.351585	0.286982	0.345930	0.333333	0.355882	0.352601	
0.571429	0.342105	0.334278	0.288235	0.268293	0.000000	0.305085	0.356322	0.301075	0.333333	0.323864	0.319277	0.345930	0.000000	0.326087	0.317003	0.398305	0.305085	0.354108	0.317726	0.302053	0.300562	0.328691	0.367978	0.325648	0.349432	0.355114	0.341808	0.411765	0.339943	0.313433	0.341808	0.325714	0.313559	0.305085	0.309456	0.328652	0.320113	0.363636	0.343662	0.302260	0.363636	0.372493	0.273504	0.366366	0.336207	0.318182	0.336134	0.354839	0.335244	0.305476	0.298295	0.319328	0.328488	0.370370	0.339031	0.302260	0.276353	0.305085	0.356725	0.340000	0.323864	0.349296	0.333333	0.318052	0.305085	0.327635	0.321839	0.344729	0.298551	0.346801	0.339888	0.309859	0.322129	0.337143	0.308782	0.332278	0.339031	0.326761	
0.571429	0.301775	0.343750	0.350649	0.350168	0.000000	0.302181	0.358974	0.369048	0.324921	0.318750	0.294872	0.320513	0.326087	0.000000	0.319489	0.380531	0.342679	0.352025	0.348485	0.332258	0.329193	0.347692	0.335404	0.329154	0.341693	0.354232	0.328125	0.428571	0.343750	0.339869	0.329193	0.279874	0.330218	0.318750	0.339683	0.339506	0.330189	0.444444	0.322981	0.320872	0.354232	0.323810	0.338558	0.339934	0.314465	0.355346	0.275542	0.289062	0.378549	0.359873	0.358491	0.315789	0.342949	0.345912	0.328125	0.343750	0.341693	0.364486	0.336570	0.350158	0.318750	0.373832	0.308176	0.293750	0.319876	0.324921	0.311111	0.333333	0.365385	0.374074	0.343653	0.305296	0.302469	0.362776	0.315625	0.317073	0.335423	0.338509	
0.714286	0.294118	0.336232	0.332335	0.336449	0.000000	0.303468	0.400000	0.351064	0.345930	0.268222	0.316770	0.300000	0.317003	0.319489	0.000000	0.394958	0.316092	0.327536	0.304795	0.330357	0.312321	0.327635	0.316092	0.348974	0.323699	0.299419	0.291908	0.294118	0.342029	0.333333	0.335260	0.321739	0.280347	0.280802	0.345029	0.281609	0.313043	0.545455	0.319885	0.328530	0.309249	0.366279	0.302326	0.365031	0.320588	0.339130	0.315186	0.361314	0.337243	0.308824	0.325648	0.342857	0.353116	0.336232	0.362319	0.344828	0.299419	0.352601	0.349254	0.317784	0.313953	0.328530	0.319767	0.352941	0.311239	0.371014	0.382353	0.348837	0.293769	0.340206	0.295129	0.305476	0.349570	0.342105	0.284483	0.326797	0.333333	0.324713	
0.400000	0.433333	0.406780	0.311927	0.446429	1.000000	0.403361	0.531250	0.404762	0.403361	0.432203	0.390625	0.394737	0.398305	0.380531	0.394958	0.000000	0.425000	0.378151	0.495050	0.401786	0.404959	0.350000	0.495798	0.383333	0.411765	0.435897	0.347107	0.500000	0.432203	0.418803	0.400000	0.352941	0.369748	0.404959	0.394958	0.416667	0.483051	0.375000	0.386555	0.403361	0.416667	0.355932	0.436975	0.389831	0.440678	0.444444	0.378151	0.478723	0.367521	0.423729	0.378151	0.408333	0.450000	0.436975	0.371901	0.344538	0.369748	0.378151	0.327586	0.432203	0.444444	0.355932	0.500000	0.427350	0.403361	0.333333	0.410256	0.398305	0.448276	0.450980	0.383333	0.388430	0.441667	0.436975	0.408333	0.396226	0.453782	0.445378	
0.285714	0.329843	0.350427	0.311765	0.355828	0.000000	0.324859	0.400000	0.361702	0.324786	0.356125	0.315152	0.310145	0.305085	0.342679	0.316092	0.425000	0.000000	0.301994	0.354730	0.311765	0.349296	0.318436	0.318310	0.385057	0.348442	0.314286	0.328612	0.470588	0.340909	0.337313	0.356941	0.307692	0.322034	0.319209	0.316092	0.325843	0.327635	0.333333	0.354930	0.328612	0.339031	0.333333	0.320000	0.376506	0.344828	0.310541	0.342697	0.351254	0.354286	0.346821	0.326705	0.289326	0.402332	0.344729	0.336182	0.298592	0.339031	0.378531	0.334311	0.353276	0.291785	0.320113	0.280000	0.362069	0.370056	0.358974	0.358382	0.322857	0.313953	0.383051	0.340845	0.387006	0.347339	0.363897	0.322946	0.302548	0.322857	0.313559	
0.571429	0.310526	0.358166	0.304734	0.375000	0.000000	0.316239	0.482759	0.329787	0.358166	0.349570	0.323171	0.360465	0.354108	0.352025	0.327536	0.378151	0.301994	0.000000	0.354949	0.343109	0.353107	0.317416	0.349432	0.365217	0.358166	0.340909	0.327635	0.312500	0.355114	0.372372	0.356125	0.337176	0.318182	0.329545	0.328530	0.339943	0.346705	0.363636	0.299435	0.354108	0.352273	0.315029	0.313218	0.345455	0.367052	0.337143	0.333333	0.314079	0.317919	0.368116	0.327635	0.324859	0.372434	0.352436	0.324713	0.344729	0.339080	0.327635	0.341176	0.319885	0.352436	0.330484	0.356322	0.326590	0.329545	0.373563	0.345821	0.307471	0.350877	0.359589	0.339943	0.326705	0.355932	0.390173	0.338068	0.341853	0.345821	0.346591	
0.166667	0.392405	0.314189	0.379433	0.363636	1.000000	0.355932	0.342105	0.409639	0.352740	0.327645	0.325758	0.377163	0.317726	0.348485	0.304795	0.495050	0.354730	0.354949	0.000000	0.372822	0.361204	0.310000	0.316498	0.346021	0.342466	0.372014	0.372881	0.176471	0.342373	0.366906	0.340136	0.307167	0.346801	0.305085	0.371134	0.344595	0.303754	0.333333	0.363636	0.335593	0.361775	0.414384	0.327645	0.388489	0.326460	0.345890	0.348993	0.370213	0.318493	0.346021	0.363946	0.335570	0.343750	0.366438	0.358362	0.364865	0.367347	0.359322	0.371930	0.344710	0.323129	0.355705	0.348123	0.368966	0.312925	0.399317	0.395189	0.343537	0.308772	0.376518	0.343434	0.349153	0.326599	0.386986	0.391156	0.374517	0.346939	0.373737	
0.600000	0.294444	0.318584	0.327217	0.317460	0.500000	0.314706	0.317647	0.439560	0.284024	0.359050	0.299363	0.356287	0.302053	0.332258	0.330357	0.401786	0.311765	0.343109	0.372822	0.000000	0.336257	0.292754	0.337243	0.337313	0.357988	0.349112	0.304985	0.250000	0.328446	0.341615	0.352941	0.323442	0.305882	0.309942	0.346269	0.355685	0.334320	0.636364	0.328446	0.301170	0.359882	0.316418	0.323442	0.369906	0.294643	0.324484	0.291545	0.309434	0.313433	0.345345	0.323529	0.326531	0.318182	0.332353	0.347181	0.338235	0.308605	0.350000	0.361702	0.363095	0.328402	0.323529	0.317507	0.351190	0.296188	0.323442	0.295522	0.393491	0.313253	0.322807	0.326531	0.328446	0.341108	0.325373	0.320588	0.330065	0.314540	0.332362	
0.571429	0.331579	0.322946	0.334311	0.285714	0.500000	0.343662	0.310345	0.294737	0.335227	0.332386	0.321212	0.326590	0.300562	0.329193	0.312321	0.404959	0.349296	0.353107	0.361204	0.336257	0.000000	0.302778	0.325843	0.309456	0.362606	0.328612	0.314607	0.294118	0.338983	0.342262	0.324859	0.321023	0.306180	0.292135	0.337143	0.324930	0.300283	0.545455	0.330532	0.334270	0.327684	0.341880	0.317280	0.360360	0.323782	0.355114	0.363128	0.340426	0.340000	0.293948	0.320113	0.337989	0.347826	0.366477	0.337110	0.379213	0.330508	0.312676	0.325581	0.338068	0.325779	0.346479	0.373938	0.323782	0.326761	0.325779	0.318966	0.351275	0.324638	0.356902	0.336134	0.342697	0.357542	0.333333	0.288136	0.282540	0.316239	0.369748	
0.285714	0.343750	0.320225	0.343023	0.323263	0.500000	0.371508	0.333333	0.404255	0.380282	0.357746	0.351190	0.382184	0.328691	0.347692	0.327635	0.350000	0.318436	0.317416	0.310000	0.292754	0.302778	0.000000	0.348189	0.316239	0.356742	0.343662	0.301676	0.352941	0.333333	0.353982	0.338936	0.332394	0.337989	0.310056	0.329545	0.297222	0.308989	0.181818	0.341667	0.337989	0.362360	0.299435	0.312676	0.357143	0.346591	0.340845	0.326870	0.301418	0.342776	0.324786	0.306180	0.345304	0.364943	0.346479	0.323944	0.351955	0.308989	0.318436	0.329480	0.324859	0.308123	0.337989	0.365169	0.312500	0.324022	0.346479	0.324786	0.335211	0.321839	0.366667	0.352778	0.309192	0.340720	0.348442	0.308123	0.327044	0.350282	0.320334	
0.571429	0.335079	0.325779	0.390029	0.341463	1.000000	0.355932	0.345238	0.380435	0.324786	0.360795	0.365269	0.342029	0.367978	0.335404	0.316092	0.495798	0.318310	0.349432	0.316498	0.337243	0.325843	0.348189	0.000000	0.396552	0.328612	0.304843	0.319209	0.235294	0.365439	0.389881	0.308782	0.340909	0.302260	0.347458	0.381089	0.325843	0.338983	0.545455	0.357746	0.349296	0.355114	0.369628	0.329545	0.393393	0.335244	0.316239	0.324022	0.359431	0.345714	0.376437	0.357955	0.288515	0.383721	0.315341	0.376068	0.361582	0.340909	0.360563	0.345029	0.342857	0.335227	0.346479	0.324786	0.372493	0.341808	0.356125	0.333333	0.385269	0.336232	0.408784	0.345506	0.326761	0.366947	0.345714	0.311615	0.387302	0.315341	0.321127	
0.428571	0.295699	0.313953	0.352410	0.343750	0.000000	0.311239	0.337349	0.408602	0.345930	0.324638	0.362500	0.312684	0.325648	0.329154	0.348974	0.383333	0.385057	0.365217	0.346021	0.337313	0.309456	0.316239	0.396552	0.000000	0.344928	0.322674	0.341040	0.437500	0.343931	0.306061	0.320809	0.332370	0.351585	0.347701	0.375367	0.323782	0.293605	0.600000	0.382184	0.348703	0.390173	0.316716	0.335260	0.352761	0.357558	0.320700	0.309456	0.366300	0.373178	0.352941	0.333333	0.386819	0.345238	0.392442	0.345930	0.385057	0.319885	0.331412	0.346269	0.343023	0.342029	0.365994	0.322674	0.339181	0.318966	0.337209	0.301170	0.362319	0.281065	0.324138	0.347701	0.299712	0.331429	0.344023	0.361272	0.318328	0.386628	0.321839	
0.571429	0.354497	0.338109	0.311573	0.376543	0.500000	0.288952	0.317647	0.397849	0.346705	0.335244	0.387879	0.333333	0.349432	0.341693	0.323699	0.411765	0.348442	0.358166	0.342466	0.357988	0.362606	0.356742	0.328612	0.344928	0.000000	0.330460	0.321937	0.235294	0.374286	0.371257	0.366477	0.329513	0.316239	0.367521	0.375723	0.285311	0.352436	0.636364	0.337110	0.341880	0.343840	0.365994	0.341954	0.368580	0.352601	0.324713	0.353107	0.344086	0.386167	0.356522	0.345714	0.326761	0.371345	0.409742	0.351429	0.339031	0.383954	0.377841	0.374631	0.367816	0.314286	0.356125	0.362069	0.355491	0.373938	0.362069	0.375000	0.359195	0.357771	0.375427	0.342776	0.337110	0.371831	0.375723	0.336182	0.378205	0.316092	0.369318	
0.428571	0.308511	0.333333	0.339286	0.346626	1.000000	0.311429	0.348837	0.344086	0.356322	0.322767	0.317073	0.303207	0.355114	0.354232	0.299419	0.435897	0.314286	0.340909	0.372014	0.349112	0.328612	0.343662	0.304843	0.322674	0.330460	0.000000	0.302857	0.250000	0.331429	0.313253	0.297994	0.311239	0.335227	0.305714	0.344928	0.289773	0.302857	0.454545	0.356941	0.325714	0.324786	0.361272	0.285303	0.346505	0.318841	0.315186	0.310734	0.363309	0.323699	0.348837	0.309456	0.311615	0.370588	0.347701	0.347701	0.360000	0.340058	0.324786	0.340237	0.334294	0.329513	0.353276	0.319885	0.367052	0.339031	0.313218	0.333333	0.311239	0.337243	0.382253	0.331445	0.344729	0.308782	0.339130	0.267806	0.341853	0.305476	0.296296	
0.142857	0.326203	0.327635	0.332353	0.355828	0.500000	0.265537	0.348837	0.315789	0.365714	0.330484	0.311377	0.326531	0.341808	0.328125	0.291908	0.347107	0.328612	0.327635	0.372881	0.304985	0.314607	0.301676	0.319209	0.341040	0.321937	0.302857	0.000000	0.235294	0.338068	0.349254	0.376771	0.308571	0.311615	0.296610	0.336207	0.338028	0.341880	0.363636	0.367232	0.371831	0.344729	0.338109	0.316239	0.374622	0.341954	0.339031	0.323034	0.308244	0.347701	0.341040	0.299145	0.356742	0.346939	0.358974	0.340909	0.341808	0.307692	0.359773	0.354839	0.349570	0.323864	0.339943	0.340000	0.348703	0.348442	0.325714	0.356522	0.347578	0.332362	0.361486	0.329577	0.326761	0.353933	0.358166	0.340909	0.335463	0.373219	0.367232	
0.000000	0.285714	0.375000	0.437500	0.357143	1.000000	0.411765	0.142857	0.363636	0.400000	0.352941	0.000000	0.294118	0.411765	0.428571	0.294118	0.500000	0.470588	0.312500	0.176471	0.250000	0.294118	0.352941	0.235294	0.437500	0.235294	0.250000	0.235294	0.000000	0.470588	0.312500	0.500000	0.312500	0.529412	0.411765	0.357143	0.529412	0.411765	0.000000	0.187500	0.187500	0.466667	0.352941	0.352941	0.333333	0.250000	0.294118	0.437500	0.300000	0.312500	0.500000	0.250000	0.176471	0.466667	0.470588	0.294118	0.470588	0.235294	0.411765	0.411765	0.352941	0.352941	0.411765	0.470588	0.470588	0.312500	0.411765	0.375000	0.294118	0.411765	0.312500	0.352941	0.352941	0.294118	0.352941	0.187500	0.500000	0.250000	0.411765	
0.285714	0.287234	0.372159	0.336283	0.342508	0.000000	0.357955	0.448276	0.351064	0.352436	0.323782	0.355828	0.339130	0.339943	0.343750	0.342029	0.432203	0.340909	0.355114	0.342373	0.328446	0.338983	0.333333	0.365439	0.343931	0.374286	0.331429	0.338068	0.470588	0.000000	0.325373	0.327635	0.315186	0.340909	0.329545	0.319885	0.340845	0.347578	0.272727	0.354108	0.345609	0.330484	0.351585	0.349570	0.380665	0.371758	0.318052	0.363380	0.328520	0.342939	0.325581	0.340000	0.357746	0.373178	0.366762	0.368571	0.318182	0.358166	0.360795	0.338235	0.359195	0.370370	0.345609	0.349570	0.351585	0.347458	0.363897	0.352601	0.345714	0.330409	0.389078	0.316384	0.342776	0.343662	0.296830	0.341880	0.372611	0.344828	0.359773	
0.285714	0.325843	0.325301	0.331250	0.335484	0.000000	0.370920	0.469880	0.348315	0.338369	0.341317	0.324841	0.339450	0.313433	0.339869	0.333333	0.418803	0.337313	0.372372	0.366906	0.341615	0.342262	0.353982	0.389881	0.306061	0.371257	0.313253	0.349254	0.312500	0.325373	0.000000	0.329341	0.284431	0.371257	0.290419	0.304878	0.317507	0.321321	0.363636	0.333333	0.316418	0.339339	0.334347	0.337349	0.366242	0.367470	0.326284	0.335312	0.338403	0.337349	0.295732	0.334337	0.317507	0.376543	0.355422	0.355422	0.313433	0.312312	0.289552	0.337461	0.294294	0.335329	0.358209	0.344411	0.332326	0.330357	0.355422	0.344512	0.355422	0.347561	0.380783	0.335312	0.337313	0.331361	0.359517	0.285285	0.327703	0.385542	0.358209	
0.428571	0.315508	0.314286	0.372781	0.344615	0.000000	0.382436	0.395349	0.329787	0.349570	0.352273	0.329341	0.317784	0.341808	0.329193	0.335260	0.400000	0.356941	0.356125	0.340136	0.352941	0.324859	0.338936	0.308782	0.320809	0.366477	0.297994	0.376771	0.500000	0.327635	0.329341	0.000000	0.340974	0.306818	0.351275	0.352601	0.312676	0.314286	0.363636	0.347458	0.326705	0.325714	0.313218	0.335244	0.356495	0.360231	0.317143	0.312676	0.338129	0.324713	0.324638	0.341880	0.300562	0.383721	0.344729	0.356125	0.346591	0.334286	0.334278	0.343109	0.318052	0.319088	0.328612	0.306590	0.325648	0.341808	0.346705	0.356522	0.335244	0.321637	0.385666	0.319209	0.351275	0.339888	0.330460	0.360795	0.364217	0.361823	0.308782	
0.428571	0.313830	0.291066	0.334328	0.360248	1.000000	0.321937	0.392857	0.344444	0.341040	0.327586	0.315152	0.301170	0.325714	0.279874	0.321739	0.352941	0.307692	0.337176	0.307167	0.323442	0.321023	0.332394	0.340909	0.332370	0.329513	0.311239	0.308571	0.312500	0.315186	0.284431	0.340974	0.000000	0.332378	0.294286	0.303207	0.323864	0.297143	0.636364	0.352273	0.302857	0.363897	0.358382	0.312321	0.367781	0.315942	0.299712	0.315341	0.332130	0.341040	0.315942	0.317003	0.300283	0.309735	0.339080	0.341954	0.333333	0.351429	0.285714	0.316568	0.322767	0.357143	0.344729	0.339080	0.348837	0.331429	0.299712	0.354651	0.376437	0.302941	0.334471	0.326705	0.300000	0.288952	0.348703	0.293103	0.299035	0.321839	0.336182	
0.714286	0.342105	0.293447	0.324484	0.324159	0.000000	0.311615	0.341176	0.311828	0.328571	0.297143	0.349398	0.319767	0.313559	0.330218	0.280347	0.369748	0.322034	0.318182	0.346801	0.305882	0.306180	0.337989	0.302260	0.351585	0.316239	0.335227	0.311615	0.529412	0.340909	0.371257	0.306818	0.332378	0.000000	0.308782	0.345821	0.338028	0.327635	0.400000	0.335211	0.328612	0.304843	0.321839	0.339031	0.358434	0.324713	0.300000	0.288515	0.306859	0.338109	0.344928	0.344729	0.325843	0.373178	0.314286	0.325714	0.341808	0.321937	0.322946	0.331378	0.340974	0.326705	0.308782	0.304843	0.304598	0.317280	0.325714	0.303468	0.348571	0.332362	0.389831	0.301408	0.344633	0.311798	0.298851	0.317280	0.353503	0.300000	0.305085	
0.857143	0.329843	0.330484	0.305882	0.324159	0.500000	0.320113	0.325581	0.357895	0.327635	0.322857	0.355422	0.350725	0.305085	0.318750	0.280802	0.404959	0.319209	0.329545	0.305085	0.309942	0.292135	0.310056	0.347458	0.347701	0.367521	0.305714	0.296610	0.411765	0.329545	0.290419	0.351275	0.294286	0.308782	0.000000	0.326648	0.295775	0.273504	0.363636	0.338983	0.293785	0.349432	0.347701	0.313390	0.340361	0.319885	0.357955	0.367978	0.345324	0.316092	0.303468	0.314448	0.334270	0.332362	0.332386	0.340000	0.354930	0.327635	0.308782	0.323615	0.314286	0.298295	0.351275	0.327635	0.322767	0.311615	0.361823	0.342939	0.353276	0.281977	0.317568	0.312676	0.324859	0.308989	0.355301	0.319209	0.308917	0.320000	0.340845	
0.428571	0.284946	0.378613	0.292537	0.330218	0.000000	0.356322	0.397590	0.370787	0.330460	0.363372	0.309091	0.371681	0.309456	0.339683	0.345029	0.394958	0.316092	0.328530	0.371134	0.346269	0.337143	0.329545	0.381089	0.375367	0.375723	0.344928	0.336207	0.357143	0.319885	0.304878	0.352601	0.303207	0.345821	0.326648	0.000000	0.320917	0.343931	0.363636	0.340974	0.329513	0.337176	0.331395	0.357558	0.390909	0.337243	0.339130	0.360000	0.323741	0.350877	0.336257	0.315186	0.354286	0.343195	0.376812	0.324638	0.341954	0.342029	0.311239	0.391045	0.355685	0.350725	0.359195	0.372093	0.289474	0.341954	0.368116	0.370262	0.376812	0.372781	0.388316	0.346705	0.339080	0.325714	0.347953	0.331429	0.343042	0.377907	0.362069	
0.428571	0.352632	0.338983	0.319648	0.355623	0.000000	0.339888	0.367816	0.354839	0.298295	0.300283	0.393939	0.324713	0.328652	0.339506	0.281609	0.416667	0.325843	0.339943	0.344595	0.355685	0.324930	0.297222	0.325843	0.323782	0.285311	0.289773	0.338028	0.529412	0.340845	0.317507	0.312676	0.323864	0.338028	0.295775	0.320917	0.000000	0.317280	0.272727	0.336134	0.343662	0.348442	0.351429	0.306818	0.371257	0.350427	0.301136	0.354749	0.346429	0.350427	0.310345	0.355932	0.310056	0.371014	0.365439	0.299435	0.338028	0.314448	0.342697	0.311953	0.309659	0.335211	0.335211	0.362606	0.325714	0.353933	0.355114	0.340058	0.357955	0.341040	0.360269	0.355742	0.331461	0.367688	0.357143	0.304225	0.369085	0.360795	0.324022	
0.571429	0.260638	0.300000	0.381657	0.345679	0.500000	0.353276	0.365854	0.366667	0.347701	0.333333	0.345455	0.316860	0.320113	0.330189	0.313043	0.483051	0.327635	0.346705	0.303754	0.334320	0.300283	0.308989	0.338983	0.293605	0.352436	0.302857	0.341880	0.411765	0.347578	0.321321	0.314286	0.297143	0.327635	0.273504	0.343931	0.317280	0.000000	0.500000	0.338068	0.293447	0.331429	0.380403	0.315186	0.353474	0.336232	0.288571	0.312676	0.370504	0.325648	0.333333	0.300860	0.344633	0.310850	0.312321	0.338109	0.356125	0.339080	0.309659	0.330383	0.318966	0.320000	0.298295	0.324713	0.306358	0.272727	0.355301	0.313953	0.378223	0.304985	0.289116	0.322034	0.289773	0.327684	0.340058	0.302857	0.306709	0.361032	0.312500	
0.000000	0.500000	0.636364	0.400000	0.500000	-nan	0.636364	0.285714	0.333333	0.454545	0.454545	0.200000	0.454545	0.363636	0.444444	0.545455	0.375000	0.333333	0.363636	0.333333	0.636364	0.545455	0.181818	0.545455	0.600000	0.636364	0.454545	0.363636	0.000000	0.272727	0.363636	0.363636	0.636364	0.400000	0.363636	0.363636	0.272727	0.500000	0.000000	0.500000	0.454545	0.181818	0.272727	0.272727	0.300000	0.545455	0.200000	0.363636	0.500000	0.600000	0.363636	0.272727	0.363636	0.363636	0.454545	0.272727	0.500000	0.454545	0.600000	0.363636	0.400000	0.700000	0.363636	0.454545	0.363636	0.363636	0.363636	0.181818	0.363636	0.181818	0.500000	0.545455	0.454545	0.200000	0.500000	0.454545	0.400000	0.181818	0.363636	
0.285714	0.298429	0.357955	0.335294	0.355623	0.500000	0.371831	0.418605	0.445652	0.340909	0.335227	0.329268	0.341040	0.343662	0.322981	0.319885	0.386555	0.354930	0.299435	0.363636	0.328446	0.330532	0.341667	0.357746	0.382184	0.337110	0.356941	0.367232	0.187500	0.354108	0.333333	0.347458	0.352273	0.335211	0.338983	0.340974	0.336134	0.338068	0.500000	0.000000	0.338983	0.303116	0.334286	0.356125	0.354354	0.352436	0.356125	0.375350	0.335714	0.374286	0.349570	0.345609	0.346369	0.357558	0.352273	0.318182	0.327684	0.339943	0.335211	0.336257	0.330484	0.350282	0.341808	0.363636	0.343840	0.340845	0.350427	0.330460	0.344729	0.328488	0.378378	0.362360	0.301408	0.354749	0.366762	0.319209	0.371429	0.313390	0.369014	
0.666667	0.378947	0.361823	0.354839	0.333333	1.000000	0.345609	0.464286	0.425532	0.325714	0.366477	0.295181	0.348837	0.302260	0.320872	0.328530	0.403361	0.328612	0.354108	0.335593	0.301170	0.334270	0.337989	0.349296	0.348703	0.341880	0.325714	0.371831	0.187500	0.345609	0.316418	0.326705	0.302857	0.328612	0.293785	0.329513	0.343662	0.293447	0.454545	0.338983	0.000000	0.361823	0.332378	0.343750	0.331325	0.363897	0.356125	0.345506	0.353571	0.363897	0.356322	0.329545	0.320225	0.370262	0.358974	0.335227	0.365439	0.352273	0.371105	0.357771	0.375358	0.338068	0.330508	0.314286	0.322767	0.307910	0.334286	0.334294	0.369318	0.313953	0.328814	0.329577	0.343662	0.351124	0.358166	0.325779	0.364217	0.358974	0.401130	
0.285714	0.289474	0.372493	0.335312	0.377301	0.000000	0.327635	0.302326	0.311828	0.345714	0.287356	0.337423	0.373178	0.363636	0.354232	0.309249	0.416667	0.339031	0.352273	0.361775	0.359882	0.327684	0.362360	0.355114	0.390173	0.343840	0.324786	0.344729	0.466667	0.330484	0.339339	0.325714	0.363897	0.304843	0.349432	0.337176	0.348442	0.331429	0.181818	0.303116	0.361823	0.000000	0.342939	0.343840	0.378788	0.332370	0.329513	0.353107	0.336918	0.367052	0.310145	0.351429	0.347458	0.390029	0.372493	0.355301	0.321023	0.349570	0.358974	0.326471	0.339080	0.340974	0.332386	0.343840	0.358382	0.357955	0.340974	0.360465	0.340000	0.354839	0.374150	0.322034	0.355114	0.338983	0.337176	0.293447	0.362179	0.314121	0.334278	
0.285714	0.342246	0.367052	0.332335	0.373832	1.000000	0.336207	0.440476	0.423913	0.332370	0.353623	0.347561	0.339233	0.372493	0.323810	0.366279	0.355932	0.333333	0.315029	0.414384	0.316418	0.341880	0.299435	0.369628	0.316716	0.365994	0.361272	0.338109	0.352941	0.351585	0.334347	0.313218	0.358382	0.321839	0.347701	0.331395	0.351429	0.380403	0.272727	0.334286	0.332378	0.342939	0.000000	0.359420	0.376147	0.345029	0.360231	0.344729	0.315217	0.399417	0.298246	0.329513	0.345609	0.387097	0.360231	0.356322	0.341954	0.330460	0.364943	0.366071	0.313953	0.322767	0.383954	0.306358	0.330409	0.338109	0.372832	0.357771	0.365217	0.352071	0.345890	0.326705	0.328571	0.350427	0.328488	0.339080	0.344156	0.315942	0.312321	
0.714286	0.313830	0.270115	0.347181	0.305556	1.000000	0.342857	0.337349	0.279570	0.345821	0.312321	0.304878	0.338235	0.273504	0.338558	0.302326	0.436975	0.320000	0.313218	0.327645	0.323442	0.317280	0.312676	0.329545	0.335260	0.341954	0.285303	0.316239	0.352941	0.349570	0.337349	0.335244	0.312321	0.339031	0.313390	0.357558	0.306818	0.315186	0.272727	0.356125	0.343750	0.343840	0.359420	0.000000	0.355623	0.334294	0.342939	0.325779	0.376812	0.312139	0.331395	0.350575	0.362606	0.326471	0.354467	0.324713	0.335227	0.330484	0.371429	0.333333	0.322767	0.323782	0.393162	0.373563	0.331395	0.325714	0.340058	0.300292	0.351429	0.331378	0.361486	0.315341	0.332386	0.337110	0.363112	0.295129	0.346154	0.332378	0.326705	
0.714286	0.356725	0.360606	0.348910	0.386885	0.500000	0.347305	0.364865	0.413793	0.334347	0.366667	0.337423	0.364198	0.366366	0.339934	0.365031	0.389831	0.376506	0.345455	0.388489	0.369906	0.360360	0.357143	0.393393	0.352761	0.368580	0.346505	0.374622	0.333333	0.380665	0.366242	0.356495	0.367781	0.358434	0.340361	0.390909	0.371257	0.353474	0.300000	0.354354	0.331325	0.378788	0.376147	0.355623	0.000000	0.378049	0.357576	0.356287	0.381818	0.371951	0.388379	0.366667	0.368263	0.379205	0.362538	0.356495	0.398792	0.378788	0.352410	0.338558	0.358663	0.396970	0.387387	0.341463	0.385321	0.333333	0.419453	0.337423	0.346505	0.354037	0.394928	0.343284	0.337349	0.361194	0.346626	0.365559	0.385135	0.386018	0.355422	
0.571429	0.313514	0.351585	0.328358	0.345679	0.000000	0.309456	0.421687	0.326087	0.351744	0.308357	0.351852	0.384164	0.336207	0.314465	0.320588	0.440678	0.344828	0.367052	0.326460	0.294643	0.323782	0.346591	0.335244	0.357558	0.352601	0.318841	0.341954	0.250000	0.371758	0.367470	0.360231	0.315942	0.324713	0.319885	0.337243	0.350427	0.336232	0.545455	0.352436	0.363897	0.332370	0.345029	0.334294	0.378049	0.000000	0.348837	0.348571	0.330909	0.345930	0.321637	0.356522	0.340000	0.366864	0.388406	0.363112	0.389049	0.337176	0.367816	0.352239	0.333333	0.359195	0.363897	0.350725	0.335277	0.306590	0.343023	0.339181	0.344828	0.360947	0.389655	0.320000	0.361032	0.327635	0.352770	0.354467	0.409677	0.315029	0.317143	
0.428571	0.284211	0.344828	0.328402	0.356037	0.500000	0.337143	0.285714	0.315217	0.362069	0.348703	0.387879	0.309942	0.318182	0.355346	0.339130	0.444444	0.310541	0.337143	0.345890	0.324484	0.355114	0.340845	0.316239	0.320700	0.324713	0.315186	0.339031	0.294118	0.318052	0.326284	0.317143	0.299712	0.300000	0.357955	0.339130	0.301136	0.288571	0.200000	0.356125	0.356125	0.329513	0.360231	0.342939	0.357576	0.348837	0.000000	0.311615	0.320000	0.390173	0.325581	0.320917	0.314448	0.388235	0.340000	0.370690	0.294286	0.311239	0.342857	0.322485	0.345821	0.372493	0.316239	0.305476	0.308140	0.327635	0.321839	0.348837	0.363112	0.313783	0.339041	0.303116	0.330484	0.337110	0.328530	0.328571	0.372990	0.340058	0.336182	
0.285714	0.326316	0.305085	0.355685	0.334347	1.000000	0.308989	0.329412	0.419355	0.328612	0.317280	0.303571	0.302594	0.336134	0.275542	0.315186	0.378151	0.342697	0.333333	0.348993	0.291545	0.363128	0.326870	0.324022	0.309456	0.353107	0.310734	0.323034	0.437500	0.363380	0.335312	0.312676	0.315341	0.288515	0.367978	0.360000	0.354749	0.312676	0.363636	0.375350	0.345506	0.353107	0.344729	0.325779	0.356287	0.348571	0.311615	0.000000	0.341637	0.340909	0.347701	0.305085	0.325905	0.343931	0.314448	0.331445	0.342697	0.314448	0.345506	0.357558	0.363636	0.354930	0.320225	0.277620	0.339031	0.294944	0.300283	0.300860	0.361582	0.335260	0.380471	0.332402	0.333333	0.334262	0.293447	0.339888	0.392405	0.320113	0.299720	
0.166667	0.357143	0.358696	0.320896	0.334646	0.500000	0.321429	0.322581	0.323529	0.364621	0.315412	0.305556	0.375000	0.354839	0.289062	0.361314	0.478723	0.351254	0.314079	0.370213	0.309434	0.340426	0.301418	0.359431	0.366300	0.344086	0.363309	0.308244	0.300000	0.328520	0.338403	0.338129	0.332130	0.306859	0.345324	0.323741	0.346429	0.370504	0.500000	0.335714	0.353571	0.336918	0.315217	0.376812	0.381818	0.330909	0.320000	0.341637	0.000000	0.357664	0.310219	0.316547	0.328571	0.327338	0.351449	0.340502	0.341727	0.288809	0.338129	0.340824	0.341727	0.314079	0.354839	0.356364	0.315018	0.363309	0.321300	0.306273	0.320144	0.363296	0.348936	0.362989	0.336918	0.323843	0.332117	0.386282	0.329268	0.368231	0.322581	
0.571429	0.361702	0.291908	0.324405	0.355140	-nan	0.378223	0.365854	0.387097	0.371014	0.325648	0.276074	0.359882	0.335244	0.378549	0.337243	0.367521	0.354286	0.317919	0.318493	0.313433	0.340000	0.342776	0.345714	0.373178	0.386167	0.323699	0.347701	0.312500	0.342939	0.337349	0.324713	0.341040	0.338109	0.316092	0.350877	0.350427	0.325648	0.600000	0.374286	0.363897	0.367052	0.399417	0.312139	0.371951	0.345930	0.390173	0.340909	0.357664	0.000000	0.374269	0.355491	0.347578	0.375740	0.332370	0.358382	0.385057	0.351585	0.336182	0.360119	0.337176	0.359195	0.375358	0.364162	0.392442	0.320917	0.382609	0.328446	0.387283	0.321534	0.382759	0.348571	0.355301	0.357955	0.356522	0.357349	0.325806	0.349711	0.349570	
0.285714	0.326316	0.343023	0.309309	0.308411	0.000000	0.332370	0.353659	0.329670	0.341108	0.330435	0.355828	0.334320	0.305476	0.359873	0.308824	0.423729	0.346821	0.368116	0.346021	0.345345	0.293948	0.324786	0.376437	0.352941	0.356522	0.348837	0.341040	0.500000	0.325581	0.295732	0.324638	0.315942	0.344928	0.303468	0.336257	0.310345	0.333333	0.363636	0.349570	0.356322	0.310145	0.298246	0.331395	0.388379	0.321637	0.325581	0.347701	0.310219	0.374269	0.000000	0.342029	0.335244	0.346269	0.376812	0.397101	0.272464	0.321739	0.312139	0.366366	0.285714	0.352601	0.322767	0.352770	0.302053	0.312139	0.352770	0.305882	0.357558	0.359050	0.373288	0.293103	0.344828	0.323782	0.366569	0.312139	0.321429	0.313043	0.364162	
0.285714	0.345745	0.338109	0.345133	0.289231	0.500000	0.339031	0.297619	0.477778	0.371429	0.336207	0.282209	0.343023	0.298295	0.358491	0.325648	0.378151	0.326705	0.327635	0.363946	0.323529	0.320113	0.306180	0.357955	0.333333	0.345714	0.309456	0.299145	0.250000	0.340000	0.334337	0.341880	0.317003	0.344729	0.314448	0.315186	0.355932	0.300860	0.272727	0.345609	0.329545	0.351429	0.329513	0.350575	0.366667	0.356522	0.320917	0.305085	0.316547	0.355491	0.342029	0.000000	0.307042	0.325581	0.355301	0.346705	0.366477	0.293103	0.307692	0.368732	0.345821	0.329513	0.319088	0.336207	0.376812	0.321023	0.369628	0.353623	0.362069	0.291545	0.323129	0.356941	0.332386	0.324859	0.338150	0.310734	0.315113	0.319885	0.354108	
0.428571	0.347368	0.364407	0.353801	0.340426	0.500000	0.356742	0.321839	0.351064	0.331445	0.303116	0.327381	0.352601	0.319328	0.315789	0.342857	0.408333	0.289326	0.324859	0.335570	0.326531	0.337989	0.345304	0.288515	0.386819	0.326761	0.311615	0.356742	0.176471	0.357746	0.317507	0.300562	0.300283	0.325843	0.334270	0.354286	0.310056	0.344633	0.363636	0.346369	0.320225	0.347458	0.345609	0.362606	0.368263	0.340000	0.314448	0.325905	0.328571	0.347578	0.335244	0.307042	0.000000	0.380403	0.365439	0.353107	0.334270	0.322034	0.323034	0.383721	0.349432	0.332394	0.320225	0.347458	0.331429	0.338936	0.371105	0.366762	0.342776	0.326590	0.375839	0.326816	0.347339	0.359331	0.370370	0.317416	0.341772	0.323864	0.338936	
0.428571	0.379888	0.352770	0.354545	0.338608	0.500000	0.367347	0.455696	0.404494	0.344118	0.358824	0.308642	0.333333	0.328488	0.342949	0.353116	0.450000	0.402332	0.372434	0.343750	0.318182	0.347826	0.364943	0.383721	0.345238	0.371345	0.370588	0.346939	0.466667	0.373178	0.376543	0.383721	0.309735	0.373178	0.332362	0.343195	0.371014	0.310850	0.363636	0.357558	0.370262	0.390029	0.387097	0.326471	0.379205	0.366864	0.388235	0.343931	0.327338	0.375740	0.346269	0.325581	0.380403	0.000000	0.335294	0.412281	0.387755	0.364706	0.332362	0.380665	0.330383	0.351906	0.364431	0.379412	0.394659	0.334302	0.347059	0.361194	0.397059	0.378378	0.345070	0.362319	0.311047	0.338150	0.349112	0.364431	0.319079	0.364706	0.372093	
0.666667	0.388298	0.316092	0.376855	0.356923	0.500000	0.390313	0.435294	0.445652	0.365994	0.359195	0.392638	0.341108	0.370370	0.345912	0.336232	0.436975	0.344729	0.352436	0.366438	0.332353	0.366477	0.346479	0.315341	0.392442	0.409742	0.347701	0.358974	0.470588	0.366762	0.355422	0.344729	0.339080	0.314286	0.332386	0.376812	0.365439	0.312321	0.454545	0.352273	0.358974	0.372493	0.360231	0.354467	0.362538	0.388406	0.340000	0.314448	0.351449	0.332370	0.376812	0.355301	0.365439	0.335294	0.000000	0.398281	0.337143	0.338109	0.372159	0.363905	0.337176	0.361032	0.361823	0.354467	0.372832	0.367521	0.390805	0.314869	0.400576	0.364706	0.409556	0.350282	0.357955	0.370056	0.346821	0.342857	0.349359	0.358166	0.347578	
0.285714	0.303191	0.328571	0.353116	0.311728	0.500000	0.327635	0.349398	0.391304	0.345821	0.340974	0.303030	0.347953	0.339031	0.328125	0.362319	0.371901	0.336182	0.324713	0.358362	0.347181	0.337110	0.323944	0.376068	0.345930	0.351429	0.347701	0.340909	0.294118	0.368571	0.355422	0.356125	0.341954	0.325714	0.340000	0.324638	0.299435	0.338109	0.272727	0.318182	0.335227	0.355301	0.356322	0.324713	0.356495	0.363112	0.370690	0.331445	0.340502	0.358382	0.397101	0.346705	0.353107	0.412281	0.398281	0.000000	0.377143	0.361032	0.336182	0.369822	0.368876	0.347578	0.373219	0.382184	0.344928	0.375000	0.313218	0.336257	0.336207	0.364706	0.372014	0.365439	0.340909	0.341808	0.342029	0.339031	0.350482	0.330460	0.346591	
