0.000000	0.000000	0.242424	0.296875	0.270833	0.278689	0.333333	0.349206	0.250000	0.301587	0.281250	0.285714	0.287879	0.333333	0.290323	0.292308	0.169231	0.265625	0.363636	0.257576	0.323077	0.296875	0.288462	0.322581	0.410714	0.238095	0.359375	0.258065	0.318182	0.318182	0.306452	0.333333	0.263158	0.292308	0.278689	0.375000	0.360000	0.358974	0.272727	0.218750	0.344262	0.256410	0.242424	0.287879	0.333333	0.338462	0.333333	0.314286	0.380952	0.269841	0.220339	0.301587	0.233333	0.274194	0.281250	0.276923	0.219512	0.274194	0.344828	0.307692	0.303030	0.307692	0.287879	0.257576	0.181818	0.261538	0.000000	0.272727	0.301587	0.500000	0.261538	0.338462	0.250000	0.212121	0.242424	0.280702	0.218750	0.279070	0.250000	0.261538	0.269841	0.266667	0.265625	0.265625	0.349206	0.384615	0.181818	0.220339	0.307692	0.250000	0.344828	0.382979	0.239130	0.224138	-nan	0.560000	0.571429	0.666667	0.586957	-nan	0.586207	1.000000	0.363636	0.561404	0.586207	0.500000	0.622951	0.600000	0.583333	0.672727	0.666667	0.587302	0.672131	0.550000	0.614035	0.677966	0.633333	0.580645	0.650794	0.619048	0.661290	0.586207	0.000000	0.612903	0.571429	0.650794	0.661290	0.733333	0.666667	0.533333	0.630769	0.746032	0.750000	0.656250	0.688525	0.640625	0.649123	0.576271	0.703704	0.609375	0.553846	0.661538	0.500000	0.677419	0.578947	0.612903	0.661538	0.583333	0.587302	0.682540	0.551724	0.600000	0.723077	0.698113	0.627119	0.619048	0.562500	0.564516	0.607143	0.707692	0.689655	0.693548	0.637931	0.629630	0.704545	0.634921	0.606061	0.566667	0.625000	0.630769	0.673913	0.661290	0.596774	
0.000000	0.000000	0.166667	0.333333	0.200000	0.200000	0.200000	0.333333	0.500000	0.333333	0.200000	0.333333	0.666667	0.333333	0.333333	0.200000	0.500000	0.666667	0.333333	0.333333	0.166667	0.666667	0.500000	0.333333	0.500000	0.333333	0.500000	0.200000	0.333333	0.400000	0.333333	0.000000	0.333333	0.500000	0.000000	0.500000	0.333333	0.400000	0.666667	0.500000	0.500000	0.166667	0.333333	0.500000	0.500000	0.400000	0.166667	0.333333	0.333333	0.166667	0.500000	0.333333	0.500000	0.166667	0.200000	0.600000	0.166667	0.500000	0.400000	0.200000	0.333333	0.500000	0.333333	0.400000	0.333333	0.500000	0.000000	0.333333	0.500000	0.600000	0.333333	0.333333	0.500000	0.500000	0.333333	0.200000	0.333333	0.166667	0.333333	0.200000	0.200000	0.166667	0.500000	0.333333	0.333333	0.400000	0.000000	0.166667	0.666667	0.000000	0.500000	0.500000	0.333333	0.333333	-nan	0.333333	0.666667	0.333333	0.500000	-nan	0.500000	1.000000	0.400000	0.333333	0.333333	0.000000	0.166667	0.500000	0.000000	0.400000	0.333333	0.333333	0.600000	0.400000	0.400000	0.500000	0.166667	0.166667	0.666667	0.400000	0.000000	0.166667	-nan	0.500000	0.400000	0.333333	0.200000	0.666667	0.666667	0.333333	0.200000	0.600000	0.000000	0.333333	0.800000	0.333333	0.400000	0.500000	0.600000	0.666667	0.166667	0.800000	0.400000	0.400000	1.000000	0.500000	0.666667	0.833333	0.500000	0.333333	0.666667	0.600000	0.400000	0.400000	0.333333	0.166667	0.500000	0.250000	0.500000	0.200000	0.500000	0.666667	0.600000	0.500000	0.750000	0.500000	0.800000	0.750000	0.666667	0.833333	0.500000	0.500000	0.666667	
0.242424	0.166667	0.000000	0.436620	0.352941	0.365079	0.555556	0.338235	0.370370	0.333333	0.338028	0.285714	0.328767	0.320000	0.279412	0.309859	0.319444	0.342857	0.369863	0.361111	0.323944	0.281690	0.368421	0.348485	0.355932	0.260870	0.338028	0.343284	0.369863	0.380282	0.303030	0.285714	0.359375	0.263889	0.409091	0.500000	0.377358	0.375000	0.383562	0.304348	0.307692	0.333333	0.383562	0.301370	0.358209	0.352113	0.391304	0.416667	0.363636	0.342857	0.285714	0.347826	0.358209	0.264706	0.338028	0.309859	0.395349	0.388060	0.344828	0.319444	0.301370	0.291667	0.236111	0.388889	0.382353	0.319444	0.000000	0.347222	0.289855	0.500000	0.366197	0.239437	0.328571	0.301370	0.319444	0.403226	0.267606	0.400000	0.323944	0.342857	0.391304	0.333333	0.342857	0.318841	0.362319	0.615385	0.260870	0.365079	0.305556	0.375000	0.285714	0.340000	0.354167	0.349206	-nan	0.678571	0.585714	0.606557	0.596154	-nan	0.553846	0.666667	0.480000	0.619048	0.676923	0.450000	0.602941	0.580645	0.584906	0.661290	0.478261	0.557143	0.621212	0.608696	0.596774	0.606061	0.597015	0.552239	0.657143	0.608696	0.579710	0.630769	0.000000	0.594203	0.571429	0.529412	0.652174	0.686567	0.582090	0.500000	0.652778	0.628571	1.000000	0.549296	0.602941	0.637681	0.730159	0.621212	0.639344	0.563380	0.625000	0.633803	0.625000	0.565217	0.593750	0.470588	0.680556	0.552239	0.571429	0.652174	0.707692	0.694444	0.597222	0.551724	0.515625	0.544118	0.563380	0.536232	0.629032	0.555556	0.600000	0.661765	0.676923	0.590164	0.580000	0.536232	0.541667	0.507692	0.661972	0.541667	0.769231	0.652174	0.652174	
0.296875	0.333333	0.436620	0.000000	0.352941	0.245902	0.333333	0.318182	0.307692	0.417910	0.275362	0.142857	0.352113	0.333333	0.313433	0.347826	0.257143	0.333333	0.309859	0.300000	0.318841	0.260870	0.368421	0.343750	0.362069	0.328358	0.391304	0.215385	0.253521	0.289855	0.296875	0.279412	0.253968	0.342857	0.276923	0.309524	0.269231	0.282051	0.295775	0.328358	0.349206	0.309524	0.352113	0.323944	0.272727	0.376812	0.238806	0.250000	0.272727	0.279412	0.245902	0.358209	0.348485	0.272727	0.260870	0.260870	0.162791	0.318182	0.344828	0.314286	0.380282	0.328571	0.314286	0.257143	0.205882	0.328571	0.000000	0.257143	0.338235	0.388889	0.318841	0.333333	0.352941	0.323944	0.285714	0.306452	0.333333	0.311111	0.202899	0.308824	0.268657	0.278689	0.264706	0.279412	0.194030	0.384615	0.304348	0.349206	0.285714	0.125000	0.344262	0.326531	0.375000	0.370968	-nan	0.481481	0.623188	0.610169	0.666667	-nan	0.650794	0.636364	0.480000	0.596774	0.587302	0.650000	0.560606	0.573770	0.596154	0.566667	0.782609	0.602941	0.671875	0.750000	0.508197	0.609375	0.492308	0.484848	0.573529	0.597015	0.567164	0.562500	1.000000	0.573529	0.600000	0.651515	0.537313	0.606061	0.676923	0.523077	0.600000	0.647059	0.750000	0.565217	0.651515	0.507463	0.672131	0.531250	0.610169	0.628571	0.557143	0.652174	0.593750	0.671642	0.564516	0.545455	0.571429	0.569231	0.558824	0.602941	0.603175	0.585714	0.600000	0.696429	0.564516	0.515152	0.600000	0.582090	0.590164	0.600000	0.555556	0.552239	0.460317	0.633333	0.571429	0.567164	0.557143	0.555556	0.557143	0.542857	0.450980	0.661765	0.552239	
0.270833	0.200000	0.352941	0.352941	0.000000	0.312500	0.555556	0.313725	0.350000	0.265306	0.320000	0.285714	0.333333	0.391304	0.380000	0.431373	0.260000	0.346939	0.392157	0.340000	0.408163	0.372549	0.333333	0.291667	0.272727	0.250000	0.367347	0.333333	0.313725	0.411765	0.395833	0.260000	0.387755	0.300000	0.265306	0.361111	0.325581	0.200000	0.450980	0.270833	0.297872	0.333333	0.450980	0.392157	0.229167	0.200000	0.270833	0.343750	0.263158	0.352941	0.340909	0.320000	0.333333	0.416667	0.380000	0.420000	0.342105	0.333333	0.416667	0.280000	0.333333	0.254902	0.340000	0.313725	0.206897	0.274510	0.000000	0.320000	0.416667	0.411765	0.320000	0.460000	0.367347	0.235294	0.333333	0.297872	0.380000	0.257143	0.428571	0.400000	0.326531	0.255319	0.270833	0.400000	0.333333	0.461538	0.300000	0.319149	0.440000	0.428571	0.422222	0.268293	0.282051	0.346939	-nan	0.444444	0.520000	0.488372	0.514286	-nan	0.477273	0.750000	0.421053	0.595745	0.422222	0.625000	0.479167	0.466667	0.550000	0.523810	0.350000	0.551020	0.489362	0.709677	0.604651	0.565217	0.630435	0.620000	0.571429	0.571429	0.551020	0.478261	0.000000	0.591837	0.538462	0.469388	0.583333	0.586957	0.604167	0.604167	0.520000	0.562500	0.000000	0.660000	0.565217	0.562500	0.568182	0.444444	0.625000	0.568627	0.627451	0.500000	0.708333	0.416667	0.477273	0.625000	0.647059	0.478261	0.612245	0.549020	0.568182	0.600000	0.600000	0.564103	0.555556	0.583333	0.620000	0.541667	0.636364	0.600000	0.510638	0.510204	0.581395	0.547619	0.647059	0.580000	0.529412	0.586957	0.500000	0.480000	0.558824	0.510204	0.530612	
0.278689	0.200000	0.365079	0.245902	0.312500	0.000000	0.375000	0.344262	0.437500	0.327869	0.327869	0.142857	0.365079	0.375000	0.316667	0.209677	0.322581	0.311475	0.285714	0.317460	0.322581	0.295082	0.420000	0.372881	0.351852	0.300000	0.377049	0.372881	0.365079	0.354839	0.266667	0.245902	0.385965	0.387097	0.310345	0.325000	0.220000	0.384615	0.317460	0.278689	0.338983	0.333333	0.333333	0.428571	0.322034	0.387097	0.316667	0.294118	0.333333	0.278689	0.327273	0.258065	0.288136	0.311475	0.306452	0.354839	0.292683	0.163934	0.357143	0.338710	0.301587	0.269841	0.269841	0.269841	0.375000	0.238095	0.000000	0.253968	0.350000	0.411765	0.338710	0.253968	0.327869	0.396825	0.285714	0.368421	0.322581	0.210526	0.311475	0.370968	0.213115	0.345455	0.278689	0.316667	0.305085	0.333333	0.227273	0.275862	0.274194	0.125000	0.303571	0.282609	0.333333	0.396552	-nan	0.565217	0.533333	0.596154	0.465116	-nan	0.672727	0.700000	0.565217	0.500000	0.527273	0.500000	0.568966	0.576923	0.565217	0.538462	0.571429	0.600000	0.649123	0.631579	0.622642	0.464286	0.526316	0.568966	0.600000	0.566667	0.559322	0.436364	1.000000	0.593220	0.695652	0.533333	0.559322	0.596491	0.614035	0.526316	0.580645	0.616667	1.000000	0.622951	0.603448	0.633333	0.648148	0.535714	0.576923	0.508197	0.483871	0.661290	0.629630	0.610169	0.555556	0.542373	0.661290	0.543860	0.633333	0.661017	0.618182	0.580645	0.612903	0.745098	0.625000	0.661017	0.622951	0.508475	0.634615	0.564516	0.472727	0.610169	0.600000	0.588235	0.595238	0.550000	0.587302	0.473684	0.540984	0.548387	0.545455	0.627119	0.593220	
0.333333	0.200000	0.555556	0.333333	0.555556	0.375000	0.000000	0.444444	0.555556	0.375000	0.375000	0.000000	0.333333	0.500000	0.444444	0.333333	0.666667	0.555556	0.333333	0.444444	0.555556	0.333333	0.333333	0.222222	0.444444	0.444444	0.333333	0.444444	0.555556	0.333333	0.444444	0.125000	0.333333	0.666667	0.222222	0.444444	0.222222	0.555556	0.666667	0.333333	0.333333	0.555556	0.333333	0.555556	0.444444	0.222222	0.333333	0.375000	0.142857	0.222222	0.333333	0.555556	0.444444	0.500000	0.250000	0.375000	0.222222	0.111111	0.333333	0.375000	0.111111	0.333333	0.222222	0.555556	0.555556	0.444444	0.000000	0.555556	0.444444	0.222222	0.375000	0.333333	0.555556	0.666667	0.666667	0.375000	0.333333	0.222222	0.111111	0.444444	0.000000	0.500000	0.444444	0.222222	0.333333	0.142857	0.500000	0.333333	0.333333	0.200000	0.666667	0.444444	0.666667	0.444444	-nan	0.800000	0.555556	0.600000	0.285714	-nan	0.666667	0.333333	0.666667	0.375000	0.666667	0.600000	0.555556	0.444444	0.428571	0.500000	0.833333	0.500000	0.666667	0.375000	0.625000	0.285714	0.444444	0.444444	0.888889	0.500000	0.222222	0.444444	1.000000	0.444444	0.285714	0.444444	0.500000	0.666667	0.777778	0.111111	0.500000	0.750000	0.000000	0.555556	0.750000	0.111111	0.500000	0.444444	0.428571	0.555556	0.666667	0.777778	0.500000	0.750000	0.750000	0.777778	0.666667	0.777778	0.666667	0.555556	0.222222	0.875000	0.125000	0.571429	0.666667	0.444444	0.333333	0.428571	0.333333	0.250000	0.555556	0.555556	0.500000	0.428571	0.500000	0.333333	0.555556	0.625000	0.444444	0.666667	0.333333	0.285714	0.555556	
0.349206	0.333333	0.338235	0.318182	0.313725	0.344262	0.444444	0.000000	0.307692	0.375000	0.227273	0.142857	0.367647	0.360000	0.287879	0.328358	0.402985	0.323077	0.294118	0.268657	0.272727	0.298507	0.333333	0.250000	0.375000	0.323077	0.212121	0.285714	0.294118	0.287879	0.317460	0.363636	0.258065	0.208955	0.206349	0.333333	0.339623	0.400000	0.323529	0.338462	0.366667	0.238095	0.264706	0.308824	0.390625	0.287879	0.246154	0.171429	0.181818	0.338462	0.254237	0.323077	0.306452	0.265625	0.212121	0.253731	0.380952	0.343750	0.137931	0.268657	0.308824	0.279412	0.328358	0.313433	0.264706	0.367647	0.000000	0.388060	0.406250	0.500000	0.343284	0.303030	0.200000	0.338235	0.294118	0.355932	0.253731	0.348837	0.303030	0.333333	0.390625	0.250000	0.353846	0.338462	0.218750	0.307692	0.217391	0.300000	0.194030	0.125000	0.155172	0.420000	0.391304	0.344262	-nan	0.708333	0.590909	0.500000	0.595745	-nan	0.616667	0.666667	0.521739	0.620690	0.583333	0.470588	0.523810	0.561404	0.562500	0.517241	0.600000	0.492308	0.590164	0.738095	0.561404	0.737705	0.619048	0.555556	0.630769	0.712121	0.640625	0.633333	0.000000	0.593750	0.615385	0.593750	0.640625	0.532258	0.596774	0.596774	0.582090	0.538462	0.666667	0.681818	0.603175	0.640625	0.500000	0.557377	0.642857	0.611940	0.626866	0.666667	0.678571	0.593750	0.644068	0.603175	0.588235	0.500000	0.538462	0.640625	0.700000	0.626866	0.552239	0.592593	0.516667	0.523810	0.590909	0.546875	0.649123	0.477612	0.500000	0.562500	0.700000	0.571429	0.533333	0.621212	0.582090	0.639344	0.560606	0.582090	0.553191	0.593750	0.578125	
0.250000	0.500000	0.370370	0.307692	0.350000	0.437500	0.555556	0.307692	0.000000	0.380000	0.230769	0.142857	0.351852	0.458333	0.313725	0.490566	0.320755	0.250000	0.333333	0.283019	0.442308	0.339623	0.340426	0.346939	0.400000	0.274510	0.365385	0.280000	0.240741	0.320755	0.326923	0.396226	0.254902	0.339623	0.285714	0.342105	0.425532	0.305556	0.314815	0.333333	0.288462	0.343750	0.296296	0.277778	0.306122	0.346154	0.320000	0.310345	0.315789	0.326923	0.391304	0.339623	0.250000	0.220000	0.264151	0.269231	0.270270	0.403846	0.250000	0.226415	0.407407	0.314815	0.358491	0.226415	0.100000	0.240741	0.000000	0.245283	0.365385	0.352941	0.365385	0.433962	0.288462	0.277778	0.264151	0.224490	0.333333	0.457143	0.333333	0.333333	0.340000	0.291667	0.269231	0.250000	0.384615	0.333333	0.190476	0.297872	0.283019	0.500000	0.340426	0.333333	0.351351	0.408163	-nan	0.619048	0.603774	0.577778	0.666667	-nan	0.638298	0.800000	0.347826	0.760870	0.645833	0.705882	0.450980	0.522727	0.594595	0.723404	0.650000	0.607843	0.480000	0.694444	0.688889	0.680851	0.551020	0.591837	0.596154	0.725490	0.620000	0.645833	0.000000	0.700000	0.488372	0.740000	0.640000	0.647059	0.583333	0.604167	0.641509	0.615385	0.000000	0.557692	0.591837	0.538462	0.590909	0.638298	0.723404	0.584906	0.622642	0.557692	0.590909	0.607843	0.565217	0.607843	0.611111	0.660000	0.627451	0.607843	0.680851	0.509434	0.660377	0.500000	0.586957	0.627451	0.615385	0.450980	0.630435	0.566038	0.617021	0.571429	0.510638	0.613636	0.578947	0.568627	0.547170	0.543478	0.641509	0.509434	0.615385	0.560000	0.480000	
0.301587	0.333333	0.333333	0.417910	0.265306	0.327869	0.375000	0.375000	0.380000	0.000000	0.313433	0.000000	0.318841	0.240000	0.343750	0.328358	0.308824	0.343284	0.405797	0.347826	0.308824	0.268657	0.309091	0.225806	0.285714	0.212121	0.298507	0.296875	0.275362	0.238806	0.269841	0.272727	0.311475	0.323529	0.354839	0.400000	0.300000	0.289474	0.405797	0.287879	0.274194	0.350000	0.304348	0.304348	0.328125	0.358209	0.261538	0.250000	0.181818	0.363636	0.387097	0.307692	0.317460	0.384615	0.313433	0.402985	0.341463	0.269841	0.370370	0.338235	0.347826	0.235294	0.362319	0.279412	0.424242	0.250000	0.000000	0.347826	0.318182	0.352941	0.313433	0.308824	0.268657	0.231884	0.323529	0.379310	0.388060	0.325581	0.313433	0.348485	0.242424	0.290323	0.373134	0.257576	0.338462	0.500000	0.260870	0.250000	0.352941	0.125000	0.360656	0.234043	0.347826	0.283333	-nan	0.555556	0.606061	0.603448	0.500000	-nan	0.622951	0.416667	0.520000	0.548387	0.603175	0.578947	0.538462	0.566667	0.538462	0.655172	0.434783	0.552239	0.548387	0.534884	0.610169	0.476190	0.539683	0.619048	0.606061	0.600000	0.530303	0.580645	0.000000	0.553846	0.679245	0.553846	0.615385	0.603175	0.625000	0.539683	0.529412	0.636364	0.750000	0.656716	0.578125	0.575758	0.704918	0.564516	0.586207	0.567164	0.565217	0.611940	0.656250	0.621212	0.590164	0.666667	0.705882	0.539683	0.522388	0.696970	0.557377	0.661765	0.632353	0.625000	0.590164	0.531250	0.611940	0.523077	0.568966	0.602941	0.629032	0.630769	0.688525	0.578947	0.595745	0.606061	0.558824	0.672131	0.626866	0.544118	0.549020	0.523077	0.696970	
0.281250	0.200000	0.338028	0.275362	0.320000	0.327869	0.375000	0.227273	0.230769	0.313433	0.000000	0.000000	0.309859	0.416667	0.393939	0.420290	0.271429	0.294118	0.323944	0.242857	0.260870	0.300000	0.309091	0.281250	0.456140	0.313433	0.347826	0.303030	0.253521	0.202899	0.281250	0.352941	0.354839	0.314286	0.307692	0.350000	0.294118	0.461538	0.366197	0.253731	0.333333	0.341463	0.295775	0.267606	0.323077	0.376812	0.328358	0.200000	0.238095	0.260870	0.245902	0.328358	0.246154	0.257576	0.328571	0.300000	0.309524	0.369231	0.142857	0.197183	0.338028	0.257143	0.328571	0.271429	0.272727	0.285714	0.000000	0.342857	0.358209	0.529412	0.260870	0.333333	0.294118	0.295775	0.342857	0.344262	0.275362	0.295455	0.318841	0.264706	0.338235	0.229508	0.367647	0.208955	0.253731	0.416667	0.090909	0.262295	0.314286	0.142857	0.306452	0.326531	0.369565	0.459016	-nan	0.615385	0.632353	0.516667	0.580000	-nan	0.523810	0.454545	0.541667	0.606557	0.555556	0.473684	0.590909	0.616667	0.576923	0.566667	0.636364	0.500000	0.531250	0.659091	0.550000	0.718750	0.569231	0.492308	0.573529	0.647059	0.552239	0.587302	1.000000	0.671642	0.537037	0.606061	0.582090	0.600000	0.600000	0.578125	0.628571	0.588235	0.500000	0.666667	0.686567	0.522388	0.590164	0.625000	0.627119	0.565217	0.557143	0.623188	0.612903	0.626866	0.580645	0.606061	0.585714	0.646154	0.485294	0.671642	0.634921	0.585714	0.591549	0.589286	0.467742	0.560606	0.536232	0.537313	0.650000	0.528571	0.555556	0.560606	0.619048	0.491525	0.500000	0.597015	0.585714	0.587302	0.565217	0.585714	0.580000	0.582090	0.582090	
0.285714	0.333333	0.285714	0.142857	0.285714	0.142857	0.000000	0.142857	0.142857	0.000000	0.000000	0.000000	0.142857	0.142857	0.285714	0.142857	0.285714	0.285714	0.142857	0.142857	0.142857	0.142857	0.000000	0.000000	0.000000	0.142857	0.000000	0.166667	0.142857	0.000000	0.142857	0.285714	0.000000	0.142857	0.142857	0.142857	0.000000	0.285714	0.000000	0.142857	0.142857	0.166667	0.285714	0.285714	0.142857	0.142857	0.142857	0.000000	0.000000	0.142857	0.285714	0.142857	0.142857	0.285714	0.166667	0.166667	0.142857	0.000000	0.000000	0.166667	0.000000	0.000000	0.142857	0.000000	0.285714	0.142857	0.000000	0.285714	0.142857	0.250000	0.000000	0.000000	0.142857	0.142857	0.285714	0.166667	0.285714	0.142857	0.000000	0.285714	0.000000	0.142857	0.285714	0.142857	0.285714	0.000000	0.142857	0.285714	0.000000	0.250000	0.142857	0.000000	0.285714	0.285714	-nan	0.500000	0.857143	0.500000	1.000000	-nan	1.000000	0.000000	0.666667	0.714286	0.500000	0.500000	0.428571	0.750000	1.000000	0.333333	1.000000	0.714286	0.428571	0.333333	0.666667	0.600000	0.250000	0.571429	0.714286	0.833333	0.428571	0.571429	-nan	0.714286	0.333333	0.714286	0.666667	0.714286	0.428571	0.428571	0.500000	0.500000	-nan	0.714286	0.666667	0.142857	1.000000	0.750000	1.000000	0.285714	0.571429	0.714286	1.000000	1.000000	0.666667	0.428571	0.714286	0.750000	0.571429	0.857143	0.750000	0.833333	0.666667	0.333333	0.500000	0.571429	0.714286	0.400000	0.500000	0.666667	0.571429	0.571429	0.333333	0.500000	0.000000	0.500000	0.571429	0.666667	0.285714	0.571429	0.500000	0.400000	0.714286	
0.287879	0.666667	0.328767	0.352113	0.333333	0.365079	0.333333	0.367647	0.351852	0.318841	0.309859	0.142857	0.000000	0.320000	0.397059	0.253521	0.236111	0.271429	0.260274	0.263889	0.366197	0.211268	0.228070	0.318182	0.305085	0.275362	0.323944	0.373134	0.315068	0.323944	0.257576	0.285714	0.359375	0.236111	0.409091	0.333333	0.396226	0.325000	0.301370	0.231884	0.276923	0.238095	0.301370	0.273973	0.298507	0.267606	0.347826	0.361111	0.318182	0.285714	0.238095	0.318841	0.268657	0.294118	0.352113	0.211268	0.372093	0.268657	0.275862	0.222222	0.328767	0.305556	0.305556	0.375000	0.294118	0.277778	0.000000	0.333333	0.333333	0.166667	0.295775	0.309859	0.271429	0.273973	0.291667	0.338710	0.366197	0.355556	0.281690	0.314286	0.376812	0.317460	0.228571	0.318841	0.362319	0.461538	0.434783	0.269841	0.291667	0.375000	0.269841	0.280000	0.270833	0.222222	-nan	0.571429	0.514286	0.655738	0.538462	-nan	0.569231	0.416667	0.440000	0.571429	0.584615	0.750000	0.544118	0.596774	0.509434	0.564516	0.521739	0.514286	0.575758	0.565217	0.645161	0.560606	0.582090	0.671642	0.557143	0.594203	0.666667	0.630769	1.000000	0.550725	0.535714	0.573529	0.608696	0.537313	0.582090	0.500000	0.569444	0.614286	0.750000	0.619718	0.617647	0.550725	0.746032	0.636364	0.557377	0.492958	0.666667	0.535211	0.593750	0.637681	0.468750	0.632353	0.638889	0.611940	0.585714	0.623188	0.538462	0.555556	0.583333	0.637931	0.609375	0.632353	0.563380	0.681159	0.564516	0.611111	0.569231	0.514706	0.630769	0.672131	0.580000	0.652174	0.583333	0.569231	0.521127	0.486111	0.615385	0.594203	0.594203	
0.333333	0.333333	0.320000	0.333333	0.391304	0.375000	0.500000	0.360000	0.458333	0.240000	0.416667	0.142857	0.320000	0.000000	0.166667	0.208333	0.166667	0.416667	0.360000	0.320000	0.166667	0.360000	0.375000	0.333333	0.300000	0.347826	0.173913	0.217391	0.360000	0.333333	0.160000	0.291667	0.250000	0.208333	0.409091	0.173913	0.217391	0.272727	0.200000	0.416667	0.200000	0.227273	0.200000	0.320000	0.521739	0.291667	0.304348	0.250000	0.538462	0.320000	0.200000	0.120000	0.478261	0.250000	0.333333	0.291667	0.291667	0.333333	0.333333	0.458333	0.320000	0.360000	0.360000	0.333333	0.409091	0.480000	0.000000	0.280000	0.320000	0.384615	0.250000	0.240000	0.208333	0.240000	0.200000	0.304348	0.360000	0.304348	0.250000	0.217391	0.291667	0.291667	0.280000	0.458333	0.250000	0.500000	0.444444	0.291667	0.400000	0.142857	0.240000	0.347826	0.285714	0.160000	-nan	0.500000	0.600000	0.619048	0.555556	-nan	0.800000	0.428571	0.428571	0.565217	0.545455	0.636364	0.520000	0.809524	0.473684	0.523810	0.538462	0.608696	0.590909	0.388889	0.578947	0.571429	0.272727	0.500000	0.458333	0.652174	0.416667	0.636364	1.000000	0.375000	0.684211	0.560000	0.545455	0.541667	0.521739	0.500000	0.375000	0.666667	1.000000	0.541667	0.571429	0.375000	0.789474	0.631579	0.428571	0.560000	0.440000	0.695652	0.562500	0.666667	0.600000	0.480000	0.600000	0.500000	0.480000	0.600000	0.526316	0.625000	0.666667	0.500000	0.523810	0.458333	0.750000	0.695652	0.550000	0.625000	0.608696	0.458333	0.631579	0.611111	0.647059	0.541667	0.708333	0.789474	0.520000	0.708333	0.562500	0.681818	0.826087	
0.290323	0.333333	0.279412	0.313433	0.380000	0.316667	0.444444	0.287879	0.313725	0.343750	0.393939	0.285714	0.397059	0.166667	0.000000	0.257576	0.268657	0.318182	0.382353	0.343284	0.257576	0.358209	0.388889	0.396825	0.321429	0.343750	0.303030	0.258065	0.308824	0.287879	0.290323	0.323077	0.278689	0.358209	0.317460	0.243902	0.346154	0.307692	0.308824	0.430769	0.350000	0.238095	0.294118	0.323529	0.390625	0.223881	0.276923	0.285714	0.409091	0.307692	0.310345	0.276923	0.412698	0.238095	0.212121	0.227273	0.309524	0.353846	0.310345	0.358209	0.397059	0.382353	0.358209	0.343284	0.323529	0.367647	0.000000	0.358209	0.281250	0.222222	0.358209	0.303030	0.276923	0.308824	0.323529	0.416667	0.298507	0.309524	0.287879	0.338462	0.343750	0.372881	0.230769	0.287879	0.265625	0.384615	0.304348	0.295082	0.294118	0.250000	0.288136	0.387755	0.434783	0.266667	-nan	0.695652	0.600000	0.500000	0.489362	-nan	0.633333	0.555556	0.458333	0.603448	0.650000	0.666667	0.603175	0.586207	0.500000	0.620690	0.523810	0.523077	0.590164	0.571429	0.614035	0.548387	0.453125	0.500000	0.569231	0.562500	0.546875	0.550000	1.000000	0.484375	0.634615	0.492063	0.625000	0.645161	0.603175	0.516129	0.507463	0.615385	0.750000	0.484848	0.603175	0.546875	0.637931	0.606557	0.607143	0.560606	0.597015	0.636364	0.586207	0.687500	0.593220	0.523810	0.597015	0.467742	0.476923	0.609375	0.600000	0.626866	0.567164	0.584906	0.593220	0.523810	0.530303	0.531250	0.578947	0.552239	0.500000	0.492063	0.583333	0.571429	0.600000	0.546875	0.611940	0.550000	0.621212	0.597015	0.595745	0.569231	0.609375	
0.292308	0.200000	0.309859	0.347826	0.431373	0.209677	0.333333	0.328358	0.490566	0.328358	0.420290	0.142857	0.253521	0.208333	0.257576	0.000000	0.300000	0.323529	0.295775	0.271429	0.246377	0.289855	0.267857	0.390625	0.263158	0.264706	0.275362	0.298507	0.295775	0.357143	0.250000	0.304348	0.349206	0.314286	0.393939	0.341463	0.346154	0.425000	0.267606	0.343284	0.333333	0.268293	0.295775	0.309859	0.333333	0.242857	0.328358	0.428571	0.333333	0.352941	0.327869	0.268657	0.338462	0.287879	0.304348	0.318841	0.341463	0.276923	0.310345	0.328571	0.239437	0.342857	0.285714	0.394366	0.424242	0.285714	0.000000	0.300000	0.238806	0.388889	0.318841	0.260870	0.279412	0.380282	0.385714	0.366667	0.347826	0.227273	0.289855	0.304348	0.294118	0.338710	0.279412	0.298507	0.268657	0.461538	0.318182	0.278689	0.257143	0.125000	0.229508	0.346939	0.326087	0.213115	-nan	0.629630	0.608696	0.610169	0.520000	-nan	0.761905	0.545455	0.565217	0.573770	0.587302	0.500000	0.651515	0.600000	0.490196	0.500000	0.500000	0.544118	0.646154	0.590909	0.600000	0.515625	0.507692	0.646154	0.529412	0.544118	0.597015	0.523810	1.000000	0.537313	0.611111	0.439394	0.507463	0.553846	0.615385	0.468750	0.485714	0.617647	1.000000	0.652174	0.560606	0.567164	0.639344	0.609375	0.576271	0.442857	0.585714	0.628571	0.566667	0.656716	0.580645	0.560606	0.647887	0.507692	0.588235	0.716418	0.587302	0.600000	0.557143	0.732143	0.677419	0.560606	0.594203	0.626866	0.533333	0.571429	0.587302	0.590909	0.634921	0.576271	0.562500	0.617647	0.619718	0.578125	0.536232	0.557143	0.660000	0.671642	0.686567	
0.169231	0.500000	0.319444	0.257143	0.260000	0.322581	0.666667	0.402985	0.320755	0.308824	0.271429	0.285714	0.236111	0.166667	0.268657	0.300000	0.000000	0.304348	0.361111	0.267606	0.281690	0.300000	0.357143	0.287879	0.372881	0.333333	0.400000	0.303030	0.277778	0.300000	0.292308	0.318841	0.365079	0.295775	0.384615	0.390244	0.288462	0.307692	0.263889	0.318841	0.296875	0.317073	0.291667	0.291667	0.328358	0.285714	0.362319	0.342857	0.476190	0.318841	0.225806	0.323529	0.313433	0.328358	0.300000	0.228571	0.333333	0.333333	0.357143	0.309859	0.375000	0.323944	0.394366	0.281690	0.272727	0.323944	0.000000	0.281690	0.279412	0.411765	0.271429	0.371429	0.289855	0.208333	0.281690	0.344262	0.328571	0.272727	0.342857	0.318841	0.352941	0.274194	0.231884	0.279412	0.264706	0.692308	0.363636	0.290323	0.309859	0.428571	0.306452	0.306122	0.250000	0.258065	-nan	0.464286	0.594203	0.573770	0.500000	-nan	0.600000	0.500000	0.333333	0.555556	0.578125	0.650000	0.597015	0.704918	0.452830	0.639344	0.478261	0.608696	0.606061	0.565217	0.532258	0.651515	0.560606	0.597015	0.521739	0.617647	0.602941	0.569231	1.000000	0.550725	0.517857	0.597015	0.617647	0.621212	0.597015	0.553846	0.521127	0.637681	0.750000	0.605634	0.701493	0.544118	0.666667	0.590909	0.616667	0.600000	0.591549	0.600000	0.531250	0.676471	0.500000	0.567164	0.676056	0.530303	0.507246	0.676471	0.553846	0.577465	0.676056	0.603448	0.625000	0.582090	0.642857	0.573529	0.580645	0.633803	0.569231	0.552239	0.615385	0.557377	0.540000	0.588235	0.661972	0.578125	0.628571	0.619718	0.634615	0.661765	0.608696	
0.265625	0.666667	0.342857	0.333333	0.346939	0.311475	0.555556	0.323077	0.250000	0.343284	0.294118	0.285714	0.271429	0.416667	0.318182	0.323529	0.304348	0.000000	0.285714	0.342857	0.391304	0.264706	0.385965	0.317460	0.431034	0.343284	0.352941	0.292308	0.314286	0.264706	0.323077	0.313433	0.370968	0.376812	0.437500	0.333333	0.377358	0.375000	0.271429	0.283582	0.301587	0.268293	0.257143	0.285714	0.242424	0.338235	0.348485	0.305556	0.363636	0.313433	0.290323	0.227273	0.338462	0.230769	0.264706	0.235294	0.255814	0.261538	0.241379	0.260870	0.271429	0.318841	0.328571	0.318841	0.181818	0.260870	1.000000	0.271429	0.328358	0.500000	0.308824	0.304348	0.264706	0.285714	0.275362	0.316667	0.382353	0.333333	0.231884	0.298507	0.318182	0.213115	0.304348	0.235294	0.363636	0.538462	0.347826	0.253968	0.347826	0.625000	0.322581	0.285714	0.395833	0.333333	-nan	0.518519	0.656716	0.655172	0.568627	-nan	0.612903	0.818182	0.480000	0.633333	0.596774	0.842105	0.600000	0.593220	0.588235	0.610169	0.652174	0.522388	0.619048	0.681818	0.633333	0.571429	0.593750	0.671875	0.626866	0.575758	0.666667	0.612903	1.000000	0.696970	0.660377	0.661538	0.606061	0.593750	0.718750	0.634921	0.652174	0.552239	0.750000	0.676471	0.707692	0.641791	0.655738	0.698413	0.610169	0.588235	0.594203	0.632353	0.656250	0.636364	0.590164	0.661538	0.594203	0.625000	0.582090	0.666667	0.532258	0.565217	0.565217	0.696429	0.629032	0.615385	0.617647	0.530303	0.576271	0.579710	0.596774	0.646154	0.677419	0.637931	0.638298	0.666667	0.608696	0.564516	0.544118	0.550725	0.620000	0.656716	0.621212	
0.363636	0.333333	0.369863	0.309859	0.392157	0.285714	0.333333	0.294118	0.333333	0.405797	0.323944	0.142857	0.260274	0.360000	0.382353	0.295775	0.361111	0.285714	0.000000	0.361111	0.323944	0.267606	0.438596	0.272727	0.423729	0.333333	0.309859	0.447761	0.356164	0.380282	0.287879	0.257143	0.406250	0.305556	0.363636	0.452381	0.245283	0.375000	0.315068	0.304348	0.307692	0.261905	0.315068	0.315068	0.358209	0.309859	0.275362	0.194444	0.318182	0.342857	0.285714	0.275362	0.253731	0.250000	0.323944	0.309859	0.441860	0.402985	0.172414	0.236111	0.287671	0.319444	0.263889	0.347222	0.352941	0.319444	0.000000	0.291667	0.347826	0.277778	0.323944	0.225352	0.371429	0.315068	0.277778	0.274194	0.380282	0.311111	0.352113	0.342857	0.304348	0.333333	0.357143	0.318841	0.275362	0.307692	0.260870	0.396825	0.319444	0.500000	0.317460	0.320000	0.291667	0.317460	-nan	0.678571	0.542857	0.622951	0.596154	-nan	0.676923	0.500000	0.480000	0.619048	0.507692	0.600000	0.455882	0.516129	0.566038	0.548387	0.565217	0.528571	0.545455	0.586957	0.532258	0.590909	0.522388	0.567164	0.542857	0.623188	0.637681	0.584615	1.000000	0.492754	0.607143	0.573529	0.507246	0.552239	0.641791	0.530303	0.611111	0.571429	0.750000	0.633803	0.632353	0.652174	0.634921	0.621212	0.557377	0.521127	0.569444	0.577465	0.687500	0.623188	0.546875	0.544118	0.638889	0.567164	0.628571	0.637681	0.584615	0.513889	0.597222	0.517241	0.625000	0.544118	0.577465	0.492754	0.516129	0.541667	0.461538	0.544118	0.538462	0.573770	0.620000	0.623188	0.555556	0.569231	0.591549	0.555556	0.538462	0.666667	0.550725	
0.257576	0.333333	0.361111	0.300000	0.340000	0.317460	0.444444	0.268657	0.283019	0.347826	0.242857	0.142857	0.263889	0.320000	0.343284	0.271429	0.267606	0.342857	0.361111	0.000000	0.183099	0.328571	0.210526	0.307692	0.288136	0.260870	0.285714	0.343284	0.291667	0.328571	0.272727	0.275362	0.349206	0.239437	0.261538	0.261905	0.358491	0.350000	0.263889	0.275362	0.323077	0.219512	0.305556	0.263889	0.358209	0.328571	0.264706	0.250000	0.272727	0.289855	0.285714	0.323529	0.272727	0.283582	0.371429	0.214286	0.302326	0.333333	0.379310	0.239437	0.291667	0.309859	0.319444	0.323944	0.264706	0.239437	0.000000	0.291667	0.376812	0.555556	0.357143	0.380282	0.242857	0.305556	0.239437	0.327869	0.257143	0.311111	0.357143	0.275362	0.294118	0.253968	0.271429	0.333333	0.294118	0.461538	0.260870	0.333333	0.267606	0.000000	0.285714	0.428571	0.229167	0.290323	-nan	0.571429	0.608696	0.666667	0.519231	-nan	0.625000	0.583333	0.600000	0.564516	0.562500	0.421053	0.522388	0.639344	0.566038	0.524590	0.521739	0.550725	0.661538	0.600000	0.629032	0.630769	0.560606	0.545455	0.565217	0.691176	0.573529	0.593750	0.000000	0.588235	0.472727	0.582090	0.632353	0.621212	0.681818	0.553846	0.563380	0.652174	0.750000	0.700000	0.597015	0.536232	0.587302	0.569231	0.600000	0.485714	0.619718	0.700000	0.562500	0.632353	0.571429	0.626866	0.577465	0.606061	0.536232	0.705882	0.593750	0.549296	0.619718	0.689655	0.578125	0.522388	0.614286	0.617647	0.524590	0.577465	0.656250	0.611940	0.640625	0.600000	0.448980	0.588235	0.605634	0.546875	0.628571	0.577465	0.596154	0.647059	0.617647	
0.323077	0.166667	0.323944	0.318841	0.408163	0.322581	0.555556	0.272727	0.442308	0.308824	0.260870	0.142857	0.366197	0.166667	0.257576	0.246377	0.281690	0.391304	0.323944	0.183099	0.000000	0.318841	0.357143	0.246154	0.355932	0.376812	0.260870	0.287879	0.281690	0.275362	0.230769	0.323529	0.370968	0.228571	0.343750	0.268293	0.326923	0.333333	0.253521	0.289855	0.312500	0.225000	0.323944	0.281690	0.417910	0.347826	0.279412	0.200000	0.333333	0.352941	0.322581	0.283582	0.318182	0.272727	0.347826	0.333333	0.380952	0.415385	0.357143	0.314286	0.281690	0.300000	0.309859	0.300000	0.393939	0.314286	0.000000	0.394366	0.308824	0.647059	0.304348	0.357143	0.318841	0.295775	0.285714	0.483333	0.246377	0.363636	0.376812	0.323529	0.283582	0.241935	0.376812	0.352941	0.238806	0.615385	0.227273	0.354839	0.300000	0.000000	0.290323	0.437500	0.270833	0.327869	-nan	0.571429	0.602941	0.533333	0.557692	-nan	0.593750	0.500000	0.625000	0.580645	0.492063	0.315789	0.545455	0.616667	0.547170	0.433333	0.434783	0.485294	0.600000	0.488889	0.516129	0.630769	0.446154	0.484848	0.529412	0.582090	0.507463	0.562500	0.000000	0.485294	0.563636	0.500000	0.567164	0.584615	0.621212	0.578125	0.514286	0.617647	0.750000	0.628571	0.606061	0.529412	0.571429	0.538462	0.559322	0.507246	0.500000	0.608696	0.500000	0.597015	0.555556	0.515152	0.500000	0.507692	0.485294	0.686567	0.546875	0.514286	0.614286	0.603448	0.546875	0.454545	0.521739	0.567164	0.491803	0.571429	0.515625	0.575758	0.593750	0.500000	0.448980	0.597015	0.671429	0.555556	0.623188	0.600000	0.576923	0.597015	0.588235	
0.296875	0.666667	0.281690	0.260870	0.372549	0.295082	0.333333	0.298507	0.339623	0.268657	0.300000	0.142857	0.211268	0.360000	0.358209	0.289855	0.300000	0.264706	0.267606	0.328571	0.318841	0.000000	0.285714	0.292308	0.298246	0.283582	0.260870	0.303030	0.295775	0.275362	0.265625	0.323529	0.380952	0.242857	0.400000	0.317073	0.326923	0.300000	0.295775	0.149254	0.253968	0.357143	0.281690	0.267606	0.338462	0.347826	0.298507	0.277778	0.227273	0.347826	0.278689	0.343284	0.246154	0.242424	0.260870	0.304348	0.279070	0.261538	0.310345	0.314286	0.267606	0.257143	0.200000	0.357143	0.352941	0.228571	0.000000	0.300000	0.343284	0.222222	0.405797	0.217391	0.323529	0.239437	0.228571	0.300000	0.318841	0.340909	0.231884	0.323529	0.338235	0.338710	0.294118	0.235294	0.253731	0.384615	0.434783	0.245902	0.228571	0.375000	0.258065	0.240000	0.282609	0.295082	-nan	0.653846	0.632353	0.644068	0.600000	-nan	0.650794	0.583333	0.560000	0.672131	0.634921	0.800000	0.590909	0.650000	0.576923	0.590164	0.739130	0.632353	0.687500	0.750000	0.683333	0.562500	0.590909	0.661538	0.661765	0.611940	0.582090	0.682540	1.000000	0.522388	0.636364	0.636364	0.656716	0.646154	0.723077	0.531250	0.628571	0.632353	1.000000	0.652174	0.636364	0.641791	0.737705	0.640625	0.644068	0.594203	0.700000	0.666667	0.741935	0.611940	0.564516	0.621212	0.657143	0.584615	0.529412	0.761194	0.634921	0.642857	0.600000	0.696429	0.661290	0.590909	0.652174	0.626866	0.600000	0.600000	0.539683	0.621212	0.666667	0.576271	0.687500	0.582090	0.557143	0.619048	0.623188	0.528571	0.540000	0.641791	0.641791	
0.288462	0.500000	0.368421	0.368421	0.333333	0.420000	0.333333	0.333333	0.340426	0.309091	0.309091	0.000000	0.228070	0.375000	0.388889	0.267857	0.357143	0.385965	0.438596	0.210526	0.357143	0.285714	0.000000	0.384615	0.265306	0.236364	0.290909	0.339623	0.315789	0.267857	0.370370	0.436364	0.296296	0.232143	0.301887	0.333333	0.413043	0.378378	0.315789	0.200000	0.303571	0.297297	0.385965	0.315789	0.314815	0.254545	0.358491	0.314286	0.142857	0.351852	0.333333	0.418182	0.309091	0.365385	0.400000	0.290909	0.307692	0.272727	0.444444	0.303571	0.298246	0.375000	0.333333	0.321429	0.343750	0.285714	0.000000	0.333333	0.327273	0.352941	0.309091	0.375000	0.309091	0.280702	0.339286	0.294118	0.285714	0.300000	0.321429	0.277778	0.358491	0.396226	0.232143	0.385965	0.296296	0.384615	0.363636	0.314815	0.303571	0.125000	0.230769	0.340909	0.380952	0.250000	-nan	0.761905	0.625000	0.595745	0.585366	-nan	0.530612	0.400000	0.565217	0.640000	0.588235	0.705882	0.574074	0.562500	0.595238	0.510638	0.571429	0.527273	0.627451	0.617647	0.673469	0.607843	0.576923	0.584906	0.574074	0.703704	0.648148	0.568627	0.000000	0.629630	0.522727	0.547170	0.584906	0.596154	0.660377	0.480769	0.535714	0.592593	1.000000	0.727273	0.634615	0.509091	0.632653	0.540000	0.638298	0.456140	0.666667	0.600000	0.615385	0.709091	0.551020	0.592593	0.561404	0.607843	0.537037	0.672727	0.571429	0.642857	0.625000	0.727273	0.571429	0.566038	0.535714	0.716981	0.571429	0.696429	0.705882	0.555556	0.673469	0.565217	0.538462	0.636364	0.517857	0.612245	0.482143	0.517857	0.658537	0.563636	0.603774	
0.322581	0.333333	0.348485	0.343750	0.291667	0.372881	0.222222	0.250000	0.346939	0.225806	0.281250	0.000000	0.318182	0.333333	0.396825	0.390625	0.287879	0.317460	0.272727	0.307692	0.246154	0.292308	0.384615	0.000000	0.428571	0.301587	0.296875	0.333333	0.333333	0.265625	0.278689	0.253968	0.344828	0.276923	0.300000	0.400000	0.265306	0.282051	0.348485	0.250000	0.266667	0.375000	0.303030	0.333333	0.338710	0.328125	0.250000	0.228571	0.095238	0.349206	0.298246	0.333333	0.274194	0.354839	0.343750	0.307692	0.292683	0.278689	0.333333	0.276923	0.196970	0.230769	0.323077	0.276923	0.333333	0.292308	0.000000	0.369231	0.322581	0.529412	0.246154	0.328125	0.265625	0.257576	0.272727	0.421053	0.328125	0.268293	0.343750	0.390625	0.274194	0.224138	0.365079	0.301587	0.258065	0.538462	0.318182	0.327586	0.276923	0.142857	0.321429	0.270833	0.404255	0.379310	-nan	0.576923	0.507937	0.589286	0.500000	-nan	0.525424	0.363636	0.409091	0.578947	0.534483	0.526316	0.491803	0.527273	0.562500	0.571429	0.409091	0.555556	0.600000	0.609756	0.482143	0.650000	0.606557	0.596774	0.634921	0.666667	0.587302	0.627119	0.000000	0.555556	0.576923	0.634921	0.634921	0.533333	0.573770	0.583333	0.569231	0.587302	0.500000	0.676923	0.672131	0.548387	0.578947	0.500000	0.581818	0.593750	0.569231	0.625000	0.566667	0.612903	0.568966	0.564516	0.600000	0.483333	0.539683	0.629032	0.457627	0.600000	0.553846	0.500000	0.644068	0.483871	0.593750	0.451613	0.500000	0.523077	0.576271	0.596774	0.644068	0.581818	0.434783	0.587302	0.523077	0.627119	0.609375	0.569231	0.489362	0.564516	0.507937	
0.410714	0.500000	0.355932	0.362069	0.272727	0.351852	0.444444	0.375000	0.400000	0.285714	0.456140	0.000000	0.305085	0.300000	0.321429	0.263158	0.372881	0.431034	0.423729	0.288136	0.355932	0.298246	0.265306	0.428571	0.000000	0.245614	0.298246	0.333333	0.305085	0.413793	0.357143	0.339286	0.346154	0.293103	0.407407	0.333333	0.340426	0.314286	0.338983	0.344828	0.303571	0.303030	0.423729	0.440678	0.280702	0.298246	0.228070	0.366667	0.263158	0.315789	0.450980	0.293103	0.372881	0.345455	0.403509	0.431034	0.432432	0.344828	0.375000	0.413793	0.338983	0.293103	0.322034	0.396552	0.482759	0.241379	0.000000	0.355932	0.321429	0.312500	0.448276	0.327586	0.368421	0.338983	0.372881	0.346154	0.491228	0.432432	0.368421	0.456140	0.381818	0.372549	0.333333	0.431034	0.339286	0.384615	0.500000	0.400000	0.327586	0.333333	0.326923	0.318182	0.372093	0.277778	-nan	0.521739	0.631579	0.520000	0.555556	-nan	0.732143	0.600000	0.636364	0.634615	0.648148	0.722222	0.629630	0.615385	0.478261	0.607843	0.500000	0.642857	0.581818	0.666667	0.727273	0.425926	0.553571	0.596491	0.553571	0.607143	0.581818	0.584906	0.000000	0.561404	0.530612	0.535714	0.636364	0.641509	0.672727	0.509434	0.465517	0.578947	1.000000	0.610169	0.473684	0.517241	0.745455	0.631579	0.666667	0.508772	0.689655	0.561404	0.777778	0.563636	0.509091	0.654545	0.637931	0.589286	0.589286	0.631579	0.666667	0.689655	0.586207	0.615385	0.614035	0.561404	0.596491	0.618182	0.574074	0.568966	0.547170	0.563636	0.545455	0.596154	0.500000	0.571429	0.568966	0.581818	0.517241	0.551724	0.652174	0.571429	0.631579	
