0.000000	0.181818	0.263736	0.287356	0.276923	0.172414	0.133333	0.218391	0.194444	0.272727	0.250000	0.111111	0.228261	0.250000	0.258824	0.329670	0.290323	0.252874	0.288889	0.277778	0.277778	0.208791	0.266667	0.360465	0.282051	0.307692	0.274725	0.188889	0.369565	0.340659	0.264368	0.318681	0.316456	0.318681	0.206897	0.350877	0.225352	0.296296	0.300000	0.252874	0.349398	0.222222	0.228261	0.247191	0.310345	0.288889	0.288889	0.229508	0.243243	0.247312	0.271605	0.298851	0.243902	0.235955	0.347826	0.191011	0.229508	0.279070	0.209302	0.233333	0.329670	0.263736	0.271739	0.255556	0.211538	0.250000	0.000000	0.384615	0.274725	0.333333	0.239130	0.250000	0.211111	0.228261	0.295455	0.287500	0.293478	0.290323	0.244444	0.263736	0.318681	0.289157	0.303371	0.315217	0.215909	0.263158	0.264706	0.268293	0.230769	0.083333	0.303371	0.308824	0.223881	0.240506	1.000000	0.684211	0.539326	0.597403	0.528571	-nan	0.518072	0.750000	0.527778	0.588235	0.658228	0.548387	0.623529	0.500000	0.534247	0.547619	0.677419	0.528090	0.585366	0.596491	0.580247	0.548780	0.511111	0.617978	0.511628	0.537634	0.505618	0.581395	0.600000	0.477273	0.507042	0.561798	0.534091	0.493827	0.600000	0.493827	0.550562	0.488889	0.600000	0.533333	0.535714	0.590361	0.590909	0.622222	0.597222	0.548387	0.516484	0.465909	0.441860	0.646341	0.474359	0.482353	0.511111	0.476744	0.505618	0.355556	0.566265	0.505618	0.539326	0.486486	0.568182	0.556818	0.522727	0.567901	0.542169	0.540230	0.535714	0.593407	0.505747	0.453333	0.567164	0.619565	0.445652	0.619048	0.488889	0.550562	0.545455	0.516854	0.500000	
0.181818	0.000000	0.400000	0.090909	0.181818	0.181818	0.250000	0.181818	0.181818	0.000000	0.181818	0.333333	0.181818	0.200000	0.181818	0.363636	0.363636	0.363636	0.090909	0.200000	0.090909	0.181818	0.181818	0.300000	0.454545	0.272727	0.181818	0.300000	0.181818	0.181818	0.200000	0.363636	0.181818	0.181818	0.400000	0.200000	0.272727	0.200000	0.181818	0.181818	0.272727	0.222222	0.272727	0.100000	0.272727	0.272727	0.363636	0.300000	0.200000	0.363636	0.181818	0.272727	0.000000	0.272727	0.181818	0.200000	0.000000	0.272727	0.222222	0.300000	0.181818	0.272727	0.454545	0.363636	0.100000	0.272727	0.000000	0.363636	0.181818	0.250000	0.181818	0.181818	0.363636	0.090909	0.181818	0.200000	0.363636	0.272727	0.200000	0.181818	0.272727	0.272727	0.181818	0.272727	0.181818	0.333333	0.555556	0.363636	0.200000	0.250000	0.300000	0.200000	0.300000	0.090909	-nan	0.500000	0.444444	0.666667	0.625000	-nan	0.363636	0.333333	0.428571	0.625000	0.750000	0.833333	0.800000	0.500000	0.714286	0.888889	0.500000	0.777778	0.750000	0.428571	0.500000	0.700000	0.545455	0.363636	0.700000	0.545455	0.727273	0.818182	-nan	0.555556	0.285714	0.636364	0.888889	0.888889	0.636364	0.500000	0.444444	0.333333	1.000000	0.636364	0.727273	0.444444	0.545455	0.454545	0.428571	0.727273	0.545455	0.636364	0.571429	0.750000	0.428571	0.444444	0.636364	0.700000	0.600000	0.636364	0.888889	0.666667	0.545455	0.666667	0.545455	0.777778	0.727273	1.000000	0.727273	0.777778	0.500000	0.727273	0.750000	0.500000	0.400000	0.727273	0.636364	0.636364	0.545455	0.727273	0.750000	0.444444	0.454545	
0.263736	0.400000	0.000000	0.317308	0.291667	0.265306	0.214286	0.278846	0.316456	0.326923	0.220183	0.250000	0.250000	0.209302	0.230000	0.242991	0.240741	0.264706	0.280374	0.242991	0.311321	0.231481	0.247059	0.232323	0.267442	0.240741	0.317757	0.235849	0.318182	0.314286	0.245098	0.212963	0.358696	0.261682	0.270000	0.283333	0.320513	0.263158	0.339806	0.240385	0.265957	0.301370	0.220183	0.289720	0.182692	0.268519	0.311321	0.246154	0.297297	0.254545	0.215054	0.223301	0.320000	0.276190	0.366972	0.240741	0.261538	0.284211	0.255814	0.194175	0.245283	0.259259	0.277778	0.333333	0.333333	0.314815	0.000000	0.196262	0.304762	0.416667	0.330189	0.275229	0.252427	0.284404	0.288462	0.241758	0.209524	0.265625	0.285714	0.222222	0.289720	0.326087	0.349057	0.336449	0.223301	0.250000	0.176471	0.255319	0.305556	0.333333	0.235849	0.283784	0.239437	0.359551	1.000000	0.636364	0.609524	0.623656	0.500000	-nan	0.640000	0.600000	0.459459	0.610000	0.591398	0.500000	0.539216	0.494624	0.564706	0.514851	0.625000	0.533333	0.606061	0.636364	0.614583	0.551020	0.556604	0.590476	0.611650	0.545455	0.576923	0.549020	0.600000	0.485714	0.494253	0.613208	0.514563	0.546392	0.588235	0.608247	0.537736	0.603774	0.555556	0.566038	0.565657	0.618557	0.485714	0.504673	0.541176	0.555556	0.462963	0.509615	0.551020	0.595960	0.515789	0.560000	0.514286	0.540000	0.528846	0.485981	0.555556	0.533333	0.619048	0.500000	0.528846	0.533981	0.528846	0.515152	0.505155	0.529412	0.470000	0.583333	0.596154	0.533333	0.589744	0.642202	0.467290	0.570000	0.485981	0.500000	0.575000	0.509434	0.542857	
0.287356	0.090909	0.317308	0.000000	0.309859	0.265957	0.285714	0.310000	0.342105	0.262626	0.288462	0.250000	0.291262	0.268293	0.354167	0.291262	0.388350	0.278351	0.291262	0.313725	0.326733	0.310680	0.277108	0.265957	0.277108	0.213592	0.362745	0.247525	0.266667	0.280000	0.298969	0.339806	0.340659	0.303922	0.263158	0.300000	0.413333	0.250000	0.265306	0.270000	0.322222	0.211268	0.342857	0.271845	0.267327	0.281553	0.254902	0.274194	0.297297	0.266667	0.247191	0.323232	0.268041	0.346535	0.336538	0.300971	0.230769	0.282609	0.232558	0.326531	0.267327	0.336538	0.320388	0.330097	0.303571	0.291262	0.000000	0.294118	0.300000	0.375000	0.320388	0.288462	0.295918	0.257143	0.292929	0.333333	0.310000	0.301587	0.326733	0.339806	0.313725	0.227273	0.287129	0.303922	0.363636	0.200000	0.242424	0.296703	0.320388	0.250000	0.370000	0.361111	0.314286	0.295455	1.000000	0.454545	0.475248	0.511364	0.451220	-nan	0.494737	0.473684	0.432432	0.473684	0.465909	0.617647	0.530612	0.438202	0.550000	0.468750	0.531250	0.490000	0.489362	0.612903	0.527473	0.505376	0.435644	0.504950	0.479592	0.476190	0.460000	0.494845	0.400000	0.420000	0.433735	0.534653	0.424242	0.554348	0.536082	0.494624	0.520000	0.460784	0.700000	0.524752	0.494737	0.445652	0.510000	0.450980	0.475000	0.451923	0.533981	0.485149	0.500000	0.557895	0.388889	0.442105	0.514851	0.510417	0.490000	0.480392	0.585106	0.490000	0.445545	0.481928	0.484848	0.500000	0.500000	0.478723	0.423913	0.510204	0.431579	0.475728	0.535354	0.494118	0.459459	0.500000	0.436893	0.515789	0.466019	0.534653	0.552632	0.455446	0.460000	
0.276923	0.181818	0.291667	0.309859	0.000000	0.271429	0.266667	0.281690	0.300000	0.257143	0.375000	0.000000	0.323944	0.257143	0.333333	0.285714	0.352113	0.264706	0.300000	0.222222	0.289855	0.291667	0.230769	0.242424	0.323077	0.352113	0.281690	0.275362	0.191781	0.271429	0.308824	0.236111	0.242424	0.291667	0.304348	0.229167	0.285714	0.333333	0.285714	0.291667	0.185714	0.425926	0.246575	0.309859	0.271429	0.194444	0.267606	0.387755	0.333333	0.301370	0.238095	0.267606	0.271429	0.232877	0.250000	0.285714	0.232143	0.309859	0.324324	0.250000	0.314286	0.125000	0.239437	0.236111	0.318182	0.277778	0.000000	0.333333	0.295775	0.250000	0.300000	0.287671	0.281690	0.319444	0.301370	0.347826	0.388889	0.280000	0.231884	0.319444	0.305556	0.223881	0.295775	0.236111	0.225352	0.235294	0.333333	0.343284	0.277778	0.416667	0.231884	0.271186	0.293103	0.300000	-nan	0.384615	0.463768	0.517241	0.472727	-nan	0.500000	0.583333	0.370370	0.384615	0.590164	0.666667	0.529412	0.484375	0.555556	0.455882	0.583333	0.507246	0.515625	0.589744	0.467742	0.539683	0.492958	0.472222	0.552239	0.534247	0.471429	0.500000	1.000000	0.550725	0.418182	0.549296	0.522388	0.475410	0.500000	0.500000	0.500000	0.514286	0.500000	0.514286	0.553846	0.467742	0.507042	0.471429	0.509091	0.465753	0.464789	0.542857	0.558824	0.530303	0.426230	0.430769	0.557143	0.492754	0.500000	0.394366	0.523810	0.492754	0.478261	0.456140	0.522388	0.500000	0.514286	0.539683	0.564516	0.558824	0.530303	0.521127	0.477612	0.406780	0.480769	0.513889	0.479452	0.522388	0.444444	0.485714	0.481481	0.514286	0.457143	
0.172414	0.181818	0.265306	0.265957	0.271429	0.000000	0.133333	0.252632	0.297297	0.212766	0.313131	0.333333	0.234694	0.355556	0.250000	0.309278	0.346939	0.287234	0.298969	0.278351	0.319588	0.316327	0.230769	0.333333	0.256098	0.275510	0.247423	0.250000	0.323232	0.260417	0.268817	0.306122	0.309524	0.336735	0.234043	0.275862	0.259740	0.267857	0.260417	0.212766	0.258427	0.287879	0.340000	0.257732	0.344086	0.309278	0.278351	0.295082	0.166667	0.290000	0.305882	0.305263	0.296703	0.250000	0.363636	0.197917	0.250000	0.307692	0.325581	0.306122	0.239583	0.265306	0.265306	0.265306	0.294118	0.285714	0.000000	0.278351	0.268041	0.125000	0.281250	0.323232	0.204082	0.242424	0.270833	0.267442	0.262626	0.266667	0.242105	0.275510	0.306122	0.272727	0.305263	0.306122	0.242105	0.250000	0.388889	0.186047	0.204082	0.083333	0.242105	0.283784	0.268657	0.275862	-nan	0.540541	0.484211	0.542169	0.533333	-nan	0.477778	0.600000	0.600000	0.516484	0.571429	0.656250	0.538462	0.476190	0.586667	0.516484	0.687500	0.521277	0.516854	0.559322	0.500000	0.539326	0.510417	0.536842	0.473118	0.540000	0.489362	0.500000	0.500000	0.431579	0.519481	0.531250	0.516129	0.522727	0.510870	0.494253	0.520833	0.468750	0.555556	0.604167	0.528090	0.511364	0.484211	0.536082	0.506329	0.428571	0.520408	0.531915	0.489362	0.644444	0.447059	0.516484	0.515789	0.472527	0.510638	0.443299	0.550562	0.452632	0.484211	0.468354	0.510638	0.494624	0.510638	0.522727	0.528736	0.532609	0.444444	0.510204	0.489362	0.506173	0.500000	0.565657	0.387755	0.560440	0.484536	0.520833	0.465753	0.479167	0.458333	
0.133333	0.250000	0.214286	0.285714	0.266667	0.133333	0.000000	0.266667	0.333333	0.133333	0.133333	0.400000	0.400000	0.400000	0.266667	0.357143	0.466667	0.266667	0.214286	0.428571	0.466667	0.266667	0.200000	0.357143	0.200000	0.333333	0.333333	0.357143	0.466667	0.400000	0.357143	0.133333	0.333333	0.266667	0.285714	0.200000	0.400000	0.266667	0.333333	0.466667	0.333333	0.333333	0.333333	0.357143	0.200000	0.266667	0.400000	0.538462	0.214286	0.333333	0.266667	0.357143	0.333333	0.400000	0.466667	0.307692	0.266667	0.400000	0.285714	0.285714	0.066667	0.357143	0.266667	0.333333	0.266667	0.200000	0.000000	0.466667	0.200000	0.230769	0.200000	0.200000	0.400000	0.285714	0.133333	0.230769	0.200000	0.230769	0.214286	0.133333	0.466667	0.333333	0.333333	0.266667	0.466667	0.250000	0.400000	0.200000	0.142857	0.333333	0.214286	0.285714	0.333333	0.333333	-nan	0.333333	0.333333	0.625000	0.250000	-nan	0.416667	0.500000	0.400000	0.500000	0.900000	0.625000	0.461538	0.416667	0.333333	0.500000	1.000000	0.615385	0.800000	0.666667	0.454545	0.545455	0.615385	0.400000	0.583333	0.533333	0.500000	0.533333	1.000000	0.416667	0.750000	0.400000	0.615385	0.500000	0.692308	0.444444	0.538462	0.416667	0.250000	0.571429	0.750000	0.300000	0.333333	0.642857	0.444444	0.400000	0.400000	0.500000	0.375000	0.900000	0.500000	0.545455	0.400000	0.333333	0.714286	0.400000	0.636364	0.571429	0.583333	0.300000	0.818182	0.416667	0.533333	0.400000	0.357143	0.538462	0.466667	0.600000	0.363636	0.444444	0.500000	0.533333	0.600000	0.750000	0.200000	0.692308	0.600000	0.307692	0.428571	
0.218391	0.181818	0.278846	0.310000	0.281690	0.252632	0.266667	0.000000	0.285714	0.240000	0.298077	0.333333	0.310680	0.250000	0.229167	0.294118	0.320388	0.323232	0.330097	0.245098	0.247525	0.307692	0.231707	0.239583	0.273810	0.300971	0.215686	0.215686	0.209524	0.247525	0.265306	0.317308	0.235955	0.320388	0.297872	0.237288	0.194805	0.327586	0.244898	0.250000	0.296703	0.309859	0.240385	0.294118	0.320000	0.288462	0.257426	0.269841	0.162162	0.247619	0.293478	0.292929	0.275510	0.247525	0.278846	0.254902	0.296875	0.263736	0.295455	0.316327	0.297030	0.262136	0.271845	0.304762	0.241379	0.233010	0.000000	0.343137	0.225490	0.240000	0.254902	0.269231	0.292929	0.259615	0.310000	0.313953	0.250000	0.258065	0.257426	0.298077	0.320388	0.348315	0.294118	0.242718	0.242424	0.380952	0.314286	0.362637	0.310680	0.166667	0.290000	0.273973	0.271429	0.235955	-nan	0.619048	0.560000	0.556818	0.637500	-nan	0.515789	0.722222	0.457143	0.536842	0.568182	0.636364	0.597938	0.460674	0.575000	0.505155	0.612903	0.525253	0.542553	0.578125	0.560440	0.553191	0.504950	0.590000	0.530612	0.533333	0.525253	0.577320	0.333333	0.490000	0.451220	0.594059	0.479592	0.554348	0.577320	0.565217	0.524752	0.544554	0.625000	0.554455	0.553191	0.548387	0.550000	0.558824	0.518519	0.514563	0.543689	0.565657	0.565217	0.642105	0.455556	0.547368	0.470000	0.431579	0.505051	0.470588	0.595745	0.500000	0.570000	0.506024	0.565657	0.551020	0.555556	0.542553	0.510870	0.494845	0.452632	0.592233	0.555556	0.418605	0.589041	0.519231	0.524272	0.510417	0.490196	0.544554	0.600000	0.524752	0.570000	
0.194444	0.181818	0.316456	0.342105	0.300000	0.297297	0.333333	0.285714	0.000000	0.259740	0.329114	0.111111	0.294872	0.225000	0.283784	0.272727	0.303797	0.272727	0.285714	0.294872	0.236842	0.253165	0.257143	0.333333	0.309859	0.341772	0.282051	0.197368	0.362500	0.311688	0.189189	0.346154	0.342466	0.269231	0.276316	0.384615	0.246154	0.269231	0.246753	0.269231	0.342105	0.301887	0.250000	0.282051	0.337662	0.303797	0.233766	0.215686	0.281250	0.300000	0.328571	0.223684	0.328947	0.243590	0.278481	0.285714	0.303571	0.256410	0.219512	0.259740	0.282051	0.316456	0.307692	0.265823	0.297872	0.303797	0.000000	0.272727	0.256410	0.360000	0.207792	0.240506	0.294872	0.240506	0.266667	0.295775	0.303797	0.358491	0.346667	0.282051	0.269231	0.315789	0.320513	0.262500	0.223684	0.555556	0.322581	0.347826	0.265823	0.250000	0.381579	0.278689	0.283333	0.277778	-nan	0.709677	0.533333	0.575758	0.466667	-nan	0.514286	0.733333	0.500000	0.577465	0.593750	0.714286	0.616438	0.539683	0.583333	0.535211	0.625000	0.426667	0.625000	0.562500	0.611940	0.588235	0.493506	0.592105	0.547945	0.550000	0.472973	0.540541	0.500000	0.546667	0.435484	0.571429	0.586667	0.600000	0.547945	0.507463	0.506667	0.500000	0.666667	0.610390	0.549296	0.617647	0.565789	0.558442	0.568966	0.556962	0.525641	0.486486	0.470588	0.585714	0.446154	0.472222	0.513158	0.563380	0.554054	0.448718	0.585714	0.513158	0.520000	0.442623	0.640000	0.554054	0.500000	0.585714	0.557143	0.575342	0.549296	0.564103	0.621622	0.403226	0.481481	0.607595	0.493506	0.628571	0.474359	0.513158	0.629630	0.513158	0.513158	
0.272727	0.000000	0.326923	0.262626	0.257143	0.212766	0.133333	0.240000	0.259740	0.000000	0.257143	0.333333	0.288462	0.279070	0.312500	0.310680	0.323810	0.282828	0.262136	0.288462	0.254902	0.278846	0.207317	0.326316	0.238095	0.346154	0.262136	0.274510	0.295238	0.237624	0.244898	0.298077	0.258427	0.339806	0.263158	0.258621	0.236842	0.259259	0.212121	0.267327	0.311111	0.342857	0.295238	0.313725	0.297030	0.262136	0.313725	0.312500	0.250000	0.311321	0.292135	0.242424	0.270833	0.297030	0.257143	0.294118	0.238095	0.296703	0.204545	0.303030	0.274510	0.250000	0.307692	0.242718	0.298246	0.240385	0.000000	0.281553	0.237624	0.208333	0.215686	0.295238	0.282828	0.238095	0.280000	0.310345	0.267327	0.245902	0.217822	0.320388	0.355769	0.219780	0.291262	0.203883	0.300000	0.333333	0.342857	0.241758	0.281553	0.181818	0.237624	0.253521	0.347826	0.282353	0.000000	0.441860	0.504950	0.561798	0.506173	-nan	0.489583	0.526316	0.527778	0.447917	0.584270	0.611111	0.597938	0.444444	0.555556	0.515464	0.656250	0.490000	0.562500	0.584615	0.537634	0.536842	0.490196	0.495050	0.505051	0.509434	0.510000	0.520408	0.750000	0.465347	0.452381	0.533981	0.484848	0.563830	0.525253	0.494624	0.534653	0.460784	0.500000	0.578431	0.536842	0.531915	0.509804	0.504854	0.548780	0.490385	0.509615	0.540000	0.553191	0.610526	0.417582	0.525773	0.524752	0.520833	0.574257	0.442308	0.572917	0.480392	0.455446	0.541176	0.534653	0.545455	0.500000	0.478723	0.505376	0.591837	0.395833	0.538462	0.570000	0.528736	0.493333	0.552381	0.436893	0.572917	0.514563	0.539216	0.558442	0.460784	0.544554	
0.250000	0.181818	0.220183	0.288462	0.375000	0.313131	0.133333	0.298077	0.329114	0.257143	0.000000	0.222222	0.229358	0.227273	0.220000	0.305556	0.238532	0.281553	0.277778	0.305556	0.242991	0.275229	0.329412	0.230000	0.287356	0.263636	0.293578	0.296296	0.363636	0.330189	0.339806	0.275229	0.315217	0.268519	0.277228	0.350000	0.278481	0.210526	0.271845	0.304762	0.378947	0.229730	0.281818	0.289720	0.269231	0.240741	0.355140	0.261538	0.243243	0.279279	0.290323	0.278846	0.250000	0.301887	0.327273	0.203704	0.230769	0.231579	0.232558	0.298077	0.280374	0.302752	0.293578	0.314815	0.315789	0.263636	0.000000	0.268519	0.273585	0.416667	0.327103	0.309091	0.211538	0.254545	0.314286	0.340659	0.283019	0.218750	0.271028	0.277778	0.287037	0.304348	0.396226	0.296296	0.278846	0.285714	0.314286	0.273684	0.240741	0.181818	0.214953	0.226667	0.375000	0.247191	1.000000	0.600000	0.528302	0.610526	0.458824	-nan	0.574257	0.571429	0.621622	0.554455	0.531915	0.500000	0.529412	0.510638	0.494118	0.588235	0.545455	0.466667	0.574257	0.588235	0.551020	0.530000	0.504673	0.556604	0.528846	0.531532	0.542857	0.557692	0.800000	0.443396	0.539326	0.542056	0.500000	0.540816	0.660194	0.581633	0.575472	0.514019	0.500000	0.462963	0.540000	0.551020	0.462264	0.477064	0.593023	0.605505	0.486239	0.485714	0.440000	0.515152	0.494845	0.534653	0.452830	0.465347	0.542857	0.481481	0.554455	0.452830	0.518868	0.500000	0.514286	0.509615	0.504762	0.494949	0.494949	0.533981	0.441176	0.623853	0.571429	0.527473	0.462500	0.618182	0.481481	0.534653	0.481481	0.504673	0.609756	0.476636	0.537736	
0.111111	0.333333	0.250000	0.250000	0.000000	0.333333	0.400000	0.333333	0.111111	0.333333	0.222222	0.000000	0.333333	0.111111	0.333333	0.125000	0.111111	0.125000	0.250000	0.111111	0.222222	0.125000	0.222222	0.111111	0.285714	0.333333	0.333333	0.222222	0.111111	0.222222	0.222222	0.000000	0.222222	0.111111	0.125000	0.444444	0.111111	0.222222	0.333333	0.222222	0.333333	0.333333	0.222222	0.222222	0.222222	0.111111	0.222222	0.142857	0.333333	0.333333	0.500000	0.125000	0.111111	0.222222	0.222222	0.000000	0.333333	0.222222	0.222222	0.125000	0.333333	0.125000	0.222222	0.111111	0.333333	0.444444	0.000000	0.222222	0.333333	0.285714	0.222222	0.111111	0.125000	0.125000	0.333333	0.250000	0.444444	0.000000	0.111111	0.333333	0.000000	0.000000	0.333333	0.222222	0.222222	0.125000	0.222222	0.125000	0.333333	0.000000	0.250000	0.285714	0.222222	0.111111	-nan	1.000000	0.666667	0.333333	0.200000	-nan	0.428571	0.750000	0.166667	0.444444	0.571429	0.750000	0.555556	0.666667	0.428571	0.500000	0.250000	0.625000	0.625000	0.000000	0.400000	0.285714	0.444444	0.666667	0.555556	0.555556	0.555556	0.500000	1.000000	0.444444	0.600000	0.777778	0.666667	0.444444	0.666667	0.666667	0.714286	0.375000	0.000000	0.750000	0.555556	0.666667	0.714286	0.285714	1.000000	0.777778	0.500000	0.555556	0.500000	0.285714	0.750000	0.555556	0.888889	0.428571	0.444444	0.444444	0.500000	0.250000	0.750000	0.400000	0.500000	0.555556	0.555556	0.571429	1.000000	0.428571	0.875000	0.777778	0.375000	0.200000	0.500000	0.555556	0.666667	0.333333	0.333333	0.555556	0.250000	0.714286	0.250000	
0.228261	0.181818	0.250000	0.291262	0.323944	0.234694	0.400000	0.310680	0.294872	0.288462	0.229358	0.333333	0.000000	0.227273	0.242424	0.280374	0.284404	0.245098	0.317757	0.355140	0.292453	0.324074	0.329412	0.292929	0.298851	0.250000	0.271028	0.280374	0.403670	0.311321	0.271845	0.268519	0.285714	0.308411	0.252525	0.300000	0.303797	0.228070	0.291262	0.288462	0.297872	0.263889	0.275229	0.226415	0.262136	0.299065	0.273585	0.261538	0.270270	0.236364	0.290323	0.291262	0.252525	0.266667	0.311927	0.245283	0.265625	0.244681	0.255814	0.310680	0.324074	0.305556	0.293578	0.271028	0.250000	0.250000	0.000000	0.277778	0.254717	0.333333	0.355140	0.293578	0.194175	0.256881	0.221154	0.288889	0.257143	0.234375	0.235849	0.345794	0.231481	0.252747	0.254717	0.261682	0.192308	0.333333	0.228571	0.336842	0.233645	0.250000	0.238095	0.253333	0.295775	0.272727	1.000000	0.688889	0.533333	0.655914	0.559524	-nan	0.580000	0.761905	0.500000	0.630000	0.612903	0.578947	0.653465	0.537634	0.611765	0.574257	0.625000	0.538462	0.555556	0.666667	0.639175	0.622449	0.575472	0.609524	0.592233	0.554545	0.586538	0.617647	0.400000	0.523810	0.528736	0.622642	0.543689	0.587629	0.647059	0.587629	0.571429	0.537736	0.800000	0.566038	0.540000	0.597938	0.552381	0.588785	0.600000	0.574074	0.620370	0.519231	0.591837	0.602041	0.520833	0.540000	0.552381	0.560000	0.528846	0.514019	0.535354	0.542857	0.552381	0.568182	0.528846	0.543689	0.548077	0.489796	0.591837	0.588235	0.510000	0.620370	0.605769	0.555556	0.487179	0.623853	0.467290	0.560000	0.523364	0.471698	0.654321	0.518868	0.533333	
0.250000	0.200000	0.209302	0.268293	0.257143	0.355556	0.400000	0.250000	0.225000	0.279070	0.227273	0.111111	0.227273	0.000000	0.204545	0.250000	0.250000	0.295455	0.232558	0.204545	0.244444	0.159091	0.170732	0.255814	0.250000	0.272727	0.232558	0.255814	0.227273	0.311111	0.204545	0.250000	0.380952	0.340909	0.333333	0.257143	0.317073	0.242424	0.227273	0.295455	0.272727	0.166667	0.288889	0.261905	0.200000	0.272727	0.250000	0.157895	0.407407	0.177778	0.232558	0.302326	0.219512	0.244444	0.244444	0.243902	0.157895	0.341463	0.225806	0.295455	0.295455	0.204545	0.177778	0.272727	0.222222	0.386364	0.000000	0.222222	0.266667	0.391304	0.244444	0.227273	0.318182	0.250000	0.288889	0.131579	0.377778	0.194444	0.232558	0.232558	0.177778	0.309524	0.318182	0.222222	0.227273	0.357143	0.379310	0.333333	0.279070	0.222222	0.279070	0.256410	0.236842	0.190476	-nan	0.736842	0.536585	0.666667	0.393939	-nan	0.641026	0.769231	0.434783	0.631579	0.621622	0.611111	0.589744	0.611111	0.617647	0.571429	0.176471	0.511628	0.675676	0.482759	0.600000	0.552632	0.488372	0.688889	0.619048	0.466667	0.545455	0.666667	0.333333	0.463415	0.444444	0.704545	0.571429	0.500000	0.690476	0.722222	0.697674	0.619048	0.500000	0.500000	0.615385	0.578947	0.571429	0.523810	0.628571	0.600000	0.500000	0.500000	0.521739	0.578947	0.636364	0.634146	0.590909	0.476190	0.604651	0.488889	0.714286	0.476190	0.642857	0.687500	0.564103	0.550000	0.500000	0.594595	0.594595	0.560976	0.609756	0.688889	0.650000	0.441176	0.600000	0.636364	0.545455	0.567568	0.431818	0.595238	0.617647	0.488372	0.590909	
0.258824	0.181818	0.230000	0.354167	0.333333	0.250000	0.266667	0.229167	0.283784	0.312500	0.220000	0.333333	0.242424	0.204545	0.000000	0.272727	0.333333	0.361702	0.265306	0.323232	0.247423	0.313131	0.262500	0.274725	0.280488	0.282828	0.244898	0.288660	0.336634	0.333333	0.234043	0.242424	0.279070	0.285714	0.296703	0.322034	0.256757	0.228070	0.297872	0.281250	0.298851	0.260870	0.290000	0.265306	0.270833	0.303030	0.285714	0.266667	0.157895	0.277228	0.284091	0.326316	0.304348	0.187500	0.310000	0.244898	0.171875	0.269663	0.386364	0.252632	0.257732	0.280000	0.252525	0.323232	0.275862	0.313131	0.000000	0.275510	0.250000	0.320000	0.316327	0.330000	0.255319	0.240000	0.298969	0.244186	0.229167	0.245902	0.291667	0.222222	0.292929	0.298851	0.275510	0.336735	0.231579	0.190476	0.400000	0.313953	0.232323	0.083333	0.197917	0.273973	0.276923	0.202381	1.000000	0.642857	0.593750	0.571429	0.532468	-nan	0.538462	0.684211	0.583333	0.615385	0.620690	0.588235	0.531915	0.488095	0.605263	0.576087	0.600000	0.510417	0.637363	0.650794	0.620690	0.595506	0.525773	0.593750	0.574468	0.514851	0.557895	0.585106	0.800000	0.541667	0.493671	0.653061	0.557895	0.633333	0.655914	0.681818	0.531250	0.577320	0.800000	0.546392	0.604396	0.550562	0.525773	0.561224	0.531646	0.585859	0.616162	0.589474	0.500000	0.571429	0.511628	0.580645	0.484536	0.473118	0.583333	0.515152	0.644444	0.500000	0.572917	0.525000	0.526316	0.500000	0.536842	0.615385	0.500000	0.537634	0.489130	0.585859	0.610526	0.451220	0.563380	0.590000	0.520408	0.527473	0.500000	0.505155	0.618421	0.515464	0.593750	
0.329670	0.363636	0.242991	0.291262	0.285714	0.309278	0.357143	0.294118	0.272727	0.310680	0.305556	0.125000	0.280374	0.250000	0.272727	0.000000	0.271028	0.257426	0.271028	0.264151	0.283019	0.261682	0.289157	0.295918	0.270588	0.242991	0.301887	0.295238	0.231481	0.307692	0.235294	0.261682	0.255556	0.254717	0.326531	0.338983	0.311688	0.178571	0.306931	0.330097	0.236559	0.222222	0.287037	0.266667	0.215686	0.261682	0.276190	0.312500	0.394737	0.266055	0.271739	0.310680	0.353535	0.269231	0.339450	0.301887	0.323077	0.247312	0.302326	0.215686	0.295238	0.287037	0.231481	0.283019	0.368421	0.336449	0.000000	0.273585	0.307692	0.375000	0.285714	0.287037	0.300971	0.330275	0.291262	0.235955	0.250000	0.296875	0.298077	0.311321	0.254717	0.277778	0.240385	0.207547	0.274510	0.210526	0.257143	0.290323	0.292453	0.333333	0.288462	0.280000	0.271429	0.367816	0.000000	0.522727	0.519231	0.478261	0.397590	-nan	0.494949	0.600000	0.394737	0.484848	0.559140	0.473684	0.544554	0.369565	0.559524	0.410000	0.531250	0.495146	0.520408	0.560606	0.610526	0.453608	0.504762	0.567308	0.539216	0.504587	0.504854	0.529412	0.200000	0.451923	0.441860	0.552381	0.446602	0.567010	0.574257	0.552083	0.490385	0.495238	0.500000	0.514286	0.500000	0.556701	0.519231	0.471698	0.452381	0.467290	0.514019	0.475728	0.480000	0.494845	0.382979	0.494949	0.432692	0.530000	0.500000	0.481132	0.500000	0.480769	0.490385	0.517241	0.456311	0.470588	0.475728	0.474227	0.505155	0.455446	0.454545	0.532710	0.582524	0.415730	0.545455	0.527778	0.433962	0.555556	0.471698	0.476190	0.512500	0.438095	0.519231	
0.290323	0.363636	0.240741	0.388350	0.352113	0.346939	0.466667	0.320388	0.303797	0.323810	0.238532	0.111111	0.284404	0.250000	0.333333	0.271028	0.000000	0.254902	0.289720	0.233645	0.283019	0.305556	0.388235	0.303030	0.413793	0.324074	0.383178	0.308411	0.348624	0.339623	0.349515	0.277778	0.329670	0.299065	0.242424	0.377049	0.325000	0.315789	0.300971	0.288462	0.329787	0.305556	0.293578	0.292453	0.271845	0.308411	0.339623	0.261538	0.432432	0.281818	0.258065	0.271845	0.323232	0.304762	0.330275	0.235849	0.312500	0.284211	0.250000	0.252427	0.345794	0.361111	0.293578	0.224299	0.315789	0.287037	0.000000	0.305556	0.330189	0.480000	0.327103	0.247706	0.223301	0.302752	0.346154	0.388889	0.314286	0.218750	0.264151	0.289720	0.231481	0.326087	0.330189	0.299065	0.259615	0.380952	0.200000	0.305263	0.327103	0.500000	0.276190	0.333333	0.319444	0.295455	0.000000	0.555556	0.542857	0.580645	0.564706	-nan	0.640000	0.523810	0.526316	0.580000	0.526882	0.578947	0.584158	0.548387	0.488372	0.564356	0.515152	0.519231	0.595960	0.641791	0.602041	0.540816	0.528302	0.590476	0.563107	0.581818	0.576923	0.549020	0.400000	0.485714	0.551724	0.575472	0.524272	0.546392	0.598039	0.525773	0.561905	0.490566	0.600000	0.537736	0.494949	0.612245	0.533333	0.448598	0.564706	0.537037	0.481481	0.500000	0.562500	0.530612	0.494737	0.530000	0.542857	0.550000	0.480769	0.514019	0.530000	0.490566	0.533333	0.539326	0.504762	0.553398	0.528846	0.510204	0.561224	0.519608	0.510000	0.592593	0.548077	0.549451	0.556962	0.623853	0.467290	0.580000	0.542056	0.490566	0.604938	0.490566	0.533333	
0.252874	0.363636	0.264706	0.278351	0.264706	0.287234	0.266667	0.323232	0.272727	0.282828	0.281553	0.125000	0.245098	0.295455	0.361702	0.257426	0.254902	0.000000	0.277228	0.326733	0.287129	0.242718	0.392857	0.279570	0.309524	0.245098	0.323529	0.270000	0.320388	0.300000	0.336735	0.313725	0.329545	0.356436	0.215054	0.423729	0.302632	0.263158	0.281250	0.323232	0.292135	0.305556	0.281553	0.270000	0.234694	0.227723	0.230000	0.301587	0.305556	0.173077	0.290323	0.226804	0.281250	0.313131	0.271845	0.210000	0.312500	0.244444	0.302326	0.237113	0.287129	0.274510	0.264706	0.196078	0.290909	0.245098	0.000000	0.326733	0.280000	0.375000	0.336634	0.223301	0.242424	0.310680	0.210000	0.273810	0.272727	0.209677	0.313131	0.306931	0.252427	0.274725	0.297030	0.184466	0.265306	0.238095	0.171429	0.255556	0.247525	0.181818	0.323232	0.305556	0.314286	0.348837	-nan	0.642857	0.555556	0.579545	0.512821	-nan	0.606383	0.526316	0.575758	0.500000	0.590909	0.527778	0.621053	0.500000	0.564103	0.536842	0.718750	0.551020	0.606383	0.553846	0.604396	0.526882	0.590000	0.595960	0.494845	0.605769	0.500000	0.515464	0.666667	0.515152	0.475610	0.550000	0.500000	0.549451	0.597938	0.560440	0.616162	0.550000	0.444444	0.564356	0.542553	0.604396	0.545455	0.578431	0.629630	0.549020	0.543689	0.561224	0.562500	0.554348	0.500000	0.536842	0.555556	0.547368	0.520408	0.564356	0.489362	0.565657	0.555556	0.506024	0.571429	0.505155	0.520408	0.500000	0.576087	0.552083	0.526316	0.578431	0.540816	0.595238	0.547945	0.611650	0.445545	0.563830	0.524752	0.570000	0.552632	0.510000	0.505051	
0.288889	0.090909	0.280374	0.291262	0.300000	0.298969	0.214286	0.330097	0.285714	0.262136	0.277778	0.250000	0.317757	0.232558	0.265306	0.271028	0.289720	0.277228	0.000000	0.254717	0.238095	0.205607	0.216867	0.272727	0.270588	0.205607	0.235849	0.273585	0.259259	0.317308	0.267327	0.250000	0.322222	0.283019	0.316327	0.338983	0.256410	0.192982	0.277228	0.271845	0.215054	0.246575	0.296296	0.247619	0.274510	0.216981	0.333333	0.328125	0.184211	0.348624	0.186813	0.339806	0.272727	0.298077	0.314815	0.283019	0.222222	0.247312	0.238095	0.254902	0.247619	0.296296	0.242991	0.271028	0.280702	0.355140	0.000000	0.207547	0.269231	0.375000	0.333333	0.250000	0.274510	0.238532	0.300971	0.269663	0.317308	0.250000	0.314286	0.264151	0.330189	0.311111	0.317308	0.311321	0.291262	0.200000	0.382353	0.268817	0.320755	0.333333	0.250000	0.306667	0.318841	0.264368	0.000000	0.581395	0.557692	0.576087	0.493976	-nan	0.575758	0.578947	0.611111	0.545455	0.597826	0.567568	0.640000	0.478261	0.614458	0.574257	0.600000	0.543689	0.612245	0.630769	0.568421	0.556701	0.561905	0.567308	0.568627	0.550459	0.563107	0.514851	0.800000	0.509615	0.569767	0.561905	0.519608	0.614583	0.594059	0.635417	0.567308	0.542857	0.666667	0.571429	0.632653	0.552083	0.586538	0.566038	0.559524	0.551402	0.598131	0.601942	0.562500	0.536082	0.510638	0.505051	0.596154	0.575758	0.582524	0.537736	0.591837	0.538462	0.500000	0.597701	0.524272	0.588235	0.563107	0.556701	0.531250	0.584158	0.545455	0.598131	0.611650	0.566667	0.564103	0.611111	0.500000	0.555556	0.528302	0.609524	0.531646	0.561905	0.605769	
0.277778	0.200000	0.242991	0.313725	0.222222	0.278351	0.428571	0.245098	0.294872	0.288462	0.305556	0.111111	0.355140	0.204545	0.323232	0.264151	0.233645	0.326733	0.254717	0.000000	0.361905	0.242991	0.273810	0.275510	0.313953	0.299065	0.283019	0.292453	0.240741	0.278846	0.277228	0.289720	0.233333	0.273585	0.275510	0.237288	0.230769	0.421053	0.277228	0.230769	0.212766	0.239437	0.361111	0.358491	0.294118	0.254717	0.285714	0.250000	0.216216	0.302752	0.208791	0.284314	0.244898	0.285714	0.314815	0.276190	0.353846	0.354839	0.255814	0.233010	0.295238	0.261682	0.280374	0.283019	0.368421	0.327103	0.000000	0.261682	0.326923	0.440000	0.333333	0.222222	0.313725	0.314815	0.346154	0.252747	0.288462	0.190476	0.285714	0.301887	0.283019	0.318681	0.352381	0.254717	0.205882	0.285714	0.257143	0.301075	0.355140	0.416667	0.259615	0.306667	0.257143	0.287356	1.000000	0.613636	0.567308	0.576087	0.511905	-nan	0.595960	0.619048	0.594595	0.535354	0.565217	0.594595	0.570000	0.537634	0.578313	0.465347	0.515152	0.538462	0.610000	0.545455	0.614583	0.536082	0.552381	0.609524	0.568627	0.550459	0.572816	0.514851	0.400000	0.519231	0.494253	0.594340	0.549020	0.536082	0.613861	0.536082	0.586538	0.537736	0.900000	0.571429	0.561224	0.562500	0.580952	0.433962	0.494118	0.542056	0.542056	0.563107	0.612245	0.597938	0.526316	0.575758	0.576923	0.555556	0.553398	0.514019	0.571429	0.528846	0.567308	0.606742	0.485437	0.549020	0.576923	0.536082	0.614583	0.554455	0.505051	0.588785	0.621359	0.500000	0.602564	0.574074	0.471698	0.575758	0.566038	0.590476	0.567901	0.533333	0.605769	
0.277778	0.090909	0.311321	0.326733	0.289855	0.319588	0.466667	0.247525	0.236842	0.254902	0.242991	0.222222	0.292453	0.244444	0.247423	0.283019	0.283019	0.287129	0.238095	0.361905	0.000000	0.292453	0.301205	0.226804	0.297619	0.339623	0.219048	0.288462	0.280374	0.304762	0.205882	0.311321	0.388889	0.301887	0.309278	0.379310	0.223684	0.232143	0.190000	0.235294	0.304348	0.277778	0.196262	0.269231	0.386139	0.273585	0.259615	0.234375	0.289474	0.259259	0.307692	0.274510	0.265306	0.233010	0.296296	0.250000	0.250000	0.206522	0.214286	0.326733	0.278846	0.283019	0.308411	0.238095	0.196429	0.292453	0.000000	0.314286	0.278846	0.291667	0.278846	0.280374	0.254902	0.214953	0.362745	0.318182	0.310680	0.225806	0.349515	0.219048	0.352381	0.292135	0.336538	0.304762	0.237624	0.333333	0.416667	0.322581	0.323810	0.166667	0.242718	0.270270	0.342857	0.302326	1.000000	0.571429	0.553398	0.549451	0.506173	-nan	0.479592	0.523810	0.500000	0.484848	0.527473	0.552632	0.585859	0.417582	0.542169	0.525253	0.437500	0.470588	0.525773	0.507692	0.563830	0.468750	0.500000	0.533981	0.564356	0.472222	0.519608	0.520000	0.600000	0.475728	0.411765	0.528846	0.495050	0.526316	0.500000	0.568421	0.466019	0.538462	0.600000	0.538462	0.546392	0.526316	0.582524	0.542857	0.552941	0.537736	0.509434	0.500000	0.551020	0.520833	0.483871	0.489796	0.514563	0.469388	0.519608	0.462264	0.505155	0.495146	0.495146	0.505747	0.509804	0.564356	0.470588	0.531250	0.515789	0.520000	0.448980	0.547170	0.549020	0.465909	0.500000	0.588785	0.466667	0.489796	0.542857	0.500000	0.448718	0.480769	0.519231	
0.208791	0.181818	0.231481	0.310680	0.291667	0.316327	0.266667	0.307692	0.253165	0.278846	0.275229	0.125000	0.324074	0.159091	0.313131	0.261682	0.305556	0.242718	0.205607	0.242991	0.292453	0.000000	0.273810	0.262626	0.313953	0.287037	0.214953	0.235849	0.293578	0.330189	0.294118	0.268519	0.373626	0.305556	0.353535	0.338983	0.265823	0.298246	0.333333	0.288462	0.265957	0.208333	0.311927	0.245283	0.271845	0.305556	0.283019	0.261538	0.270270	0.290909	0.247312	0.355769	0.262626	0.320755	0.266055	0.301887	0.265625	0.287234	0.255814	0.233010	0.283019	0.222222	0.287037	0.299065	0.228070	0.314815	0.000000	0.280374	0.320755	0.416667	0.235849	0.192661	0.298077	0.266055	0.326923	0.233333	0.323810	0.190476	0.285714	0.280374	0.317757	0.329670	0.361905	0.308411	0.252427	0.190476	0.285714	0.308511	0.355140	0.181818	0.295238	0.346667	0.257143	0.325843	0.000000	0.622222	0.514286	0.563830	0.404762	-nan	0.550000	0.571429	0.567568	0.540000	0.580645	0.421053	0.564356	0.542553	0.529412	0.465347	0.545455	0.480769	0.590000	0.529412	0.587629	0.505051	0.528302	0.552381	0.504854	0.481818	0.509615	0.543689	0.600000	0.438095	0.465909	0.528302	0.485437	0.505155	0.607843	0.525773	0.552381	0.509434	0.400000	0.504673	0.545455	0.525773	0.523810	0.518519	0.529412	0.527778	0.467890	0.519231	0.500000	0.530612	0.500000	0.490000	0.523810	0.510000	0.471154	0.448598	0.540000	0.533333	0.514286	0.528090	0.500000	0.475728	0.480769	0.551020	0.551020	0.519608	0.534653	0.537037	0.557692	0.488889	0.531646	0.614679	0.485981	0.570000	0.439252	0.528302	0.506173	0.518868	0.552381	
0.266667	0.181818	0.247059	0.277108	0.230769	0.230769	0.200000	0.231707	0.257143	0.207317	0.329412	0.222222	0.329412	0.170732	0.262500	0.289157	0.388235	0.392857	0.216867	0.273810	0.301205	0.273810	0.000000	0.329114	0.232877	0.270588	0.285714	0.204819	0.255814	0.309524	0.246914	0.250000	0.316456	0.313253	0.346154	0.263158	0.264706	0.267857	0.212500	0.240964	0.233766	0.333333	0.302326	0.297619	0.280488	0.273810	0.297619	0.258621	0.250000	0.372093	0.275000	0.292683	0.320988	0.289157	0.364706	0.313253	0.233333	0.333333	0.261905	0.262500	0.282353	0.178571	0.294118	0.294118	0.301887	0.270588	0.000000	0.238095	0.285714	0.280000	0.235294	0.305882	0.300000	0.270588	0.345679	0.200000	0.256098	0.288136	0.289157	0.226190	0.282353	0.256410	0.290698	0.348837	0.273810	0.350000	0.484848	0.250000	0.297619	0.333333	0.231707	0.333333	0.353846	0.315789	-nan	0.552632	0.524390	0.614286	0.523077	-nan	0.519481	0.529412	0.437500	0.576923	0.619718	0.655172	0.600000	0.444444	0.676923	0.454545	0.592593	0.536585	0.571429	0.500000	0.554054	0.613333	0.488095	0.506024	0.544304	0.488372	0.500000	0.481013	0.666667	0.500000	0.522388	0.630952	0.555556	0.567568	0.475000	0.539474	0.585366	0.566265	0.285714	0.602410	0.576923	0.547945	0.506024	0.518072	0.578125	0.534884	0.547619	0.548780	0.675676	0.589744	0.486111	0.513158	0.542169	0.544304	0.585366	0.357143	0.640000	0.451220	0.536585	0.611940	0.525000	0.567901	0.530864	0.513158	0.426667	0.604938	0.506494	0.559524	0.562500	0.405797	0.508475	0.529412	0.529412	0.571429	0.511905	0.536585	0.539683	0.524390	0.554217	
0.360465	0.300000	0.232323	0.265957	0.242424	0.333333	0.357143	0.239583	0.333333	0.326316	0.230000	0.111111	0.292929	0.255814	0.274725	0.295918	0.303030	0.279570	0.272727	0.275510	0.226804	0.262626	0.329114	0.000000	0.303797	0.240000	0.255102	0.275510	0.260000	0.302083	0.284211	0.250000	0.270588	0.234694	0.293478	0.321429	0.273973	0.290909	0.290323	0.263158	0.298851	0.333333	0.230000	0.247423	0.382979	0.193878	0.272727	0.274194	0.216216	0.237624	0.297619	0.329787	0.274725	0.270833	0.230000	0.237113	0.258065	0.220930	0.225000	0.287234	0.216495	0.262626	0.232323	0.282828	0.240741	0.320000	0.000000	0.224490	0.302083	0.333333	0.340206	0.220000	0.244681	0.290000	0.343750	0.345238	0.309278	0.200000	0.319588	0.353535	0.295918	0.289157	0.322917	0.336735	0.287234	0.263158	0.272727	0.284091	0.346939	0.454545	0.239583	0.273973	0.323077	0.259259	1.000000	0.585366	0.552083	0.611765	0.520000	-nan	0.615385	0.500000	0.558824	0.510870	0.500000	0.542857	0.516129	0.523256	0.525641	0.494624	0.333333	0.505263	0.549451	0.534483	0.568182	0.538462	0.525773	0.587629	0.553191	0.504950	0.520833	0.548387	0.800000	0.468750	0.462500	0.556701	0.436170	0.500000	0.623656	0.584270	0.567010	0.597938	0.625000	0.546392	0.626374	0.528090	0.552083	0.510204	0.589744	0.525253	0.505051	0.520833	0.590909	0.544444	0.511628	0.521739	0.562500	0.516484	0.505263	0.551020	0.533333	0.474227	0.556701	0.444444	0.526316	0.531250	0.557895	0.494382	0.561798	0.526882	0.494505	0.606061	0.526316	0.500000	0.534247	0.540000	0.510000	0.526882	0.459184	0.463918	0.575342	0.505155	0.494845	
0.282051	0.454545	0.267442	0.277108	0.323077	0.256098	0.200000	0.273810	0.309859	0.238095	0.287356	0.285714	0.298851	0.250000	0.280488	0.270588	0.413793	0.309524	0.270588	0.313953	0.297619	0.313953	0.232877	0.303797	0.000000	0.302326	0.232558	0.235294	0.321839	0.297619	0.222222	0.209302	0.378378	0.305882	0.313253	0.298246	0.300000	0.250000	0.258824	0.273810	0.304878	0.250000	0.344828	0.285714	0.240964	0.282353	0.258824	0.285714	0.235294	0.318182	0.316456	0.309524	0.243902	0.273810	0.344828	0.345238	0.224138	0.390244	0.292683	0.302326	0.209302	0.290698	0.287356	0.244186	0.346939	0.313953	0.000000	0.232558	0.270588	0.320000	0.298851	0.333333	0.302326	0.252874	0.250000	0.256410	0.264368	0.321429	0.238095	0.247059	0.356322	0.325000	0.290698	0.229885	0.297619	0.315789	0.323529	0.250000	0.337209	0.333333	0.250000	0.338235	0.287879	0.285714	-nan	0.558824	0.518072	0.602740	0.402985	-nan	0.536585	0.571429	0.516129	0.525641	0.586667	0.538462	0.518987	0.452055	0.600000	0.493827	0.555556	0.414634	0.589744	0.528302	0.571429	0.526316	0.500000	0.566265	0.530120	0.500000	0.500000	0.525000	0.500000	0.445783	0.492958	0.611765	0.481481	0.460526	0.587500	0.600000	0.506024	0.583333	0.333333	0.535714	0.641975	0.584416	0.627907	0.552941	0.550725	0.546512	0.523256	0.554217	0.459459	0.644737	0.467532	0.551282	0.518072	0.462500	0.536585	0.430233	0.582278	0.469880	0.518072	0.602941	0.500000	0.530864	0.524390	0.430380	0.525641	0.537500	0.448718	0.546512	0.609756	0.428571	0.580645	0.574713	0.505882	0.550000	0.465116	0.571429	0.507692	0.476190	0.602410	
