0.000000	1.000000	1.000000	1.000000	1.000000	-nan	0.000000	0.000000	1.000000	0.000000	1.000000	0.000000	0.000000	-nan	1.000000	0.000000	0.000000	1.000000	1.000000	0.000000	1.000000	0.000000	1.000000	1.000000	1.000000	0.000000	1.000000	0.000000	0.000000	0.000000	1.000000	0.000000	1.000000	0.000000	0.000000	1.000000	0.000000	0.000000	-nan	0.000000	-nan	1.000000	0.000000	0.000000	0.000000	0.000000	-nan	1.000000	1.000000	0.000000	0.000000	1.000000	1.000000	1.000000	0.000000	-nan	1.000000	1.000000	0.000000	1.000000	-nan	1.000000	0.000000	0.000000	1.000000	1.000000	0.000000	1.000000	0.000000	0.000000	1.000000	0.000000	1.000000	0.000000	1.000000	1.000000	0.000000	1.000000	1.000000	
1.000000	0.000000	0.338710	0.290323	0.539683	-nan	0.406250	0.428571	0.600000	0.390625	0.370968	0.466667	0.437500	0.383333	0.370968	0.396825	0.533333	0.409836	0.354839	0.440678	0.390625	0.421875	0.451613	0.412698	0.548387	0.419355	0.396825	0.539683	0.750000	0.451613	0.460317	0.492063	0.467742	0.459016	0.375000	0.375000	0.350000	0.467742	0.333333	0.523810	0.426230	0.500000	0.359375	0.468750	0.444444	0.365079	0.333333	0.390625	0.320000	0.435484	0.390625	0.426230	0.419355	0.460317	0.467742	0.412698	0.476190	0.571429	0.428571	0.450000	0.475410	0.419355	0.343750	0.539683	0.562500	0.360656	0.421875	0.295082	0.421875	0.322581	0.423077	0.406250	0.484375	0.426230	0.476190	0.476190	0.385965	0.532258	0.467742	
1.000000	0.338710	0.000000	0.383178	0.490566	-nan	0.448598	0.666667	0.387097	0.411215	0.358491	0.448980	0.376147	0.461538	0.386792	0.443396	0.333333	0.443396	0.443396	0.424242	0.435185	0.518519	0.429907	0.514019	0.371429	0.547170	0.383178	0.490566	1.000000	0.424528	0.448598	0.420561	0.411215	0.371429	0.394495	0.444444	0.403846	0.500000	0.333333	0.411215	0.451923	0.425926	0.407407	0.513761	0.495327	0.495327	0.390476	0.435185	0.411765	0.481132	0.444444	0.375000	0.471698	0.407407	0.423077	0.485714	0.355140	0.439252	0.485714	0.430000	0.438095	0.462963	0.448598	0.439252	0.453704	0.380952	0.448598	0.433962	0.392523	0.439252	0.426829	0.486239	0.425926	0.476190	0.388889	0.495327	0.489583	0.471698	0.386792	
1.000000	0.290323	0.383178	0.000000	0.457143	-nan	0.420561	0.333333	0.566667	0.490566	0.386792	0.395833	0.388889	0.436893	0.476190	0.409524	0.416667	0.457143	0.438095	0.515464	0.401869	0.467290	0.415094	0.405660	0.432692	0.428571	0.424528	0.409524	1.000000	0.428571	0.443396	0.429907	0.386792	0.403846	0.388889	0.485981	0.388350	0.504854	0.333333	0.500000	0.485437	0.467290	0.392523	0.370370	0.443396	0.396226	0.359223	0.448598	0.428571	0.466667	0.392523	0.398058	0.523810	0.448598	0.427184	0.528846	0.424528	0.462264	0.413462	0.360000	0.419048	0.405660	0.405660	0.537736	0.420561	0.365385	0.396226	0.361905	0.490566	0.367925	0.382716	0.453704	0.439252	0.490385	0.495327	0.424528	0.416667	0.485714	0.390476	
1.000000	0.539683	0.490566	0.457143	0.000000	-nan	0.467290	0.600000	0.419355	0.415094	0.471698	0.446809	0.490741	0.514563	0.419048	0.509434	0.413043	0.432692	0.339623	0.494845	0.457944	0.429907	0.452830	0.457944	0.423077	0.476190	0.448598	0.424528	0.750000	0.504762	0.420561	0.500000	0.443396	0.451923	0.472222	0.523364	0.431373	0.543689	0.666667	0.424528	0.519231	0.472222	0.373832	0.416667	0.383178	0.514019	0.456311	0.420561	0.458824	0.500000	0.485981	0.407767	0.462264	0.476636	0.524272	0.480769	0.471698	0.424528	0.400000	0.490000	0.466667	0.490566	0.514019	0.542056	0.435185	0.557692	0.495327	0.428571	0.467290	0.457143	0.573171	0.435185	0.444444	0.466667	0.495327	0.386792	0.552083	0.462264	0.419048	
-nan	-nan	-nan	-nan	-nan	-nan	-nan	-nan	-nan	-nan	-nan	-nan	-nan	-nan	-nan	-nan	-nan	-nan	-nan	-nan	-nan	-nan	-nan	-nan	-nan	-nan	-nan	-nan	-nan	-nan	-nan	-nan	-nan	-nan	-nan	-nan	-nan	-nan	-nan	-nan	-nan	-nan	-nan	-nan	-nan	-nan	-nan	-nan	-nan	-nan	-nan	-nan	-nan	-nan	-nan	-nan	-nan	-nan	-nan	-nan	-nan	-nan	-nan	-nan	-nan	-nan	-nan	-nan	-nan	-nan	-nan	-nan	-nan	-nan	-nan	-nan	-nan	-nan	-nan	
0.000000	0.406250	0.448598	0.420561	0.467290	-nan	0.000000	0.360000	0.580645	0.392523	0.373832	0.458333	0.449541	0.336538	0.415094	0.420561	0.553191	0.380952	0.514019	0.397959	0.444444	0.425926	0.485981	0.416667	0.390476	0.509434	0.416667	0.411215	0.250000	0.500000	0.407407	0.429907	0.411215	0.466667	0.394495	0.546296	0.388350	0.403846	0.000000	0.439252	0.428571	0.376147	0.398148	0.385321	0.472222	0.453704	0.432692	0.388889	0.441860	0.467290	0.444444	0.413462	0.476636	0.444444	0.442308	0.485714	0.401869	0.476636	0.415094	0.430000	0.396226	0.485981	0.407407	0.490741	0.477064	0.438095	0.416667	0.433962	0.462963	0.471698	0.536585	0.449541	0.458716	0.495238	0.435185	0.401869	0.354167	0.439252	0.424528	
0.000000	0.428571	0.666667	0.333333	0.600000	-nan	0.360000	0.000000	0.615385	0.360000	0.360000	0.411765	0.360000	0.250000	0.440000	0.240000	0.562500	0.320000	0.541667	0.416667	0.480000	0.440000	0.625000	0.280000	0.521739	0.375000	0.240000	0.280000	0.500000	0.200000	0.480000	0.440000	0.583333	0.250000	0.440000	0.640000	0.375000	0.360000	0.333333	0.500000	0.434783	0.400000	0.360000	0.320000	0.291667	0.480000	0.391304	0.560000	0.300000	0.360000	0.240000	0.458333	0.333333	0.280000	0.320000	0.291667	0.480000	0.600000	0.520000	0.440000	0.291667	0.333333	0.480000	0.400000	0.400000	0.400000	0.360000	0.458333	0.400000	0.360000	0.350000	0.360000	0.400000	0.320000	0.500000	0.520000	0.458333	0.440000	0.400000	
1.000000	0.600000	0.387097	0.566667	0.419355	-nan	0.580645	0.615385	0.000000	0.516129	0.433333	0.380952	0.483871	0.586207	0.451613	0.500000	0.411765	0.379310	0.533333	0.482759	0.483871	0.645161	0.600000	0.354839	0.206897	0.413793	0.548387	0.387097	0.666667	0.500000	0.387097	0.566667	0.258065	0.466667	0.290323	0.483871	0.600000	0.571429	0.666667	0.433333	0.535714	0.451613	0.580645	0.548387	0.387097	0.533333	0.344828	0.548387	0.500000	0.600000	0.419355	0.500000	0.433333	0.483871	0.451613	0.533333	0.433333	0.433333	0.516129	0.310345	0.464286	0.451613	0.483871	0.548387	0.387097	0.533333	0.451613	0.448276	0.419355	0.566667	0.586207	0.483871	0.419355	0.586207	0.300000	0.290323	0.600000	0.333333	0.533333	
0.000000	0.390625	0.411215	0.490566	0.415094	-nan	0.392523	0.360000	0.516129	0.000000	0.415094	0.440000	0.339450	0.500000	0.367925	0.415094	0.437500	0.447619	0.377358	0.438776	0.412844	0.425926	0.448598	0.383178	0.523810	0.373832	0.439252	0.415094	0.500000	0.405660	0.420561	0.429907	0.415094	0.438095	0.422018	0.407407	0.388350	0.438095	0.000000	0.401869	0.400000	0.388889	0.287037	0.385321	0.401869	0.420561	0.394231	0.370370	0.494118	0.367925	0.453704	0.375000	0.396226	0.416667	0.461538	0.409524	0.383178	0.476636	0.452830	0.400000	0.352381	0.476636	0.383178	0.308411	0.425926	0.400000	0.467290	0.428571	0.420561	0.367925	0.506024	0.440367	0.435185	0.400000	0.425926	0.457944	0.437500	0.509434	0.349057	
1.000000	0.370968	0.358491	0.386792	0.471698	-nan	0.373832	0.360000	0.433333	0.415094	0.000000	0.489362	0.388889	0.368932	0.377358	0.405660	0.510638	0.438095	0.452830	0.309278	0.383178	0.411215	0.500000	0.401869	0.298077	0.361905	0.401869	0.448598	0.500000	0.409524	0.401869	0.448598	0.373832	0.438095	0.416667	0.485981	0.417476	0.378641	0.666667	0.443396	0.413462	0.287037	0.411215	0.361111	0.439252	0.401869	0.432692	0.411215	0.376471	0.452830	0.411215	0.384615	0.383178	0.355140	0.446602	0.403846	0.405660	0.471698	0.438095	0.420000	0.481132	0.301887	0.420561	0.476636	0.351852	0.371429	0.420561	0.447619	0.383178	0.452830	0.419753	0.518519	0.398148	0.432692	0.439252	0.411215	0.447917	0.462264	0.377358	
0.000000	0.466667	0.448980	0.395833	0.446809	-nan	0.458333	0.411765	0.380952	0.440000	0.489362	0.000000	0.480000	0.416667	0.489796	0.285714	0.448276	0.425532	0.437500	0.422222	0.300000	0.580000	0.387755	0.375000	0.479167	0.428571	0.306122	0.437500	0.500000	0.400000	0.367347	0.510204	0.458333	0.437500	0.360000	0.480000	0.458333	0.510204	0.333333	0.312500	0.565217	0.408163	0.480000	0.480000	0.326531	0.416667	0.326087	0.520000	0.255814	0.469388	0.510204	0.489362	0.382979	0.489796	0.520833	0.583333	0.420000	0.408163	0.428571	0.369565	0.446809	0.448980	0.408163	0.448980	0.448980	0.387755	0.520833	0.458333	0.367347	0.354167	0.452381	0.260000	0.306122	0.387755	0.326531	0.408163	0.510638	0.469388	0.319149	
0.000000	0.437500	0.376147	0.388889	0.490741	-nan	0.449541	0.360000	0.483871	0.339450	0.388889	0.480000	0.000000	0.386792	0.342593	0.472222	0.375000	0.467290	0.472222	0.450000	0.400000	0.354545	0.412844	0.431193	0.457944	0.361111	0.440367	0.398148	0.500000	0.305556	0.495413	0.376147	0.361111	0.429907	0.360360	0.372727	0.447619	0.433962	0.000000	0.422018	0.377358	0.472727	0.381818	0.414414	0.440367	0.385321	0.358491	0.445455	0.448276	0.407407	0.436364	0.452830	0.416667	0.427273	0.358491	0.373832	0.422018	0.458716	0.401869	0.372549	0.401869	0.440367	0.403670	0.403670	0.354545	0.364486	0.431193	0.383178	0.412844	0.416667	0.511905	0.450450	0.481818	0.411215	0.536364	0.458716	0.408163	0.398148	0.425926	
-nan	0.383333	0.461538	0.436893	0.514563	-nan	0.336538	0.250000	0.586207	0.500000	0.368932	0.416667	0.386792	0.000000	0.442308	0.403846	0.565217	0.388350	0.378641	0.412371	0.457143	0.386792	0.490385	0.461538	0.490196	0.456311	0.355769	0.384615	0.333333	0.407767	0.519231	0.509615	0.456311	0.372549	0.481132	0.495238	0.485149	0.411765	0.666667	0.413462	0.446602	0.428571	0.419048	0.433962	0.451923	0.504762	0.411765	0.447619	0.404762	0.436893	0.400000	0.564356	0.475728	0.390476	0.401961	0.432692	0.423077	0.413462	0.401961	0.381443	0.475728	0.451923	0.538462	0.471154	0.428571	0.470588	0.451923	0.456311	0.384615	0.398058	0.518987	0.405660	0.466667	0.411765	0.419048	0.423077	0.408602	0.359223	0.471154	
1.000000	0.370968	0.386792	0.476190	0.419048	-nan	0.415094	0.440000	0.451613	0.367925	0.377358	0.489796	0.342593	0.442308	0.000000	0.485714	0.404255	0.480769	0.438095	0.360825	0.411215	0.401869	0.471698	0.452830	0.423077	0.466667	0.405660	0.424528	0.750000	0.428571	0.443396	0.443396	0.367925	0.380952	0.342593	0.401869	0.401961	0.427184	0.333333	0.358491	0.407767	0.429907	0.439252	0.435185	0.443396	0.367925	0.403846	0.476636	0.406977	0.466667	0.364486	0.442308	0.424528	0.373832	0.378641	0.451923	0.415094	0.433962	0.384615	0.353535	0.384615	0.386792	0.490566	0.471698	0.373832	0.438095	0.471698	0.451923	0.377358	0.409524	0.382716	0.416667	0.392523	0.442308	0.467290	0.420561	0.389474	0.466667	0.443396	
0.000000	0.396825	0.443396	0.409524	0.509434	-nan	0.420561	0.240000	0.500000	0.415094	0.405660	0.285714	0.472222	0.403846	0.485714	0.000000	0.361702	0.413462	0.471698	0.438776	0.467290	0.435185	0.452830	0.401869	0.403846	0.400000	0.383178	0.429907	0.500000	0.358491	0.392523	0.509434	0.405660	0.442308	0.435185	0.439252	0.407767	0.436893	0.333333	0.452830	0.432692	0.398148	0.448598	0.444444	0.392523	0.467290	0.417476	0.514019	0.372093	0.386792	0.420561	0.378641	0.433962	0.392523	0.432692	0.504762	0.396226	0.481132	0.380952	0.454545	0.396226	0.405660	0.457944	0.392523	0.453704	0.375000	0.476636	0.428571	0.373832	0.428571	0.444444	0.351852	0.500000	0.384615	0.355140	0.415094	0.515789	0.377358	0.428571	
0.000000	0.533333	0.333333	0.416667	0.413043	-nan	0.553191	0.562500	0.411765	0.437500	0.510638	0.448276	0.375000	0.565217	0.404255	0.361702	0.000000	0.413043	0.377778	0.452381	0.416667	0.458333	0.531915	0.500000	0.543478	0.456522	0.500000	0.404255	0.666667	0.382979	0.382979	0.574468	0.425532	0.478261	0.354167	0.404255	0.422222	0.478261	0.333333	0.382979	0.431818	0.553191	0.395833	0.520833	0.340426	0.434783	0.347826	0.446809	0.558140	0.377778	0.446809	0.363636	0.500000	0.395833	0.431818	0.400000	0.586957	0.382979	0.355556	0.434783	0.413043	0.446809	0.391304	0.391304	0.468085	0.489362	0.553191	0.400000	0.391304	0.520833	0.463415	0.500000	0.531915	0.489362	0.382979	0.500000	0.560976	0.521739	0.413043	
1.000000	0.409836	0.443396	0.457143	0.432692	-nan	0.380952	0.320000	0.379310	0.447619	0.438095	0.425532	0.467290	0.388350	0.480769	0.413462	0.413043	0.000000	0.451923	0.545455	0.386792	0.433962	0.495238	0.361905	0.471154	0.375000	0.428571	0.413462	1.000000	0.451923	0.447619	0.457944	0.490385	0.466019	0.523364	0.485981	0.576923	0.475728	0.666667	0.495238	0.417476	0.452830	0.367925	0.448598	0.523810	0.443396	0.407767	0.411215	0.373494	0.538462	0.433962	0.427184	0.442308	0.396226	0.490196	0.451923	0.400000	0.514286	0.423077	0.500000	0.451923	0.433962	0.481132	0.514286	0.386792	0.442308	0.466667	0.413462	0.462264	0.433962	0.500000	0.542056	0.452830	0.495146	0.415094	0.409524	0.431579	0.336538	0.438095	
1.000000	0.354839	0.443396	0.438095	0.339623	-nan	0.514019	0.541667	0.533333	0.377358	0.452830	0.437500	0.472222	0.378641	0.438095	0.471698	0.377778	0.451923	0.000000	0.484536	0.448598	0.457944	0.490566	0.448598	0.480769	0.466667	0.462963	0.509434	0.750000	0.438095	0.476636	0.528302	0.443396	0.413462	0.462963	0.411215	0.407767	0.504854	0.666667	0.433962	0.451923	0.481481	0.392523	0.481481	0.383178	0.485981	0.427184	0.364486	0.435294	0.523364	0.420561	0.446602	0.490566	0.411215	0.490385	0.384615	0.471698	0.339623	0.433962	0.424242	0.390476	0.433962	0.420561	0.435185	0.462963	0.519231	0.439252	0.400000	0.373832	0.390476	0.451220	0.527778	0.379630	0.326923	0.401869	0.452830	0.489583	0.490566	0.447619	
0.000000	0.440678	0.424242	0.515464	0.494845	-nan	0.397959	0.416667	0.482759	0.438776	0.309278	0.422222	0.450000	0.412371	0.360825	0.438776	0.452381	0.545455	0.484536	0.000000	0.484848	0.440000	0.565657	0.459184	0.402062	0.474227	0.367347	0.408163	0.250000	0.387755	0.397959	0.505051	0.484536	0.505155	0.430000	0.540000	0.412371	0.479167	0.666667	0.459184	0.489583	0.373737	0.505051	0.460000	0.500000	0.515152	0.541667	0.510000	0.474359	0.453608	0.444444	0.468750	0.474227	0.414141	0.536082	0.551020	0.428571	0.459184	0.443299	0.516129	0.458333	0.383838	0.494949	0.520408	0.525253	0.459184	0.551020	0.484536	0.444444	0.500000	0.480000	0.430000	0.454545	0.432990	0.454545	0.479592	0.402299	0.536082	0.418367	
1.000000	0.390625	0.435185	0.401869	0.457944	-nan	0.444444	0.480000	0.483871	0.412844	0.383178	0.300000	0.400000	0.457143	0.411215	0.467290	0.416667	0.386792	0.448598	0.484848	0.000000	0.495413	0.462963	0.481481	0.509434	0.472222	0.453704	0.392523	1.000000	0.504673	0.314815	0.398148	0.401869	0.415094	0.409091	0.366972	0.432692	0.518868	0.000000	0.388889	0.462264	0.440367	0.440367	0.436364	0.388889	0.425926	0.380952	0.412844	0.453488	0.439252	0.440367	0.323810	0.345794	0.440367	0.428571	0.415094	0.388889	0.435185	0.405660	0.346535	0.481132	0.490741	0.444444	0.388889	0.431193	0.386792	0.490741	0.490566	0.462963	0.401869	0.361446	0.509091	0.440367	0.415094	0.458716	0.407407	0.432990	0.364486	0.355140	
0.000000	0.421875	0.518519	0.467290	0.429907	-nan	0.425926	0.440000	0.645161	0.425926	0.411215	0.580000	0.354545	0.386792	0.401869	0.435185	0.458333	0.433962	0.457944	0.440000	0.495413	0.000000	0.481481	0.462963	0.452830	0.345794	0.444444	0.388889	0.000000	0.411215	0.453704	0.481481	0.420561	0.424528	0.481818	0.486239	0.447619	0.380952	0.666667	0.481481	0.390476	0.440367	0.467890	0.436364	0.518519	0.481481	0.438095	0.467890	0.430233	0.373832	0.486239	0.504762	0.476636	0.394495	0.339623	0.345794	0.444444	0.583333	0.367925	0.475248	0.490566	0.361111	0.462963	0.444444	0.449541	0.471698	0.388889	0.386792	0.472222	0.411215	0.518072	0.427273	0.541284	0.433962	0.522936	0.435185	0.402062	0.401869	0.476636	
1.000000	0.451613	0.429907	0.415094	0.452830	-nan	0.485981	0.625000	0.600000	0.448598	0.500000	0.387755	0.412844	0.490385	0.471698	0.452830	0.531915	0.495238	0.490566	0.565657	0.462963	0.481481	0.000000	0.523364	0.462264	0.481132	0.476636	0.528302	0.250000	0.429907	0.457944	0.420561	0.500000	0.390476	0.504587	0.425926	0.417476	0.442308	0.333333	0.457944	0.384615	0.435185	0.425926	0.477064	0.429907	0.476636	0.432692	0.425926	0.352941	0.396226	0.472222	0.432692	0.367925	0.462963	0.442308	0.542857	0.429907	0.439252	0.438095	0.440000	0.542857	0.439252	0.476636	0.383178	0.407407	0.352381	0.448598	0.419048	0.411215	0.462264	0.536585	0.376147	0.379630	0.405660	0.416667	0.411215	0.406250	0.443396	0.443396	
1.000000	0.412698	0.514019	0.405660	0.457944	-nan	0.416667	0.280000	0.354839	0.383178	0.401869	0.375000	0.431193	0.461538	0.452830	0.401869	0.500000	0.361905	0.448598	0.459184	0.481481	0.462963	0.523364	0.000000	0.504762	0.386792	0.351852	0.429907	1.000000	0.452830	0.453704	0.523364	0.495327	0.542857	0.440367	0.500000	0.475728	0.413462	0.666667	0.485981	0.514286	0.477064	0.379630	0.431193	0.490741	0.444444	0.480769	0.546296	0.418605	0.467290	0.481481	0.476190	0.448598	0.564815	0.528846	0.438095	0.532710	0.542056	0.415094	0.490000	0.386792	0.383178	0.425926	0.574074	0.458716	0.447619	0.453704	0.452830	0.500000	0.490566	0.500000	0.477064	0.412844	0.523810	0.490741	0.448598	0.468750	0.439252	0.415094	
1.000000	0.548387	0.371429	0.432692	0.423077	-nan	0.390476	0.521739	0.206897	0.523810	0.298077	0.479167	0.457944	0.490196	0.423077	0.403846	0.543478	0.471154	0.480769	0.402062	0.509434	0.452830	0.462264	0.504762	0.000000	0.519231	0.514286	0.500000	0.500000	0.480769	0.409524	0.367925	0.365385	0.407767	0.429907	0.588785	0.421569	0.519608	0.666667	0.542857	0.460784	0.405660	0.542056	0.476636	0.447619	0.447619	0.450980	0.457944	0.493976	0.538462	0.443396	0.417476	0.419048	0.405660	0.362745	0.490385	0.390476	0.447619	0.423077	0.430000	0.456311	0.400000	0.490566	0.438095	0.433962	0.413462	0.438095	0.446602	0.424528	0.504762	0.390244	0.485981	0.367925	0.485437	0.452830	0.358491	0.425532	0.394231	0.451923	
0.000000	0.419355	0.547170	0.428571	0.476190	-nan	0.509434	0.375000	0.413793	0.373832	0.361905	0.428571	0.361111	0.456311	0.466667	0.400000	0.456522	0.375000	0.466667	0.474227	0.472222	0.345794	0.481132	0.386792	0.519231	0.000000	0.481132	0.495238	0.500000	0.409524	0.481132	0.424528	0.419048	0.438095	0.435185	0.420561	0.480392	0.400000	0.500000	0.415094	0.442308	0.448598	0.364486	0.388889	0.433962	0.405660	0.375000	0.439252	0.369048	0.428571	0.401869	0.466019	0.495238	0.383178	0.475728	0.375000	0.471698	0.537736	0.490385	0.464646	0.442308	0.349057	0.405660	0.415094	0.373832	0.403846	0.405660	0.384615	0.471698	0.419048	0.493827	0.444444	0.485981	0.490385	0.439252	0.415094	0.452632	0.447619	0.466667	
1.000000	0.396825	0.383178	0.424528	0.448598	-nan	0.416667	0.240000	0.548387	0.439252	0.401869	0.306122	0.440367	0.355769	0.405660	0.383178	0.500000	0.428571	0.462963	0.367347	0.453704	0.444444	0.476636	0.351852	0.514286	0.481132	0.000000	0.392523	0.750000	0.367925	0.462963	0.476636	0.401869	0.428571	0.422018	0.490741	0.423077	0.432692	0.333333	0.392523	0.504762	0.458716	0.453704	0.431193	0.453704	0.453704	0.480769	0.490741	0.360465	0.370370	0.444444	0.461538	0.420561	0.416667	0.523810	0.476190	0.476636	0.476636	0.448598	0.460000	0.433962	0.411215	0.462963	0.495413	0.440367	0.409524	0.416667	0.386792	0.444444	0.377358	0.397590	0.348624	0.394495	0.457143	0.444444	0.485981	0.463918	0.429907	0.330189	
0.000000	0.539683	0.490566	0.409524	0.424528	-nan	0.411215	0.280000	0.387097	0.415094	0.448598	0.437500	0.398148	0.384615	0.424528	0.429907	0.404255	0.413462	0.509434	0.408163	0.392523	0.388889	0.528302	0.429907	0.500000	0.495238	0.392523	0.000000	0.750000	0.447619	0.364486	0.490566	0.373832	0.419048	0.361111	0.439252	0.533981	0.407767	0.666667	0.452830	0.490385	0.333333	0.420561	0.351852	0.523364	0.514019	0.451923	0.439252	0.517647	0.367925	0.401869	0.375000	0.411215	0.448598	0.461538	0.361905	0.443396	0.433962	0.380952	0.424242	0.419048	0.386792	0.570093	0.411215	0.453704	0.476190	0.439252	0.466667	0.420561	0.400000	0.506173	0.444444	0.500000	0.413462	0.392523	0.336449	0.494737	0.452830	0.339623	
0.000000	0.750000	1.000000	1.000000	0.750000	-nan	0.250000	0.500000	0.666667	0.500000	0.500000	0.500000	0.500000	0.333333	0.750000	0.500000	0.666667	1.000000	0.750000	0.250000	1.000000	0.000000	0.250000	1.000000	0.500000	0.500000	0.750000	0.750000	0.000000	0.500000	1.000000	0.250000	0.500000	0.500000	0.500000	0.750000	0.250000	0.000000	1.000000	0.750000	0.666667	0.750000	0.500000	0.500000	0.500000	0.750000	0.666667	1.000000	0.666667	0.333333	0.500000	1.000000	0.500000	0.500000	0.500000	0.666667	1.000000	0.750000	0.500000	0.666667	1.000000	0.500000	0.250000	0.000000	1.000000	1.000000	0.750000	1.000000	0.500000	0.750000	1.000000	0.250000	0.750000	0.250000	0.750000	0.750000	0.250000	0.666667	0.750000	
0.000000	0.451613	0.424528	0.428571	0.504762	-nan	0.500000	0.200000	0.500000	0.405660	0.409524	0.400000	0.305556	0.407767	0.428571	0.358491	0.382979	0.451923	0.438095	0.387755	0.504673	0.411215	0.429907	0.452830	0.480769	0.409524	0.367925	0.447619	0.500000	0.000000	0.490566	0.424528	0.495238	0.413462	0.472222	0.457944	0.392157	0.456311	0.333333	0.424528	0.330097	0.401869	0.411215	0.416667	0.386792	0.490566	0.407767	0.532710	0.329412	0.380952	0.504673	0.446602	0.419048	0.345794	0.388350	0.461538	0.377358	0.386792	0.471154	0.505051	0.419048	0.386792	0.443396	0.396226	0.327103	0.394231	0.462264	0.394231	0.349057	0.447619	0.432099	0.416667	0.476636	0.352381	0.420561	0.528302	0.473684	0.419048	0.495238	
1.000000	0.460317	0.448598	0.443396	0.420561	-nan	0.407407	0.480000	0.387097	0.420561	0.401869	0.367347	0.495413	0.519231	0.443396	0.392523	0.382979	0.447619	0.476636	0.397959	0.314815	0.453704	0.457944	0.453704	0.409524	0.481132	0.462963	0.364486	1.000000	0.490566	0.000000	0.467290	0.411215	0.495238	0.431193	0.388889	0.485437	0.500000	0.666667	0.420561	0.409524	0.394495	0.509259	0.486239	0.388889	0.462963	0.403846	0.453704	0.372093	0.392523	0.490741	0.355769	0.429907	0.472222	0.500000	0.533333	0.429907	0.457944	0.424528	0.390000	0.452830	0.457944	0.500000	0.379630	0.422018	0.390476	0.518519	0.471698	0.453704	0.377358	0.451220	0.495413	0.440367	0.466667	0.425926	0.345794	0.546392	0.485981	0.433962	
0.000000	0.492063	0.420561	0.429907	0.500000	-nan	0.429907	0.440000	0.566667	0.429907	0.448598	0.510204	0.376147	0.509615	0.443396	0.509434	0.574468	0.457944	0.528302	0.505051	0.398148	0.481481	0.420561	0.523364	0.367925	0.424528	0.476636	0.490566	0.250000	0.424528	0.467290	0.000000	0.443396	0.419048	0.449541	0.440367	0.457143	0.394231	0.666667	0.467290	0.403846	0.481481	0.444444	0.440367	0.476636	0.420561	0.451923	0.440367	0.447059	0.433962	0.407407	0.466667	0.433962	0.462963	0.355769	0.481132	0.448598	0.476636	0.528302	0.450980	0.462264	0.457944	0.435185	0.373832	0.435185	0.396226	0.420561	0.466667	0.518519	0.429907	0.353659	0.477064	0.398148	0.514286	0.509259	0.448598	0.329897	0.433962	0.500000	
1.000000	0.467742	0.411215	0.386792	0.443396	-nan	0.411215	0.583333	0.258065	0.415094	0.373832	0.458333	0.361111	0.456311	0.367925	0.405660	0.425532	0.490385	0.443396	0.484536	0.401869	0.420561	0.500000	0.495327	0.365385	0.419048	0.401869	0.373832	0.500000	0.495238	0.411215	0.443396	0.000000	0.495238	0.333333	0.420561	0.411765	0.436893	0.000000	0.415094	0.403846	0.435185	0.495327	0.444444	0.448598	0.383178	0.403846	0.457944	0.529412	0.415094	0.383178	0.413462	0.401869	0.345794	0.407767	0.413462	0.367925	0.424528	0.380952	0.353535	0.342857	0.405660	0.448598	0.383178	0.425926	0.380952	0.383178	0.377358	0.457944	0.428571	0.419753	0.444444	0.490741	0.451923	0.401869	0.420561	0.484211	0.405660	0.358491	
0.000000	0.459016	0.371429	0.403846	0.451923	-nan	0.466667	0.250000	0.466667	0.438095	0.438095	0.437500	0.429907	0.372549	0.380952	0.442308	0.478261	0.466019	0.413462	0.505155	0.415094	0.424528	0.390476	0.542857	0.407767	0.438095	0.428571	0.419048	0.500000	0.413462	0.495238	0.419048	0.495238	0.000000	0.383178	0.433962	0.415842	0.485437	0.000000	0.457143	0.480392	0.415094	0.443396	0.364486	0.476190	0.466667	0.427184	0.452830	0.301205	0.403846	0.405660	0.466019	0.476190	0.358491	0.372549	0.407767	0.419048	0.438095	0.417476	0.469388	0.485437	0.476190	0.438095	0.380952	0.433962	0.380952	0.400000	0.456311	0.447619	0.375000	0.456790	0.364486	0.386792	0.330097	0.415094	0.386792	0.404255	0.413462	0.419048	
0.000000	0.375000	0.394495	0.388889	0.472222	-nan	0.394495	0.440000	0.290323	0.422018	0.416667	0.360000	0.360360	0.481132	0.342593	0.435185	0.354167	0.523364	0.462963	0.430000	0.409091	0.481818	0.504587	0.440367	0.429907	0.435185	0.422018	0.361111	0.500000	0.472222	0.431193	0.449541	0.333333	0.383178	0.000000	0.436364	0.361905	0.490566	0.333333	0.486239	0.490566	0.472727	0.409091	0.378378	0.403670	0.431193	0.433962	0.472727	0.459770	0.416667	0.454545	0.443396	0.462963	0.409091	0.500000	0.383178	0.431193	0.477064	0.429907	0.392157	0.411215	0.366972	0.376147	0.385321	0.463636	0.411215	0.366972	0.411215	0.440367	0.388889	0.440476	0.432432	0.390909	0.495327	0.372727	0.357798	0.428571	0.500000	0.435185	
1.000000	0.375000	0.444444	0.485981	0.523364	-nan	0.546296	0.640000	0.483871	0.407407	0.485981	0.480000	0.372727	0.495238	0.401869	0.439252	0.404255	0.485981	0.411215	0.540000	0.366972	0.486239	0.425926	0.500000	0.588785	0.420561	0.490741	0.439252	0.750000	0.457944	0.388889	0.440367	0.420561	0.433962	0.436364	0.000000	0.523810	0.457143	0.333333	0.444444	0.419048	0.449541	0.449541	0.409091	0.490741	0.462963	0.495238	0.454545	0.395349	0.364486	0.440367	0.452830	0.439252	0.495413	0.495238	0.439252	0.444444	0.416667	0.457944	0.421569	0.443396	0.509259	0.458716	0.370370	0.385321	0.364486	0.490741	0.443396	0.431193	0.411215	0.421687	0.427273	0.477064	0.339623	0.403670	0.388889	0.474227	0.392523	0.495327	
0.000000	0.350000	0.403846	0.388350	0.431373	-nan	0.388350	0.375000	0.600000	0.388350	0.417476	0.458333	0.447619	0.485149	0.401961	0.407767	0.422222	0.576923	0.407767	0.412371	0.432692	0.447619	0.417476	0.475728	0.421569	0.480392	0.423077	0.533981	0.250000	0.392157	0.485437	0.457143	0.411765	0.415842	0.361905	0.523810	0.000000	0.440000	0.000000	0.359223	0.420000	0.471154	0.423077	0.447619	0.339806	0.514563	0.415842	0.457143	0.475610	0.407767	0.451923	0.415842	0.441176	0.394231	0.392157	0.485437	0.407767	0.427184	0.349515	0.448980	0.362745	0.432692	0.384615	0.442308	0.528846	0.401961	0.475728	0.386139	0.384615	0.519231	0.405063	0.361905	0.394231	0.376238	0.403846	0.543689	0.500000	0.490196	0.362745	
0.000000	0.467742	0.500000	0.504854	0.543689	-nan	0.403846	0.360000	0.571429	0.438095	0.378641	0.510204	0.433962	0.411765	0.427184	0.436893	0.478261	0.475728	0.504854	0.479167	0.518868	0.380952	0.442308	0.413462	0.519608	0.400000	0.432692	0.407767	0.000000	0.456311	0.500000	0.394231	0.436893	0.485437	0.490566	0.457143	0.440000	0.000000	0.666667	0.423077	0.514563	0.419048	0.409524	0.471698	0.490385	0.466667	0.514851	0.400000	0.506024	0.398058	0.476190	0.465347	0.388350	0.428571	0.386139	0.411765	0.490385	0.471154	0.450980	0.412371	0.470588	0.365385	0.384615	0.413462	0.466667	0.441176	0.451923	0.446602	0.403846	0.533981	0.506329	0.518868	0.400000	0.427184	0.438095	0.461538	0.436170	0.407767	0.413462	
-nan	0.333333	0.333333	0.333333	0.666667	-nan	0.000000	0.333333	0.666667	0.000000	0.666667	0.333333	0.000000	0.666667	0.333333	0.333333	0.333333	0.666667	0.666667	0.666667	0.000000	0.666667	0.333333	0.666667	0.666667	0.500000	0.333333	0.666667	1.000000	0.333333	0.666667	0.666667	0.000000	0.000000	0.333333	0.333333	0.000000	0.666667	0.000000	0.000000	0.000000	0.333333	0.333333	0.333333	0.333333	0.000000	0.000000	0.333333	0.333333	0.000000	0.666667	0.000000	0.000000	0.000000	0.333333	0.000000	0.000000	0.333333	0.333333	0.666667	0.000000	0.666667	0.000000	0.333333	0.333333	0.000000	0.666667	0.333333	0.333333	0.333333	0.333333	0.000000	0.666667	0.000000	0.500000	0.666667	0.333333	0.333333	0.000000	
0.000000	0.523810	0.411215	0.500000	0.424528	-nan	0.439252	0.500000	0.433333	0.401869	0.443396	0.312500	0.422018	0.413462	0.358491	0.452830	0.382979	0.495238	0.433962	0.459184	0.388889	0.481481	0.457944	0.485981	0.542857	0.415094	0.392523	0.452830	0.750000	0.424528	0.420561	0.467290	0.415094	0.457143	0.486239	0.444444	0.359223	0.423077	0.000000	0.000000	0.438095	0.444444	0.453704	0.458716	0.401869	0.467290	0.394231	0.444444	0.423529	0.415094	0.407407	0.471154	0.443396	0.388889	0.394231	0.457143	0.467290	0.411215	0.352381	0.420000	0.428571	0.429907	0.467290	0.457944	0.472222	0.409524	0.504673	0.485714	0.439252	0.452830	0.518072	0.376147	0.453704	0.438095	0.422018	0.495327	0.479167	0.415094	0.443396	
-nan	0.426230	0.451923	0.485437	0.519231	-nan	0.428571	0.434783	0.535714	0.400000	0.413462	0.565217	0.377358	0.446602	0.407767	0.432692	0.431818	0.417476	0.451923	0.489583	0.462264	0.390476	0.384615	0.514286	0.460784	0.442308	0.504762	0.490385	0.666667	0.330097	0.409524	0.403846	0.403846	0.480392	0.490566	0.419048	0.420000	0.514563	0.000000	0.438095	0.000000	0.358491	0.428571	0.443396	0.438095	0.396226	0.411765	0.428571	0.397590	0.461538	0.447619	0.435644	0.451923	0.352381	0.396040	0.398058	0.365385	0.423077	0.475728	0.546392	0.451923	0.509615	0.542857	0.447619	0.330189	0.441176	0.438095	0.423077	0.457143	0.427184	0.493671	0.462264	0.490566	0.401961	0.424528	0.432692	0.430108	0.394231	0.538462	
1.000000	0.500000	0.425926	0.467290	0.472222	-nan	0.376147	0.400000	0.451613	0.388889	0.287037	0.408163	0.472727	0.428571	0.429907	0.398148	0.553191	0.452830	0.481481	0.373737	0.440367	0.440367	0.435185	0.477064	0.405660	0.448598	0.458716	0.333333	0.750000	0.401869	0.394495	0.481481	0.435185	0.415094	0.472727	0.449541	0.471154	0.419048	0.333333	0.444444	0.358491	0.000000	0.449541	0.372727	0.495413	0.477064	0.400000	0.385321	0.471264	0.472222	0.431193	0.304762	0.435185	0.422018	0.466667	0.405660	0.305556	0.416667	0.485981	0.485149	0.448598	0.435185	0.559633	0.385321	0.318182	0.433962	0.422018	0.448598	0.366972	0.495327	0.469880	0.454545	0.409091	0.386792	0.321101	0.361111	0.453608	0.462963	0.457944	
0.000000	0.359375	0.407407	0.392523	0.373832	-nan	0.398148	0.360000	0.580645	0.287037	0.411215	0.480000	0.381818	0.419048	0.439252	0.448598	0.395833	0.367925	0.392523	0.505051	0.440367	0.467890	0.425926	0.379630	0.542056	0.364486	0.453704	0.420561	0.500000	0.411215	0.509259	0.444444	0.495327	0.443396	0.409091	0.449541	0.423077	0.409524	0.333333	0.453704	0.428571	0.449541	0.000000	0.445455	0.370370	0.435185	0.438095	0.394495	0.441860	0.401869	0.440367	0.438095	0.439252	0.440367	0.466667	0.433962	0.472222	0.398148	0.452830	0.509804	0.405660	0.435185	0.472222	0.453704	0.385321	0.452830	0.435185	0.462264	0.398148	0.398148	0.511905	0.545455	0.458716	0.433962	0.366972	0.357798	0.381443	0.467290	0.401869	
0.000000	0.468750	0.513761	0.370370	0.416667	-nan	0.385321	0.320000	0.548387	0.385321	0.361111	0.480000	0.414414	0.433962	0.435185	0.444444	0.520833	0.448598	0.481481	0.460000	0.436364	0.436364	0.477064	0.431193	0.476636	0.388889	0.431193	0.351852	0.500000	0.416667	0.486239	0.440367	0.444444	0.364486	0.378378	0.409091	0.447619	0.471698	0.333333	0.458716	0.443396	0.372727	0.445455	0.000000	0.513761	0.495413	0.490566	0.445455	0.482759	0.462963	0.418182	0.405660	0.500000	0.372727	0.481132	0.457944	0.376147	0.495413	0.420561	0.450980	0.411215	0.431193	0.431193	0.431193	0.400000	0.485981	0.376147	0.420561	0.458716	0.416667	0.452381	0.396396	0.400000	0.448598	0.472727	0.422018	0.479592	0.453704	0.444444	
0.000000	0.444444	0.495327	0.443396	0.383178	-nan	0.472222	0.291667	0.387097	0.401869	0.439252	0.326531	0.440367	0.451923	0.443396	0.392523	0.340426	0.523810	0.383178	0.500000	0.388889	0.518519	0.429907	0.490741	0.447619	0.433962	0.453704	0.523364	0.500000	0.386792	0.388889	0.476636	0.448598	0.476190	0.403670	0.490741	0.339806	0.490385	0.333333	0.401869	0.438095	0.495413	0.370370	0.513761	0.000000	0.407407	0.403846	0.407407	0.436782	0.420561	0.444444	0.442308	0.411215	0.490741	0.432692	0.476190	0.485981	0.336449	0.471698	0.380000	0.433962	0.439252	0.444444	0.453704	0.431193	0.380952	0.472222	0.433962	0.388889	0.386792	0.493976	0.440367	0.394495	0.419048	0.388889	0.411215	0.447917	0.457944	0.377358	
0.000000	0.365079	0.495327	0.396226	0.514019	-nan	0.453704	0.480000	0.533333	0.420561	0.401869	0.416667	0.385321	0.504762	0.367925	0.467290	0.434783	0.443396	0.485981	0.515152	0.425926	0.481481	0.476636	0.444444	0.447619	0.405660	0.453704	0.514019	0.750000	0.490566	0.462963	0.420561	0.383178	0.466667	0.431193	0.462963	0.514563	0.466667	0.000000	0.467290	0.396226	0.477064	0.435185	0.495413	0.407407	0.000000	0.442308	0.425926	0.430233	0.514019	0.361111	0.461538	0.383178	0.416667	0.480769	0.495238	0.439252	0.504673	0.471698	0.470000	0.500000	0.467290	0.425926	0.527778	0.412844	0.333333	0.370370	0.439252	0.444444	0.415094	0.463415	0.467890	0.449541	0.514286	0.472222	0.429907	0.364583	0.420561	0.476636	
-nan	0.333333	0.390476	0.359223	0.456311	-nan	0.432692	0.391304	0.344828	0.394231	0.432692	0.326087	0.358491	0.411765	0.403846	0.417476	0.347826	0.407767	0.427184	0.541667	0.380952	0.438095	0.432692	0.480769	0.450980	0.375000	0.480769	0.451923	0.666667	0.407767	0.403846	0.451923	0.403846	0.427184	0.433962	0.495238	0.415842	0.514851	0.000000	0.394231	0.411765	0.400000	0.438095	0.490566	0.403846	0.442308	0.000000	0.371429	0.365854	0.495146	0.400000	0.362745	0.403846	0.419048	0.376238	0.407767	0.413462	0.451923	0.470588	0.350515	0.427184	0.466667	0.461538	0.423077	0.409524	0.417476	0.423077	0.490196	0.326923	0.346154	0.506329	0.424528	0.476190	0.411765	0.428571	0.390476	0.521277	0.436893	0.461538	
1.000000	0.390625	0.435185	0.448598	0.420561	-nan	0.388889	0.560000	0.548387	0.370370	0.411215	0.520000	0.445455	0.447619	0.476636	0.514019	0.446809	0.411215	0.364486	0.510000	0.412844	0.467890	0.425926	0.546296	0.457944	0.439252	0.490741	0.439252	1.000000	0.532710	0.453704	0.440367	0.457944	0.452830	0.472727	0.454545	0.457143	0.400000	0.333333	0.444444	0.428571	0.385321	0.394495	0.445455	0.407407	0.425926	0.371429	0.000000	0.511628	0.448598	0.431193	0.311321	0.420561	0.403670	0.428571	0.383178	0.435185	0.435185	0.504673	0.421569	0.443396	0.444444	0.412844	0.425926	0.431193	0.439252	0.425926	0.339623	0.440367	0.383178	0.469880	0.500000	0.431193	0.358491	0.403670	0.435185	0.443299	0.504673	0.401869	
1.000000	0.320000	0.411765	0.428571	0.458824	-nan	0.441860	0.300000	0.500000	0.494118	0.376471	0.255814	0.448276	0.404762	0.406977	0.372093	0.558140	0.373494	0.435294	0.474359	0.453488	0.430233	0.352941	0.418605	0.493976	0.369048	0.360465	0.517647	0.666667	0.329412	0.372093	0.447059	0.529412	0.301205	0.459770	0.395349	0.475610	0.506024	0.333333	0.423529	0.397590	0.471264	0.441860	0.482759	0.436782	0.430233	0.365854	0.511628	0.000000	0.400000	0.430233	0.487805	0.400000	0.436782	0.475610	0.457831	0.453488	0.505882	0.428571	0.475000	0.517647	0.400000	0.383721	0.488372	0.356322	0.285714	0.441860	0.392857	0.383721	0.285714	0.484375	0.344828	0.425287	0.341176	0.348837	0.364706	0.486486	0.411765	0.452381	
0.000000	0.435484	0.481132	0.466667	0.500000	-nan	0.467290	0.360000	0.600000	0.367925	0.452830	0.469388	0.407407	0.436893	0.466667	0.386792	0.377778	0.538462	0.523364	0.453608	0.439252	0.373832	0.396226	0.467290	0.538462	0.428571	0.370370	0.367925	0.333333	0.380952	0.392523	0.433962	0.415094	0.403846	0.416667	0.364486	0.407767	0.398058	0.000000	0.415094	0.461538	0.472222	0.401869	0.462963	0.420561	0.514019	0.495146	0.448598	0.400000	0.000000	0.542056	0.417476	0.415094	0.429907	0.451923	0.442308	0.448598	0.528302	0.367925	0.464646	0.495238	0.367925	0.504673	0.324074	0.444444	0.365385	0.448598	0.386792	0.411215	0.380952	0.439024	0.342593	0.462963	0.384615	0.345794	0.405660	0.406250	0.429907	0.352381	
0.000000	0.390625	0.444444	0.392523	0.485981	-nan	0.444444	0.240000	0.419355	0.453704	0.411215	0.510204	0.436364	0.400000	0.364486	0.420561	0.446809	0.433962	0.420561	0.444444	0.440367	0.486239	0.472222	0.481481	0.443396	0.401869	0.444444	0.401869	0.500000	0.504673	0.490741	0.407407	0.383178	0.405660	0.454545	0.440367	0.451923	0.476190	0.666667	0.407407	0.447619	0.431193	0.440367	0.418182	0.444444	0.361111	0.400000	0.431193	0.430233	0.542056	0.000000	0.523810	0.420561	0.412844	0.409524	0.443396	0.481481	0.453704	0.415094	0.445545	0.415094	0.398148	0.444444	0.435185	0.495413	0.405660	0.388889	0.452830	0.444444	0.467290	0.445783	0.409091	0.431193	0.396226	0.449541	0.398148	0.381443	0.429907	0.420561	
1.000000	0.426230	0.375000	0.398058	0.407767	-nan	0.413462	0.458333	0.500000	0.375000	0.384615	0.489362	0.452830	0.564356	0.442308	0.378641	0.363636	0.427184	0.446602	0.468750	0.323810	0.504762	0.432692	0.476190	0.417476	0.466019	0.461538	0.375000	1.000000	0.446602	0.355769	0.466667	0.413462	0.466019	0.443396	0.452830	0.415842	0.465347	0.000000	0.471154	0.435644	0.304762	0.438095	0.405660	0.442308	0.461538	0.362745	0.311321	0.487805	0.417476	0.523810	0.000000	0.413462	0.371429	0.504950	0.378641	0.403846	0.480769	0.475728	0.397959	0.450980	0.490385	0.476190	0.346154	0.447619	0.461538	0.423077	0.382353	0.371429	0.388350	0.430380	0.471698	0.485714	0.392157	0.447619	0.428571	0.548387	0.456311	0.480769	
1.000000	0.419355	0.471698	0.523810	0.462264	-nan	0.476636	0.333333	0.433333	0.396226	0.383178	0.382979	0.416667	0.475728	0.424528	0.433962	0.500000	0.442308	0.490566	0.474227	0.345794	0.476636	0.367925	0.448598	0.419048	0.495238	0.420561	0.411215	0.500000	0.419048	0.429907	0.433962	0.401869	0.476190	0.462963	0.439252	0.441176	0.388350	0.000000	0.443396	0.451923	0.435185	0.439252	0.500000	0.411215	0.383178	0.403846	0.420561	0.400000	0.415094	0.420561	0.413462	0.000000	0.420561	0.398058	0.375000	0.396226	0.396226	0.514286	0.474747	0.457143	0.358491	0.392523	0.373832	0.407407	0.409524	0.392523	0.495238	0.401869	0.457143	0.426829	0.453704	0.407407	0.403846	0.373832	0.373832	0.452632	0.405660	0.377358	
1.000000	0.460317	0.407407	0.448598	0.476636	-nan	0.444444	0.280000	0.483871	0.416667	0.355140	0.489796	0.427273	0.390476	0.373832	0.392523	0.395833	0.396226	0.411215	0.414141	0.440367	0.394495	0.462963	0.564815	0.405660	0.383178	0.416667	0.448598	0.500000	0.345794	0.472222	0.462963	0.345794	0.358491	0.409091	0.495413	0.394231	0.428571	0.000000	0.388889	0.352381	0.422018	0.440367	0.372727	0.490741	0.416667	0.419048	0.403670	0.436782	0.429907	0.412844	0.371429	0.420561	0.000000	0.380952	0.405660	0.379630	0.472222	0.452830	0.445545	0.433962	0.361111	0.453704	0.379630	0.440367	0.433962	0.453704	0.462264	0.407407	0.448598	0.433735	0.454545	0.477064	0.405660	0.339450	0.500000	0.453608	0.392523	0.476636	
0.000000	0.467742	0.423077	0.427184	0.524272	-nan	0.442308	0.320000	0.451613	0.461538	0.446602	0.520833	0.358491	0.401961	0.378641	0.432692	0.431818	0.490196	0.490385	0.536082	0.428571	0.339623	0.442308	0.528846	0.362745	0.475728	0.523810	0.461538	0.500000	0.388350	0.500000	0.355769	0.407767	0.372549	0.500000	0.495238	0.392157	0.386139	0.333333	0.394231	0.396040	0.466667	0.466667	0.481132	0.432692	0.480769	0.376238	0.428571	0.475610	0.451923	0.409524	0.504950	0.398058	0.380952	0.000000	0.436893	0.413462	0.423077	0.427184	0.453608	0.441176	0.442308	0.451923	0.447619	0.390476	0.450980	0.413462	0.411765	0.490385	0.456311	0.412500	0.462264	0.504762	0.441176	0.419048	0.461538	0.372340	0.427184	0.490385	
-nan	0.412698	0.485714	0.528846	0.480769	-nan	0.485714	0.291667	0.533333	0.409524	0.403846	0.583333	0.373832	0.432692	0.451923	0.504762	0.400000	0.451923	0.384615	0.551020	0.415094	0.345794	0.542857	0.438095	0.490385	0.375000	0.476190	0.361905	0.666667	0.461538	0.533333	0.481132	0.413462	0.407767	0.383178	0.439252	0.485437	0.411765	0.000000	0.457143	0.398058	0.405660	0.433962	0.457944	0.476190	0.495238	0.407767	0.383178	0.457831	0.442308	0.443396	0.378641	0.375000	0.405660	0.436893	0.000000	0.542857	0.443396	0.451923	0.460000	0.442308	0.380952	0.443396	0.419048	0.452830	0.461538	0.352381	0.436893	0.452830	0.442308	0.555556	0.467290	0.509434	0.407767	0.481132	0.495238	0.478723	0.451923	0.451923	
1.000000	0.476190	0.355140	0.424528	0.471698	-nan	0.401869	0.480000	0.433333	0.383178	0.405660	0.420000	0.422018	0.423077	0.415094	0.396226	0.586957	0.400000	0.471698	0.428571	0.388889	0.444444	0.429907	0.532710	0.390476	0.471698	0.476636	0.443396	1.000000	0.377358	0.429907	0.448598	0.367925	0.419048	0.431193	0.444444	0.407767	0.490385	0.000000	0.467290	0.365385	0.305556	0.472222	0.376147	0.485981	0.439252	0.413462	0.435185	0.453488	0.448598	0.481481	0.403846	0.396226	0.379630	0.413462	0.542857	0.000000	0.485981	0.485714	0.410000	0.371429	0.467290	0.495327	0.364486	0.361111	0.419048	0.420561	0.471698	0.392523	0.405660	0.353659	0.440367	0.398148	0.438095	0.324074	0.392523	0.447917	0.411215	0.443396	
