-nan	-nan	-nan	-nan	-nan	-nan	-nan	-nan	-nan	-nan	-nan	-nan	-nan	-nan	-nan	-nan	-nan	-nan	-nan	-nan	-nan	-nan	-nan	-nan	-nan	-nan	-nan	-nan	-nan	-nan	-nan	-nan	-nan	-nan	-nan	-nan	-nan	-nan	-nan	-nan	-nan	-nan	-nan	-nan	-nan	-nan	-nan	-nan	-nan	-nan	-nan	-nan	-nan	-nan	-nan	-nan	-nan	-nan	-nan	-nan	-nan	-nan	-nan	-nan	-nan	-nan	-nan	-nan	-nan	-nan	-nan	-nan	-nan	-nan	-nan	-nan	-nan	-nan	-nan	
-nan	0.000000	0.411765	0.555556	0.588235	-nan	0.466667	1.000000	0.333333	0.588235	0.588235	0.666667	0.555556	0.666667	0.222222	0.666667	0.444444	0.500000	0.294118	0.529412	0.588235	0.529412	0.555556	0.611111	0.470588	0.470588	0.666667	0.666667	0.500000	0.235294	0.166667	0.722222	0.555556	0.277778	0.647059	0.588235	0.500000	0.375000	-nan	0.411765	0.666667	0.611111	0.388889	0.388889	0.470588	0.722222	0.687500	0.529412	0.500000	0.666667	0.444444	0.333333	0.555556	0.611111	0.588235	0.500000	0.444444	0.352941	0.500000	0.388889	0.500000	0.666667	0.666667	0.666667	0.500000	0.294118	0.500000	0.437500	0.588235	0.333333	0.411765	0.277778	0.352941	0.611111	0.411765	0.555556	0.444444	0.687500	0.687500	
-nan	0.411765	0.000000	0.393939	0.516129	-nan	0.612903	1.000000	0.571429	0.500000	0.500000	0.428571	0.500000	0.593750	0.545455	0.606061	0.727273	0.424242	0.500000	0.500000	0.281250	0.645161	0.406250	0.545455	0.531250	0.533333	0.484848	0.625000	0.500000	0.656250	0.606061	0.515152	0.593750	0.606061	0.468750	0.483871	0.484848	0.451613	-nan	0.468750	0.393939	0.666667	0.484848	0.454545	0.551724	0.545455	0.548387	0.468750	0.409091	0.424242	0.483871	0.545455	0.545455	0.406250	0.515152	0.575758	0.645161	0.500000	0.393939	0.363636	0.393939	0.515152	0.515152	0.666667	0.363636	0.562500	0.454545	0.451613	0.580645	0.393939	0.689655	0.515152	0.636364	0.406250	0.548387	0.515152	0.562500	0.451613	0.612903	
-nan	0.555556	0.393939	0.000000	0.468750	-nan	0.548387	0.666667	0.428571	0.484848	0.454545	0.428571	0.575758	0.484848	0.588235	0.588235	0.636364	0.529412	0.545455	0.451613	0.424242	0.500000	0.454545	0.500000	0.393939	0.548387	0.441176	0.424242	1.000000	0.575758	0.617647	0.470588	0.424242	0.529412	0.484848	0.500000	0.647059	0.468750	-nan	0.575758	0.441176	0.500000	0.382353	0.617647	0.533333	0.529412	0.468750	0.625000	0.478261	0.411765	0.562500	0.470588	0.558824	0.303030	0.545455	0.500000	0.406250	0.424242	0.441176	0.558824	0.617647	0.470588	0.558824	0.500000	0.529412	0.606061	0.529412	0.387097	0.406250	0.500000	0.533333	0.588235	0.606061	0.484848	0.468750	0.500000	0.393939	0.516129	0.437500	
-nan	0.588235	0.516129	0.468750	0.000000	-nan	0.448276	0.500000	0.400000	0.451613	0.419355	0.500000	0.483871	0.548387	0.500000	0.312500	0.700000	0.500000	0.451613	0.448276	0.612903	0.433333	0.516129	0.468750	0.451613	0.379310	0.468750	0.387097	1.000000	0.468750	0.500000	0.500000	0.516129	0.437500	0.451613	0.333333	0.468750	0.516129	-nan	0.483871	0.468750	0.375000	0.500000	0.625000	0.428571	0.562500	0.516129	0.400000	0.476190	0.406250	0.466667	0.375000	0.562500	0.612903	0.548387	0.375000	0.500000	0.677419	0.468750	0.593750	0.468750	0.500000	0.437500	0.531250	0.500000	0.516129	0.406250	0.586207	0.500000	0.531250	0.482759	0.531250	0.645161	0.548387	0.533333	0.406250	0.483871	0.413793	0.466667	
-nan	-nan	-nan	-nan	-nan	-nan	-nan	-nan	-nan	-nan	-nan	-nan	-nan	-nan	-nan	-nan	-nan	-nan	-nan	-nan	-nan	-nan	-nan	-nan	-nan	-nan	-nan	-nan	-nan	-nan	-nan	-nan	-nan	-nan	-nan	-nan	-nan	-nan	-nan	-nan	-nan	-nan	-nan	-nan	-nan	-nan	-nan	-nan	-nan	-nan	-nan	-nan	-nan	-nan	-nan	-nan	-nan	-nan	-nan	-nan	-nan	-nan	-nan	-nan	-nan	-nan	-nan	-nan	-nan	-nan	-nan	-nan	-nan	-nan	-nan	-nan	-nan	-nan	-nan	
-nan	0.466667	0.612903	0.548387	0.448276	-nan	0.000000	0.333333	0.600000	0.516129	0.451613	0.600000	0.300000	0.300000	0.516129	0.387097	0.333333	0.483871	0.500000	0.344828	0.580645	0.448276	0.500000	0.419355	0.500000	0.482759	0.322581	0.366667	1.000000	0.533333	0.354839	0.419355	0.400000	0.322581	0.400000	0.551724	0.354839	0.379310	-nan	0.500000	0.419355	0.354839	0.516129	0.548387	0.296296	0.516129	0.379310	0.566667	0.200000	0.419355	0.413793	0.451613	0.354839	0.566667	0.387097	0.354839	0.448276	0.533333	0.516129	0.483871	0.612903	0.548387	0.387097	0.387097	0.387097	0.300000	0.483871	0.500000	0.482759	0.354839	0.185185	0.419355	0.516129	0.533333	0.551724	0.483871	0.500000	0.413793	0.517241	
-nan	1.000000	1.000000	0.666667	0.500000	-nan	0.333333	0.000000	-nan	0.500000	0.166667	0.000000	0.166667	0.333333	0.666667	0.333333	0.000000	0.500000	0.666667	0.333333	0.500000	0.333333	0.166667	0.333333	0.400000	0.333333	0.166667	0.000000	-nan	0.666667	0.500000	0.166667	0.166667	0.666667	0.400000	0.333333	0.500000	0.600000	-nan	0.333333	0.166667	0.000000	0.666667	0.333333	0.400000	0.500000	0.333333	0.333333	0.200000	0.166667	0.500000	0.833333	0.333333	0.166667	0.333333	0.000000	0.166667	0.500000	0.333333	0.666667	0.500000	0.166667	0.166667	0.166667	0.333333	0.400000	0.333333	0.333333	0.333333	0.333333	0.400000	0.333333	0.333333	0.333333	0.500000	0.333333	0.333333	0.333333	0.200000	
-nan	0.333333	0.571429	0.428571	0.400000	-nan	0.600000	-nan	0.000000	0.333333	0.666667	0.250000	0.571429	0.571429	0.285714	0.428571	0.750000	0.428571	0.428571	0.500000	0.333333	0.428571	0.285714	0.428571	0.428571	0.500000	0.571429	0.428571	0.500000	0.333333	0.571429	0.714286	0.000000	0.285714	0.142857	0.285714	0.714286	0.666667	-nan	0.428571	0.714286	0.142857	0.571429	0.142857	0.428571	0.571429	0.333333	0.285714	0.666667	0.285714	0.428571	0.571429	0.714286	0.571429	0.428571	0.285714	0.285714	0.285714	0.428571	0.428571	0.571429	0.857143	0.571429	0.714286	0.285714	0.571429	0.571429	0.500000	0.333333	0.428571	0.333333	0.428571	0.285714	0.714286	0.571429	0.428571	0.285714	0.166667	0.142857	
-nan	0.588235	0.500000	0.484848	0.451613	-nan	0.516129	0.500000	0.333333	0.000000	0.437500	0.333333	0.406250	0.468750	0.515152	0.424242	0.400000	0.454545	0.312500	0.516129	0.375000	0.419355	0.343750	0.484848	0.437500	0.433333	0.515152	0.562500	1.000000	0.468750	0.636364	0.484848	0.531250	0.575758	0.468750	0.451613	0.424242	0.451613	-nan	0.531250	0.575758	0.393939	0.515152	0.484848	0.586207	0.424242	0.516129	0.548387	0.318182	0.454545	0.419355	0.606061	0.333333	0.562500	0.468750	0.545455	0.451613	0.531250	0.515152	0.575758	0.454545	0.545455	0.454545	0.575758	0.393939	0.500000	0.333333	0.533333	0.387097	0.666667	0.379310	0.393939	0.437500	0.500000	0.483871	0.454545	0.406250	0.400000	0.451613	
-nan	0.588235	0.500000	0.454545	0.419355	-nan	0.451613	0.166667	0.666667	0.437500	0.000000	0.500000	0.468750	0.468750	0.606061	0.575758	0.300000	0.515152	0.468750	0.466667	0.454545	0.483871	0.281250	0.545455	0.593750	0.451613	0.545455	0.375000	1.000000	0.500000	0.515152	0.515152	0.500000	0.484848	0.437500	0.516129	0.303030	0.483871	-nan	0.468750	0.303030	0.393939	0.484848	0.393939	0.482759	0.454545	0.290323	0.354839	0.454545	0.515152	0.483871	0.515152	0.333333	0.406250	0.531250	0.393939	0.419355	0.625000	0.515152	0.454545	0.424242	0.393939	0.333333	0.484848	0.606061	0.468750	0.363636	0.322581	0.548387	0.393939	0.448276	0.363636	0.437500	0.593750	0.483871	0.545455	0.468750	0.533333	0.354839	
-nan	0.666667	0.428571	0.428571	0.500000	-nan	0.600000	0.000000	0.250000	0.333333	0.500000	0.000000	0.428571	0.571429	0.285714	0.571429	0.600000	0.571429	0.285714	0.333333	0.166667	0.571429	0.428571	0.285714	0.714286	0.666667	0.714286	0.571429	0.000000	0.666667	0.714286	0.571429	0.285714	0.428571	0.500000	0.285714	0.714286	0.666667	-nan	0.714286	0.428571	0.428571	0.571429	0.428571	0.571429	0.571429	0.500000	0.714286	0.571429	0.142857	0.714286	0.857143	0.571429	0.571429	0.428571	0.285714	0.714286	0.571429	0.714286	0.714286	0.714286	0.428571	0.571429	0.714286	0.285714	0.285714	0.285714	0.333333	0.166667	0.285714	0.800000	0.571429	0.714286	0.285714	0.428571	0.857143	0.333333	0.333333	0.571429	
-nan	0.555556	0.500000	0.575758	0.483871	-nan	0.300000	0.166667	0.571429	0.406250	0.468750	0.428571	0.000000	0.437500	0.545455	0.363636	0.363636	0.545455	0.500000	0.322581	0.500000	0.419355	0.343750	0.484848	0.437500	0.266667	0.363636	0.272727	1.000000	0.375000	0.333333	0.484848	0.468750	0.545455	0.562500	0.548387	0.393939	0.354839	-nan	0.625000	0.303030	0.363636	0.484848	0.484848	0.482759	0.454545	0.483871	0.483871	0.409091	0.393939	0.451613	0.666667	0.393939	0.454545	0.437500	0.424242	0.593750	0.468750	0.333333	0.393939	0.484848	0.454545	0.484848	0.454545	0.303030	0.437500	0.424242	0.333333	0.354839	0.424242	0.379310	0.363636	0.531250	0.281250	0.354839	0.575758	0.406250	0.466667	0.483871	
-nan	0.666667	0.593750	0.484848	0.548387	-nan	0.300000	0.333333	0.571429	0.468750	0.468750	0.571429	0.437500	0.000000	0.545455	0.393939	0.454545	0.424242	0.562500	0.300000	0.500000	0.322581	0.454545	0.333333	0.500000	0.500000	0.424242	0.437500	1.000000	0.531250	0.363636	0.393939	0.437500	0.484848	0.500000	0.387097	0.393939	0.419355	-nan	0.687500	0.454545	0.424242	0.484848	0.424242	0.400000	0.303030	0.451613	0.548387	0.454545	0.454545	0.516129	0.606061	0.363636	0.375000	0.343750	0.515152	0.531250	0.531250	0.545455	0.575758	0.515152	0.393939	0.454545	0.393939	0.515152	0.531250	0.545455	0.300000	0.387097	0.484848	0.379310	0.575758	0.468750	0.406250	0.451613	0.424242	0.437500	0.433333	0.354839	
-nan	0.222222	0.545455	0.588235	0.500000	-nan	0.516129	0.666667	0.285714	0.515152	0.606061	0.285714	0.545455	0.545455	0.000000	0.529412	0.545455	0.470588	0.424242	0.548387	0.454545	0.500000	0.575758	0.558824	0.424242	0.419355	0.558824	0.575758	0.500000	0.272727	0.441176	0.529412	0.484848	0.352941	0.606061	0.437500	0.588235	0.500000	-nan	0.454545	0.558824	0.617647	0.441176	0.382353	0.600000	0.470588	0.593750	0.531250	0.565217	0.470588	0.531250	0.411765	0.500000	0.636364	0.515152	0.382353	0.437500	0.484848	0.500000	0.441176	0.441176	0.647059	0.500000	0.441176	0.352941	0.393939	0.470588	0.387097	0.468750	0.441176	0.400000	0.470588	0.272727	0.424242	0.531250	0.558824	0.333333	0.451613	0.718750	
-nan	0.666667	0.606061	0.588235	0.312500	-nan	0.387097	0.333333	0.428571	0.424242	0.575758	0.571429	0.363636	0.393939	0.529412	0.000000	0.454545	0.470588	0.454545	0.451613	0.545455	0.437500	0.484848	0.441176	0.363636	0.419355	0.441176	0.454545	1.000000	0.393939	0.441176	0.529412	0.515152	0.352941	0.333333	0.437500	0.411765	0.562500	-nan	0.484848	0.382353	0.441176	0.500000	0.500000	0.433333	0.411765	0.562500	0.375000	0.478261	0.411765	0.593750	0.411765	0.558824	0.515152	0.393939	0.500000	0.531250	0.454545	0.500000	0.441176	0.441176	0.647059	0.500000	0.558824	0.470588	0.454545	0.411765	0.548387	0.406250	0.558824	0.366667	0.529412	0.515152	0.393939	0.437500	0.382353	0.393939	0.322581	0.437500	
-nan	0.444444	0.727273	0.636364	0.700000	-nan	0.333333	0.000000	0.750000	0.400000	0.300000	0.600000	0.363636	0.454545	0.545455	0.454545	0.000000	0.454545	0.545455	0.500000	0.700000	0.454545	0.363636	0.545455	0.363636	0.500000	0.636364	0.454545	1.000000	0.300000	0.272727	0.363636	0.545455	0.454545	0.545455	0.636364	0.181818	0.200000	-nan	0.363636	0.272727	0.454545	0.636364	0.363636	0.700000	0.545455	0.300000	0.454545	0.375000	0.363636	0.727273	0.454545	0.363636	0.181818	0.454545	0.454545	0.181818	0.454545	0.272727	0.363636	0.363636	0.454545	0.454545	0.454545	0.363636	0.100000	0.363636	0.300000	0.555556	0.181818	0.400000	0.363636	0.272727	0.454545	0.363636	0.545455	0.727273	0.700000	0.454545	
-nan	0.500000	0.424242	0.529412	0.500000	-nan	0.483871	0.500000	0.428571	0.454545	0.515152	0.571429	0.545455	0.424242	0.470588	0.470588	0.454545	0.000000	0.575758	0.580645	0.363636	0.625000	0.393939	0.441176	0.484848	0.580645	0.558824	0.515152	0.500000	0.545455	0.617647	0.470588	0.454545	0.470588	0.424242	0.375000	0.470588	0.593750	-nan	0.484848	0.500000	0.558824	0.500000	0.500000	0.400000	0.411765	0.406250	0.437500	0.347826	0.470588	0.500000	0.470588	0.500000	0.393939	0.272727	0.617647	0.312500	0.545455	0.500000	0.500000	0.441176	0.529412	0.558824	0.558824	0.352941	0.515152	0.470588	0.516129	0.562500	0.441176	0.533333	0.588235	0.515152	0.454545	0.531250	0.382353	0.454545	0.258065	0.468750	
-nan	0.294118	0.500000	0.545455	0.451613	-nan	0.500000	0.666667	0.428571	0.312500	0.468750	0.285714	0.500000	0.562500	0.424242	0.454545	0.545455	0.575758	0.000000	0.500000	0.562500	0.451613	0.468750	0.606061	0.625000	0.400000	0.696970	0.593750	0.500000	0.343750	0.454545	0.575758	0.500000	0.424242	0.562500	0.375000	0.575758	0.387097	-nan	0.575758	0.666667	0.454545	0.515152	0.484848	0.448276	0.515152	0.593750	0.548387	0.434783	0.545455	0.483871	0.484848	0.484848	0.687500	0.656250	0.515152	0.548387	0.468750	0.515152	0.545455	0.484848	0.666667	0.666667	0.575758	0.484848	0.312500	0.333333	0.533333	0.580645	0.515152	0.379310	0.424242	0.468750	0.562500	0.375000	0.606061	0.437500	0.533333	0.645161	
-nan	0.529412	0.500000	0.451613	0.448276	-nan	0.344828	0.333333	0.500000	0.516129	0.466667	0.333333	0.322581	0.300000	0.548387	0.451613	0.500000	0.580645	0.500000	0.000000	0.466667	0.275862	0.533333	0.387097	0.366667	0.535714	0.387097	0.483871	1.000000	0.566667	0.290323	0.451613	0.433333	0.483871	0.433333	0.413793	0.548387	0.344828	-nan	0.500000	0.387097	0.322581	0.387097	0.483871	0.518519	0.645161	0.551724	0.482759	0.550000	0.322581	0.551724	0.516129	0.387097	0.516129	0.400000	0.548387	0.666667	0.500000	0.548387	0.548387	0.451613	0.322581	0.580645	0.419355	0.419355	0.433333	0.548387	0.250000	0.586207	0.419355	0.481481	0.451613	0.566667	0.333333	0.482759	0.580645	0.466667	0.392857	0.379310	
-nan	0.588235	0.281250	0.424242	0.612903	-nan	0.580645	0.500000	0.333333	0.375000	0.454545	0.166667	0.500000	0.500000	0.454545	0.545455	0.700000	0.363636	0.562500	0.466667	0.000000	0.516129	0.375000	0.393939	0.468750	0.645161	0.393939	0.593750	0.500000	0.562500	0.666667	0.424242	0.531250	0.515152	0.437500	0.483871	0.454545	0.516129	-nan	0.375000	0.454545	0.545455	0.393939	0.424242	0.689655	0.484848	0.483871	0.451613	0.363636	0.545455	0.451613	0.606061	0.484848	0.437500	0.375000	0.606061	0.516129	0.500000	0.484848	0.363636	0.454545	0.484848	0.363636	0.515152	0.454545	0.562500	0.393939	0.354839	0.419355	0.545455	0.551724	0.575758	0.406250	0.437500	0.645161	0.454545	0.406250	0.366667	0.387097	
-nan	0.529412	0.645161	0.500000	0.433333	-nan	0.448276	0.333333	0.428571	0.419355	0.483871	0.571429	0.419355	0.322581	0.500000	0.437500	0.454545	0.625000	0.451613	0.275862	0.516129	0.000000	0.419355	0.437500	0.451613	0.517241	0.468750	0.419355	1.000000	0.419355	0.312500	0.375000	0.290323	0.468750	0.419355	0.633333	0.437500	0.266667	-nan	0.548387	0.562500	0.437500	0.562500	0.437500	0.448276	0.468750	0.666667	0.466667	0.545455	0.531250	0.483871	0.500000	0.281250	0.516129	0.451613	0.562500	0.500000	0.437500	0.500000	0.437500	0.625000	0.406250	0.406250	0.375000	0.531250	0.548387	0.343750	0.448276	0.433333	0.531250	0.392857	0.437500	0.516129	0.354839	0.466667	0.468750	0.451613	0.586207	0.258065	
-nan	0.555556	0.406250	0.454545	0.516129	-nan	0.500000	0.166667	0.285714	0.343750	0.281250	0.428571	0.343750	0.454545	0.575758	0.484848	0.363636	0.393939	0.468750	0.533333	0.375000	0.419355	0.000000	0.484848	0.531250	0.433333	0.454545	0.406250	0.500000	0.468750	0.515152	0.484848	0.343750	0.575758	0.343750	0.483871	0.363636	0.483871	-nan	0.468750	0.363636	0.515152	0.515152	0.272727	0.466667	0.393939	0.516129	0.290323	0.318182	0.363636	0.516129	0.575758	0.393939	0.281250	0.468750	0.424242	0.437500	0.593750	0.333333	0.424242	0.484848	0.545455	0.484848	0.484848	0.363636	0.562500	0.212121	0.400000	0.451613	0.333333	0.482759	0.484848	0.468750	0.500000	0.483871	0.454545	0.343750	0.433333	0.354839	
-nan	0.611111	0.545455	0.500000	0.468750	-nan	0.419355	0.333333	0.428571	0.484848	0.545455	0.285714	0.484848	0.333333	0.558824	0.441176	0.545455	0.441176	0.606061	0.387097	0.393939	0.437500	0.484848	0.000000	0.484848	0.645161	0.529412	0.515152	0.500000	0.484848	0.529412	0.382353	0.484848	0.500000	0.424242	0.531250	0.500000	0.437500	-nan	0.393939	0.470588	0.529412	0.529412	0.588235	0.333333	0.382353	0.531250	0.437500	0.347826	0.500000	0.562500	0.676471	0.588235	0.393939	0.333333	0.411765	0.687500	0.575758	0.647059	0.470588	0.588235	0.382353	0.470588	0.352941	0.617647	0.484848	0.382353	0.548387	0.468750	0.529412	0.466667	0.676471	0.454545	0.424242	0.593750	0.529412	0.484848	0.483871	0.343750	
-nan	0.470588	0.531250	0.393939	0.451613	-nan	0.500000	0.400000	0.428571	0.437500	0.593750	0.714286	0.437500	0.500000	0.424242	0.363636	0.363636	0.484848	0.625000	0.366667	0.468750	0.451613	0.531250	0.484848	0.000000	0.366667	0.242424	0.562500	1.000000	0.437500	0.454545	0.515152	0.437500	0.545455	0.500000	0.483871	0.666667	0.531250	-nan	0.312500	0.454545	0.484848	0.484848	0.636364	0.551724	0.606061	0.612903	0.387097	0.545455	0.424242	0.516129	0.363636	0.454545	0.375000	0.437500	0.424242	0.419355	0.437500	0.424242	0.393939	0.393939	0.636364	0.484848	0.424242	0.303030	0.531250	0.484848	0.466667	0.516129	0.636364	0.344828	0.424242	0.468750	0.375000	0.612903	0.303030	0.406250	0.300000	0.500000	
-nan	0.470588	0.533333	0.548387	0.379310	-nan	0.482759	0.333333	0.500000	0.433333	0.451613	0.666667	0.266667	0.500000	0.419355	0.419355	0.500000	0.580645	0.400000	0.535714	0.645161	0.517241	0.433333	0.645161	0.366667	0.000000	0.451613	0.300000	1.000000	0.366667	0.354839	0.580645	0.433333	0.483871	0.700000	0.482759	0.548387	0.448276	-nan	0.600000	0.387097	0.451613	0.645161	0.451613	0.407407	0.516129	0.551724	0.413793	0.523810	0.419355	0.333333	0.451613	0.451613	0.466667	0.566667	0.258065	0.482759	0.566667	0.387097	0.451613	0.322581	0.645161	0.451613	0.483871	0.322581	0.400000	0.387097	0.400000	0.379310	0.516129	0.370370	0.322581	0.466667	0.500000	0.300000	0.419355	0.366667	0.448276	0.655172	
-nan	0.666667	0.484848	0.441176	0.468750	-nan	0.322581	0.166667	0.571429	0.515152	0.545455	0.714286	0.363636	0.424242	0.558824	0.441176	0.636364	0.558824	0.696970	0.387097	0.393939	0.468750	0.454545	0.529412	0.242424	0.451613	0.000000	0.454545	0.500000	0.636364	0.470588	0.382353	0.454545	0.617647	0.454545	0.468750	0.558824	0.531250	-nan	0.424242	0.470588	0.352941	0.411765	0.588235	0.533333	0.617647	0.531250	0.531250	0.347826	0.441176	0.375000	0.500000	0.411765	0.454545	0.515152	0.411765	0.468750	0.484848	0.411765	0.470588	0.529412	0.500000	0.352941	0.352941	0.323529	0.666667	0.558824	0.483871	0.437500	0.588235	0.333333	0.500000	0.515152	0.454545	0.750000	0.294118	0.424242	0.322581	0.500000	
-nan	0.666667	0.625000	0.424242	0.387097	-nan	0.366667	0.000000	0.428571	0.562500	0.375000	0.571429	0.272727	0.437500	0.575758	0.454545	0.454545	0.515152	0.593750	0.483871	0.593750	0.419355	0.406250	0.515152	0.562500	0.300000	0.454545	0.000000	1.000000	0.468750	0.424242	0.515152	0.375000	0.393939	0.531250	0.516129	0.424242	0.354839	-nan	0.656250	0.333333	0.272727	0.575758	0.515152	0.379310	0.484848	0.258065	0.548387	0.409091	0.424242	0.419355	0.575758	0.484848	0.424242	0.562500	0.272727	0.406250	0.531250	0.424242	0.484848	0.515152	0.424242	0.333333	0.484848	0.454545	0.468750	0.454545	0.400000	0.387097	0.393939	0.379310	0.454545	0.531250	0.500000	0.387097	0.606061	0.437500	0.500000	0.387097	
-nan	0.500000	0.500000	1.000000	1.000000	-nan	1.000000	-nan	0.500000	1.000000	1.000000	0.000000	1.000000	1.000000	0.500000	1.000000	1.000000	0.500000	0.500000	1.000000	0.500000	1.000000	0.500000	0.500000	1.000000	1.000000	0.500000	1.000000	0.000000	1.000000	1.000000	0.500000	0.500000	0.500000	0.500000	0.500000	1.000000	1.000000	-nan	0.500000	1.000000	1.000000	1.000000	0.500000	0.500000	1.000000	1.000000	0.500000	0.500000	0.500000	0.500000	1.000000	1.000000	1.000000	0.500000	0.500000	1.000000	1.000000	1.000000	1.000000	1.000000	0.500000	1.000000	0.500000	0.500000	0.500000	0.500000	1.000000	1.000000	0.500000	1.000000	0.500000	1.000000	1.000000	1.000000	1.000000	0.500000	0.500000	1.000000	
-nan	0.235294	0.656250	0.575758	0.468750	-nan	0.533333	0.666667	0.333333	0.468750	0.500000	0.666667	0.375000	0.531250	0.272727	0.393939	0.300000	0.545455	0.343750	0.566667	0.562500	0.419355	0.468750	0.484848	0.437500	0.366667	0.636364	0.468750	1.000000	0.000000	0.393939	0.575758	0.531250	0.393939	0.562500	0.548387	0.545455	0.406250	-nan	0.531250	0.575758	0.545455	0.484848	0.424242	0.551724	0.333333	0.562500	0.387097	0.636364	0.636364	0.548387	0.484848	0.575758	0.531250	0.593750	0.454545	0.451613	0.468750	0.454545	0.333333	0.454545	0.636364	0.636364	0.424242	0.545455	0.406250	0.424242	0.400000	0.451613	0.515152	0.300000	0.484848	0.281250	0.468750	0.451613	0.636364	0.343750	0.666667	0.516129	
-nan	0.166667	0.606061	0.617647	0.500000	-nan	0.354839	0.500000	0.571429	0.636364	0.515152	0.714286	0.333333	0.363636	0.441176	0.441176	0.272727	0.617647	0.454545	0.290323	0.666667	0.312500	0.515152	0.529412	0.454545	0.354839	0.470588	0.424242	1.000000	0.393939	0.000000	0.500000	0.484848	0.382353	0.606061	0.500000	0.382353	0.312500	-nan	0.545455	0.470588	0.411765	0.411765	0.411765	0.400000	0.676471	0.593750	0.500000	0.521739	0.500000	0.437500	0.441176	0.411765	0.484848	0.515152	0.470588	0.562500	0.454545	0.470588	0.470588	0.470588	0.441176	0.529412	0.470588	0.500000	0.393939	0.500000	0.322581	0.468750	0.352941	0.433333	0.382353	0.454545	0.424242	0.375000	0.470588	0.454545	0.580645	0.500000	
-nan	0.722222	0.515152	0.470588	0.500000	-nan	0.419355	0.166667	0.714286	0.484848	0.515152	0.571429	0.484848	0.393939	0.529412	0.529412	0.363636	0.470588	0.575758	0.451613	0.424242	0.375000	0.484848	0.382353	0.515152	0.580645	0.382353	0.515152	0.500000	0.575758	0.500000	0.000000	0.484848	0.647059	0.484848	0.531250	0.470588	0.343750	-nan	0.484848	0.500000	0.500000	0.558824	0.558824	0.500000	0.529412	0.562500	0.500000	0.304348	0.470588	0.437500	0.647059	0.441176	0.393939	0.303030	0.558824	0.468750	0.424242	0.382353	0.500000	0.676471	0.352941	0.382353	0.205882	0.470588	0.575758	0.470588	0.483871	0.531250	0.558824	0.533333	0.588235	0.484848	0.424242	0.593750	0.382353	0.515152	0.483871	0.437500	
-nan	0.555556	0.593750	0.424242	0.516129	-nan	0.400000	0.166667	0.000000	0.531250	0.500000	0.285714	0.468750	0.437500	0.484848	0.515152	0.545455	0.454545	0.500000	0.433333	0.531250	0.290323	0.343750	0.484848	0.437500	0.433333	0.454545	0.375000	0.500000	0.531250	0.484848	0.484848	0.000000	0.393939	0.312500	0.562500	0.636364	0.451613	-nan	0.500000	0.484848	0.424242	0.727273	0.393939	0.241379	0.484848	0.516129	0.437500	0.478261	0.333333	0.483871	0.454545	0.393939	0.343750	0.406250	0.393939	0.387097	0.468750	0.515152	0.393939	0.545455	0.575758	0.515152	0.454545	0.363636	0.500000	0.363636	0.500000	0.516129	0.363636	0.379310	0.424242	0.562500	0.424242	0.451613	0.515152	0.468750	0.333333	0.354839	
-nan	0.277778	0.606061	0.529412	0.437500	-nan	0.322581	0.666667	0.285714	0.575758	0.484848	0.428571	0.545455	0.484848	0.352941	0.352941	0.454545	0.470588	0.424242	0.483871	0.515152	0.468750	0.575758	0.500000	0.545455	0.483871	0.617647	0.393939	0.500000	0.393939	0.382353	0.647059	0.393939	0.000000	0.424242	0.531250	0.411765	0.375000	-nan	0.515152	0.500000	0.500000	0.558824	0.382353	0.400000	0.588235	0.406250	0.500000	0.478261	0.529412	0.500000	0.352941	0.500000	0.575758	0.454545	0.382353	0.437500	0.545455	0.617647	0.382353	0.500000	0.588235	0.500000	0.558824	0.529412	0.333333	0.411765	0.451613	0.500000	0.323529	0.333333	0.352941	0.454545	0.575758	0.406250	0.617647	0.515152	0.451613	0.531250	
-nan	0.647059	0.468750	0.484848	0.451613	-nan	0.400000	0.400000	0.142857	0.468750	0.437500	0.500000	0.562500	0.500000	0.606061	0.333333	0.545455	0.424242	0.562500	0.433333	0.437500	0.419355	0.343750	0.424242	0.500000	0.700000	0.454545	0.531250	0.500000	0.562500	0.606061	0.484848	0.312500	0.424242	0.000000	0.548387	0.484848	0.580645	-nan	0.312500	0.484848	0.424242	0.515152	0.363636	0.379310	0.454545	0.451613	0.322581	0.409091	0.333333	0.516129	0.363636	0.454545	0.468750	0.375000	0.545455	0.451613	0.531250	0.636364	0.454545	0.484848	0.515152	0.515152	0.515152	0.484848	0.562500	0.454545	0.633333	0.612903	0.424242	0.413793	0.545455	0.562500	0.500000	0.677419	0.515152	0.437500	0.300000	0.290323	
-nan	0.588235	0.483871	0.500000	0.333333	-nan	0.551724	0.333333	0.285714	0.451613	0.516129	0.285714	0.548387	0.387097	0.437500	0.437500	0.636364	0.375000	0.375000	0.413793	0.483871	0.633333	0.483871	0.531250	0.483871	0.482759	0.468750	0.516129	0.500000	0.548387	0.500000	0.531250	0.562500	0.531250	0.548387	0.000000	0.562500	0.566667	-nan	0.562500	0.593750	0.312500	0.312500	0.500000	0.571429	0.531250	0.387097	0.516129	0.434783	0.343750	0.433333	0.531250	0.562500	0.516129	0.548387	0.468750	0.500000	0.612903	0.406250	0.750000	0.406250	0.468750	0.625000	0.531250	0.375000	0.580645	0.593750	0.413793	0.533333	0.500000	0.571429	0.562500	0.516129	0.500000	0.548387	0.437500	0.451613	0.275862	0.600000	
-nan	0.500000	0.484848	0.647059	0.468750	-nan	0.354839	0.500000	0.714286	0.424242	0.303030	0.714286	0.393939	0.393939	0.588235	0.411765	0.181818	0.470588	0.575758	0.548387	0.454545	0.437500	0.363636	0.500000	0.666667	0.548387	0.558824	0.424242	1.000000	0.545455	0.382353	0.470588	0.636364	0.411765	0.484848	0.562500	0.000000	0.406250	-nan	0.484848	0.323529	0.500000	0.441176	0.382353	0.566667	0.411765	0.343750	0.437500	0.347826	0.529412	0.468750	0.529412	0.382353	0.484848	0.393939	0.558824	0.500000	0.575758	0.382353	0.441176	0.500000	0.411765	0.264706	0.558824	0.588235	0.454545	0.411765	0.419355	0.406250	0.382353	0.533333	0.411765	0.454545	0.515152	0.406250	0.441176	0.606061	0.580645	0.375000	
-nan	0.375000	0.451613	0.468750	0.516129	-nan	0.379310	0.600000	0.666667	0.451613	0.483871	0.666667	0.354839	0.419355	0.500000	0.562500	0.200000	0.593750	0.387097	0.344828	0.516129	0.266667	0.483871	0.437500	0.531250	0.448276	0.531250	0.354839	1.000000	0.406250	0.312500	0.343750	0.451613	0.375000	0.580645	0.566667	0.406250	0.000000	-nan	0.612903	0.500000	0.437500	0.562500	0.468750	0.464286	0.562500	0.451613	0.633333	0.285714	0.500000	0.400000	0.593750	0.375000	0.419355	0.580645	0.468750	0.566667	0.419355	0.406250	0.312500	0.562500	0.406250	0.468750	0.375000	0.406250	0.451613	0.343750	0.379310	0.533333	0.375000	0.379310	0.406250	0.419355	0.387097	0.433333	0.656250	0.645161	0.620690	0.548387	
-nan	-nan	-nan	-nan	-nan	-nan	-nan	-nan	-nan	-nan	-nan	-nan	-nan	-nan	-nan	-nan	-nan	-nan	-nan	-nan	-nan	-nan	-nan	-nan	-nan	-nan	-nan	-nan	-nan	-nan	-nan	-nan	-nan	-nan	-nan	-nan	-nan	-nan	-nan	-nan	-nan	-nan	-nan	-nan	-nan	-nan	-nan	-nan	-nan	-nan	-nan	-nan	-nan	-nan	-nan	-nan	-nan	-nan	-nan	-nan	-nan	-nan	-nan	-nan	-nan	-nan	-nan	-nan	-nan	-nan	-nan	-nan	-nan	-nan	-nan	-nan	-nan	-nan	-nan	
-nan	0.411765	0.468750	0.575758	0.483871	-nan	0.500000	0.333333	0.428571	0.531250	0.468750	0.714286	0.625000	0.687500	0.454545	0.484848	0.363636	0.484848	0.575758	0.500000	0.375000	0.548387	0.468750	0.393939	0.312500	0.600000	0.424242	0.656250	0.500000	0.531250	0.545455	0.484848	0.500000	0.515152	0.312500	0.562500	0.484848	0.612903	-nan	0.000000	0.454545	0.545455	0.484848	0.515152	0.551724	0.606061	0.531250	0.225806	0.391304	0.454545	0.548387	0.333333	0.575758	0.500000	0.437500	0.424242	0.451613	0.593750	0.484848	0.393939	0.333333	0.575758	0.393939	0.424242	0.515152	0.375000	0.424242	0.600000	0.709677	0.484848	0.448276	0.515152	0.375000	0.562500	0.718750	0.393939	0.500000	0.400000	0.419355	
-nan	0.666667	0.393939	0.441176	0.468750	-nan	0.419355	0.166667	0.714286	0.575758	0.303030	0.428571	0.303030	0.454545	0.558824	0.382353	0.272727	0.500000	0.666667	0.387097	0.454545	0.562500	0.363636	0.470588	0.454545	0.387097	0.470588	0.333333	1.000000	0.575758	0.470588	0.500000	0.484848	0.500000	0.484848	0.593750	0.323529	0.500000	-nan	0.454545	0.000000	0.529412	0.529412	0.411765	0.500000	0.441176	0.437500	0.406250	0.434783	0.264706	0.656250	0.500000	0.529412	0.272727	0.424242	0.411765	0.562500	0.484848	0.411765	0.352941	0.352941	0.500000	0.352941	0.588235	0.441176	0.363636	0.382353	0.258065	0.437500	0.294118	0.600000	0.500000	0.484848	0.363636	0.343750	0.529412	0.484848	0.451613	0.468750	
-nan	0.611111	0.666667	0.500000	0.375000	-nan	0.354839	0.000000	0.142857	0.393939	0.393939	0.428571	0.363636	0.424242	0.617647	0.441176	0.454545	0.558824	0.454545	0.322581	0.545455	0.437500	0.515152	0.529412	0.484848	0.451613	0.352941	0.272727	1.000000	0.545455	0.411765	0.500000	0.424242	0.500000	0.424242	0.312500	0.500000	0.437500	-nan	0.545455	0.529412	0.000000	0.411765	0.529412	0.500000	0.617647	0.250000	0.625000	0.391304	0.382353	0.375000	0.558824	0.470588	0.575758	0.575758	0.411765	0.406250	0.454545	0.529412	0.647059	0.470588	0.382353	0.411765	0.529412	0.441176	0.484848	0.617647	0.419355	0.468750	0.529412	0.300000	0.441176	0.454545	0.545455	0.531250	0.529412	0.454545	0.354839	0.343750	
-nan	0.388889	0.484848	0.382353	0.500000	-nan	0.516129	0.666667	0.571429	0.515152	0.484848	0.571429	0.484848	0.484848	0.441176	0.500000	0.636364	0.500000	0.515152	0.387097	0.393939	0.562500	0.515152	0.529412	0.484848	0.645161	0.411765	0.575758	1.000000	0.484848	0.411765	0.558824	0.727273	0.558824	0.515152	0.312500	0.441176	0.562500	-nan	0.484848	0.529412	0.411765	0.000000	0.529412	0.700000	0.500000	0.437500	0.625000	0.478261	0.500000	0.500000	0.441176	0.529412	0.575758	0.575758	0.647059	0.531250	0.454545	0.470588	0.647059	0.529412	0.382353	0.588235	0.470588	0.558824	0.636364	0.676471	0.354839	0.406250	0.529412	0.533333	0.617647	0.393939	0.424242	0.562500	0.470588	0.333333	0.483871	0.531250	
-nan	0.388889	0.454545	0.617647	0.625000	-nan	0.548387	0.333333	0.142857	0.484848	0.393939	0.428571	0.484848	0.424242	0.382353	0.500000	0.363636	0.500000	0.484848	0.483871	0.424242	0.437500	0.272727	0.588235	0.636364	0.451613	0.588235	0.515152	0.500000	0.424242	0.411765	0.558824	0.393939	0.382353	0.363636	0.500000	0.382353	0.468750	-nan	0.515152	0.411765	0.529412	0.529412	0.000000	0.566667	0.441176	0.531250	0.375000	0.521739	0.382353	0.500000	0.500000	0.411765	0.393939	0.484848	0.470588	0.406250	0.484848	0.470588	0.411765	0.352941	0.500000	0.529412	0.588235	0.441176	0.484848	0.441176	0.290323	0.406250	0.235294	0.566667	0.382353	0.303030	0.515152	0.406250	0.529412	0.454545	0.548387	0.468750	
-nan	0.470588	0.551724	0.533333	0.428571	-nan	0.296296	0.400000	0.428571	0.586207	0.482759	0.571429	0.482759	0.400000	0.600000	0.433333	0.700000	0.400000	0.448276	0.518519	0.689655	0.448276	0.466667	0.333333	0.551724	0.407407	0.533333	0.379310	0.500000	0.551724	0.400000	0.500000	0.241379	0.400000	0.379310	0.571429	0.566667	0.464286	-nan	0.551724	0.500000	0.500000	0.700000	0.566667	0.000000	0.466667	0.535714	0.464286	0.333333	0.500000	0.379310	0.500000	0.433333	0.413793	0.448276	0.366667	0.551724	0.517241	0.700000	0.433333	0.566667	0.566667	0.533333	0.500000	0.533333	0.482759	0.366667	0.703704	0.551724	0.433333	0.384615	0.466667	0.620690	0.482759	0.500000	0.466667	0.482759	0.407407	0.500000	
-nan	0.722222	0.545455	0.529412	0.562500	-nan	0.516129	0.500000	0.571429	0.424242	0.454545	0.571429	0.454545	0.303030	0.470588	0.411765	0.545455	0.411765	0.515152	0.645161	0.484848	0.468750	0.393939	0.382353	0.606061	0.516129	0.617647	0.484848	1.000000	0.333333	0.676471	0.529412	0.484848	0.588235	0.454545	0.531250	0.411765	0.562500	-nan	0.606061	0.441176	0.617647	0.500000	0.441176	0.466667	0.000000	0.437500	0.468750	0.521739	0.529412	0.593750	0.588235	0.500000	0.424242	0.454545	0.558824	0.531250	0.515152	0.500000	0.441176	0.500000	0.529412	0.500000	0.441176	0.588235	0.575758	0.470588	0.483871	0.375000	0.558824	0.433333	0.647059	0.393939	0.363636	0.437500	0.558824	0.424242	0.548387	0.437500	
-nan	0.687500	0.548387	0.468750	0.516129	-nan	0.379310	0.333333	0.333333	0.516129	0.290323	0.500000	0.483871	0.451613	0.593750	0.562500	0.300000	0.406250	0.593750	0.551724	0.483871	0.666667	0.516129	0.531250	0.612903	0.551724	0.531250	0.258065	1.000000	0.562500	0.593750	0.562500	0.516129	0.406250	0.451613	0.387097	0.343750	0.451613	-nan	0.531250	0.437500	0.250000	0.437500	0.531250	0.535714	0.437500	0.000000	0.566667	0.454545	0.468750	0.466667	0.562500	0.500000	0.483871	0.548387	0.406250	0.366667	0.580645	0.468750	0.500000	0.437500	0.406250	0.375000	0.500000	0.500000	0.483871	0.656250	0.413793	0.533333	0.406250	0.379310	0.500000	0.419355	0.580645	0.548387	0.625000	0.612903	0.413793	0.400000	
-nan	0.529412	0.468750	0.625000	0.400000	-nan	0.566667	0.333333	0.285714	0.548387	0.354839	0.714286	0.483871	0.548387	0.531250	0.375000	0.454545	0.437500	0.548387	0.482759	0.451613	0.466667	0.290323	0.437500	0.387097	0.413793	0.531250	0.548387	0.500000	0.387097	0.500000	0.500000	0.437500	0.500000	0.322581	0.516129	0.437500	0.633333	-nan	0.225806	0.406250	0.625000	0.625000	0.375000	0.464286	0.468750	0.566667	0.000000	0.636364	0.500000	0.533333	0.437500	0.531250	0.419355	0.343750	0.437500	0.500000	0.677419	0.375000	0.343750	0.343750	0.593750	0.500000	0.406250	0.531250	0.483871	0.375000	0.500000	0.666667	0.468750	0.535714	0.437500	0.500000	0.562500	0.566667	0.375000	0.451613	0.433333	0.300000	
-nan	0.500000	0.409091	0.478261	0.476190	-nan	0.200000	0.200000	0.666667	0.318182	0.454545	0.571429	0.409091	0.454545	0.565217	0.478261	0.375000	0.347826	0.434783	0.550000	0.363636	0.545455	0.318182	0.347826	0.545455	0.523810	0.347826	0.409091	0.500000	0.636364	0.521739	0.304348	0.478261	0.478261	0.409091	0.434783	0.347826	0.285714	-nan	0.391304	0.434783	0.391304	0.478261	0.521739	0.333333	0.521739	0.454545	0.636364	0.000000	0.347826	0.238095	0.565217	0.434783	0.363636	0.454545	0.391304	0.428571	0.521739	0.478261	0.521739	0.565217	0.478261	0.347826	0.478261	0.347826	0.409091	0.260870	0.571429	0.454545	0.391304	0.368421	0.478261	0.454545	0.478261	0.608696	0.434783	0.454545	0.380952	0.636364	
-nan	0.666667	0.424242	0.411765	0.406250	-nan	0.419355	0.166667	0.285714	0.454545	0.515152	0.142857	0.393939	0.454545	0.470588	0.411765	0.363636	0.470588	0.545455	0.322581	0.545455	0.531250	0.363636	0.500000	0.424242	0.419355	0.441176	0.424242	0.500000	0.636364	0.500000	0.470588	0.333333	0.529412	0.333333	0.343750	0.529412	0.500000	-nan	0.454545	0.264706	0.382353	0.500000	0.382353	0.500000	0.529412	0.468750	0.500000	0.347826	0.000000	0.562500	0.470588	0.558824	0.363636	0.454545	0.382353	0.500000	0.575758	0.441176	0.617647	0.382353	0.470588	0.558824	0.558824	0.235294	0.393939	0.470588	0.354839	0.468750	0.264706	0.566667	0.529412	0.575758	0.333333	0.468750	0.558824	0.393939	0.290323	0.562500	
-nan	0.444444	0.483871	0.562500	0.466667	-nan	0.413793	0.500000	0.428571	0.419355	0.483871	0.714286	0.451613	0.516129	0.531250	0.593750	0.727273	0.500000	0.483871	0.551724	0.451613	0.483871	0.516129	0.562500	0.516129	0.333333	0.375000	0.419355	0.500000	0.548387	0.437500	0.437500	0.483871	0.500000	0.516129	0.433333	0.468750	0.400000	-nan	0.548387	0.656250	0.375000	0.500000	0.500000	0.379310	0.593750	0.466667	0.533333	0.238095	0.562500	0.000000	0.500000	0.343750	0.548387	0.483871	0.468750	0.466667	0.548387	0.531250	0.562500	0.562500	0.468750	0.375000	0.468750	0.437500	0.612903	0.500000	0.586207	0.400000	0.625000	0.464286	0.312500	0.548387	0.580645	0.600000	0.375000	0.451613	0.448276	0.600000	
-nan	0.333333	0.545455	0.470588	0.375000	-nan	0.451613	0.833333	0.571429	0.606061	0.515152	0.857143	0.666667	0.606061	0.411765	0.411765	0.454545	0.470588	0.484848	0.516129	0.606061	0.500000	0.575758	0.676471	0.363636	0.451613	0.500000	0.575758	1.000000	0.484848	0.441176	0.647059	0.454545	0.352941	0.363636	0.531250	0.529412	0.593750	-nan	0.333333	0.500000	0.558824	0.441176	0.500000	0.500000	0.588235	0.562500	0.437500	0.565217	0.470588	0.500000	0.000000	0.441176	0.575758	0.515152	0.558824	0.375000	0.515152	0.558824	0.500000	0.382353	0.705882	0.500000	0.558824	0.470588	0.424242	0.470588	0.612903	0.625000	0.500000	0.433333	0.529412	0.515152	0.636364	0.468750	0.382353	0.515152	0.387097	0.562500	
-nan	0.555556	0.545455	0.558824	0.562500	-nan	0.354839	0.333333	0.714286	0.333333	0.333333	0.571429	0.393939	0.363636	0.500000	0.558824	0.363636	0.500000	0.484848	0.387097	0.484848	0.281250	0.393939	0.588235	0.454545	0.451613	0.411765	0.484848	1.000000	0.575758	0.411765	0.441176	0.393939	0.500000	0.454545	0.562500	0.382353	0.375000	-nan	0.575758	0.529412	0.470588	0.529412	0.411765	0.433333	0.500000	0.500000	0.531250	0.434783	0.558824	0.343750	0.441176	0.000000	0.484848	0.393939	0.529412	0.437500	0.484848	0.529412	0.470588	0.529412	0.441176	0.352941	0.411765	0.382353	0.606061	0.382353	0.516129	0.500000	0.529412	0.400000	0.264706	0.515152	0.454545	0.468750	0.411765	0.575758	0.419355	0.468750	
-nan	0.611111	0.406250	0.303030	0.612903	-nan	0.566667	0.166667	0.571429	0.562500	0.406250	0.571429	0.454545	0.375000	0.636364	0.515152	0.181818	0.393939	0.687500	0.516129	0.437500	0.516129	0.281250	0.393939	0.375000	0.466667	0.454545	0.424242	1.000000	0.531250	0.484848	0.393939	0.343750	0.575758	0.468750	0.516129	0.484848	0.419355	-nan	0.500000	0.272727	0.575758	0.575758	0.393939	0.413793	0.424242	0.483871	0.419355	0.363636	0.363636	0.548387	0.575758	0.484848	0.000000	0.406250	0.454545	0.406250	0.437500	0.363636	0.363636	0.454545	0.424242	0.515152	0.484848	0.454545	0.593750	0.393939	0.333333	0.419355	0.333333	0.620690	0.515152	0.500000	0.343750	0.419355	0.424242	0.531250	0.500000	0.419355	
-nan	0.588235	0.515152	0.545455	0.548387	-nan	0.387097	0.333333	0.428571	0.468750	0.531250	0.428571	0.437500	0.343750	0.515152	0.393939	0.454545	0.272727	0.656250	0.400000	0.375000	0.451613	0.468750	0.333333	0.437500	0.566667	0.515152	0.562500	0.500000	0.593750	0.515152	0.303030	0.406250	0.454545	0.375000	0.548387	0.393939	0.580645	-nan	0.437500	0.424242	0.575758	0.575758	0.484848	0.448276	0.454545	0.548387	0.343750	0.454545	0.454545	0.483871	0.515152	0.393939	0.406250	0.000000	0.606061	0.483871	0.468750	0.484848	0.515152	0.606061	0.424242	0.424242	0.393939	0.454545	0.500000	0.484848	0.483871	0.516129	0.545455	0.551724	0.424242	0.606061	0.406250	0.387097	0.363636	0.468750	0.290323	0.322581	
-nan	0.500000	0.575758	0.500000	0.375000	-nan	0.354839	0.000000	0.285714	0.545455	0.393939	0.285714	0.424242	0.515152	0.382353	0.500000	0.454545	0.617647	0.515152	0.548387	0.606061	0.562500	0.424242	0.411765	0.424242	0.258065	0.411765	0.272727	0.500000	0.454545	0.470588	0.558824	0.393939	0.382353	0.545455	0.468750	0.558824	0.468750	-nan	0.424242	0.411765	0.411765	0.647059	0.470588	0.366667	0.558824	0.406250	0.437500	0.391304	0.382353	0.468750	0.558824	0.529412	0.454545	0.606061	0.000000	0.437500	0.636364	0.470588	0.470588	0.470588	0.558824	0.352941	0.411765	0.382353	0.363636	0.382353	0.483871	0.437500	0.352941	0.300000	0.382353	0.424242	0.575758	0.562500	0.529412	0.424242	0.483871	0.593750	
-nan	0.444444	0.645161	0.406250	0.500000	-nan	0.448276	0.166667	0.285714	0.451613	0.419355	0.714286	0.593750	0.531250	0.437500	0.531250	0.181818	0.312500	0.548387	0.666667	0.516129	0.500000	0.437500	0.687500	0.419355	0.482759	0.468750	0.406250	1.000000	0.451613	0.562500	0.468750	0.387097	0.437500	0.451613	0.500000	0.500000	0.566667	-nan	0.451613	0.562500	0.406250	0.531250	0.406250	0.551724	0.531250	0.366667	0.500000	0.428571	0.500000	0.466667	0.375000	0.437500	0.406250	0.483871	0.437500	0.000000	0.419355	0.375000	0.531250	0.500000	0.562500	0.437500	0.531250	0.406250	0.451613	0.562500	0.482759	0.400000	0.406250	0.392857	0.406250	0.387097	0.612903	0.533333	0.312500	0.451613	0.517241	0.433333	
-nan	0.352941	0.500000	0.424242	0.677419	-nan	0.533333	0.500000	0.285714	0.531250	0.625000	0.571429	0.468750	0.531250	0.484848	0.454545	0.454545	0.545455	0.468750	0.500000	0.500000	0.437500	0.593750	0.575758	0.437500	0.566667	0.484848	0.531250	1.000000	0.468750	0.454545	0.424242	0.468750	0.545455	0.531250	0.612903	0.575758	0.419355	-nan	0.593750	0.484848	0.454545	0.454545	0.484848	0.517241	0.515152	0.580645	0.677419	0.521739	0.575758	0.548387	0.515152	0.484848	0.437500	0.468750	0.636364	0.419355	0.000000	0.424242	0.363636	0.666667	0.606061	0.484848	0.575758	0.454545	0.562500	0.575758	0.500000	0.419355	0.575758	0.482759	0.454545	0.375000	0.406250	0.354839	0.424242	0.531250	0.533333	0.500000	
