0.000000	0.354167	0.285714	0.379310	0.459016	0.380952	0.419355	0.325000	0.451613	0.346939	0.290323	0.400000	0.290323	0.387097	0.341463	0.349206	0.327869	0.344828	0.306452	0.365079	0.317460	0.451613	0.322581	0.383333	0.403226	0.306452	0.454545	0.349206	0.269841	0.428571	0.412698	0.349206	0.349206	0.360656	0.365079	0.349206	0.476190	0.380952	0.380952	0.290323	0.338710	0.285714	0.380952	0.327869	0.349206	0.360656	0.285714	0.349206	0.301587	0.269841	0.311475	0.301587	0.290323	0.380952	0.435484	0.349206	0.344262	0.269841	0.354839	0.412698	0.349206	0.412698	0.327869	0.333333	0.387097	0.322581	0.295082	0.403509	0.483871	0.365079	0.295082	0.354839	0.333333	0.435484	0.317460	
0.354167	0.000000	0.292829	0.298969	0.328600	0.309381	0.328000	0.334365	0.332000	0.296496	0.281690	0.289474	0.301230	0.331992	0.293413	0.294589	0.316103	0.278970	0.312749	0.316633	0.314000	0.270707	0.309524	0.297787	0.325397	0.298000	0.289256	0.302000	0.330595	0.329293	0.324701	0.350701	0.334000	0.331313	0.319444	0.299401	0.308333	0.288577	0.315261	0.335329	0.353414	0.323353	0.311340	0.321285	0.336032	0.298387	0.323529	0.321357	0.328571	0.315895	0.294589	0.306613	0.275100	0.320080	0.326000	0.300000	0.325866	0.338028	0.307847	0.289738	0.313646	0.296593	0.341365	0.317269	0.294000	0.308617	0.336016	0.303688	0.323293	0.308151	0.336673	0.338710	0.312000	0.297189	0.318637	
0.285714	0.292829	0.000000	0.314845	0.340323	0.298742	0.325228	0.327543	0.336391	0.317797	0.313196	0.302548	0.318255	0.297468	0.337130	0.314376	0.292913	0.321549	0.306604	0.307448	0.302362	0.309904	0.285266	0.303175	0.294671	0.290881	0.341935	0.277603	0.319355	0.304762	0.311321	0.344392	0.315956	0.323248	0.300469	0.305031	0.357616	0.327014	0.314286	0.317111	0.301738	0.292453	0.301459	0.288889	0.317965	0.290476	0.304425	0.302362	0.290064	0.303318	0.303318	0.312303	0.301262	0.291994	0.314961	0.283912	0.310789	0.310016	0.303797	0.296825	0.315200	0.312303	0.316456	0.319115	0.307087	0.306477	0.299525	0.350759	0.328051	0.329134	0.302839	0.324367	0.313291	0.311709	0.287520	
0.379310	0.298969	0.314845	0.000000	0.315526	0.274510	0.336449	0.322997	0.322581	0.295806	0.308581	0.287829	0.307563	0.288998	0.286396	0.302135	0.296900	0.290718	0.287113	0.309720	0.309329	0.302326	0.312704	0.289951	0.319739	0.318627	0.244898	0.265574	0.326633	0.301483	0.302288	0.307566	0.315271	0.323481	0.298701	0.285948	0.326531	0.334426	0.281713	0.269168	0.328969	0.299020	0.331650	0.316310	0.302980	0.303777	0.284926	0.301146	0.317804	0.285714	0.285948	0.289689	0.298851	0.303426	0.302288	0.299020	0.301003	0.300330	0.285714	0.309211	0.317276	0.295082	0.291803	0.283142	0.284314	0.296721	0.303130	0.281469	0.270936	0.325163	0.288052	0.323481	0.292282	0.256579	0.306557	
0.459016	0.328600	0.340323	0.315526	0.000000	0.318255	0.331230	0.314070	0.368254	0.333333	0.311582	0.320261	0.307947	0.308442	0.327869	0.316045	0.318770	0.313149	0.311290	0.299838	0.296774	0.304918	0.325843	0.308442	0.317230	0.321486	0.303448	0.313916	0.324503	0.320847	0.306947	0.346840	0.304207	0.319218	0.316212	0.335484	0.371622	0.305825	0.317590	0.337097	0.323052	0.311290	0.333887	0.294788	0.264274	0.320325	0.335145	0.300485	0.321839	0.314935	0.329564	0.330632	0.306321	0.328502	0.321486	0.316045	0.313531	0.335505	0.314425	0.315961	0.334975	0.321486	0.287805	0.307942	0.323625	0.320908	0.315447	0.323529	0.302439	0.337641	0.314425	0.328455	0.310065	0.293355	0.278768	
0.380952	0.309381	0.298742	0.274510	0.318255	0.000000	0.300912	0.346633	0.321981	0.323404	0.305732	0.284345	0.309061	0.293185	0.288330	0.310127	0.317035	0.290051	0.291339	0.309524	0.312303	0.328000	0.284591	0.281399	0.289308	0.304416	0.277419	0.289100	0.324717	0.317965	0.290221	0.315372	0.303797	0.299841	0.305643	0.312303	0.300654	0.321203	0.313196	0.275591	0.343899	0.314961	0.327922	0.295707	0.320635	0.308426	0.317940	0.310726	0.289389	0.304762	0.294304	0.291139	0.297940	0.316038	0.309148	0.319115	0.288710	0.291401	0.296825	0.316456	0.313002	0.312796	0.303175	0.311709	0.301738	0.311709	0.309524	0.316413	0.290476	0.323344	0.286392	0.307937	0.294770	0.291601	0.275316	
0.419355	0.328000	0.325228	0.336449	0.331230	0.300912	0.000000	0.341709	0.341040	0.336207	0.320122	0.305296	0.358255	0.320122	0.316964	0.300912	0.291793	0.282958	0.283988	0.295385	0.269113	0.334365	0.310030	0.324159	0.329305	0.314024	0.305882	0.314024	0.301538	0.315789	0.294833	0.346626	0.334347	0.299065	0.341390	0.315951	0.337349	0.336364	0.321101	0.328267	0.343558	0.320122	0.287975	0.312693	0.305556	0.273846	0.274306	0.304878	0.289720	0.302469	0.288754	0.277439	0.307692	0.307927	0.310030	0.294833	0.302469	0.320000	0.278287	0.260870	0.305296	0.298780	0.292308	0.321101	0.250765	0.319018	0.329268	0.334448	0.328221	0.323171	0.266871	0.306748	0.338415	0.300613	0.289634	
0.325000	0.334365	0.327543	0.322997	0.314070	0.346633	0.341709	0.000000	0.309859	0.311419	0.327456	0.278195	0.330769	0.346633	0.359848	0.339152	0.317618	0.307487	0.311111	0.316049	0.316832	0.323308	0.298765	0.342500	0.309406	0.306733	0.317757	0.281095	0.298469	0.299748	0.278607	0.309227	0.285000	0.357683	0.313580	0.329208	0.333333	0.325062	0.278894	0.307692	0.332500	0.300995	0.311054	0.326683	0.281013	0.265664	0.339130	0.311721	0.314070	0.313433	0.330000	0.276808	0.308271	0.297030	0.309227	0.314214	0.306905	0.310945	0.305000	0.283920	0.355330	0.310945	0.321696	0.284289	0.308458	0.363184	0.325000	0.312834	0.290323	0.323457	0.329177	0.323308	0.314214	0.302500	0.324190	
0.451613	0.332000	0.336391	0.322581	0.368254	0.321981	0.341040	0.309859	0.000000	0.314410	0.318885	0.321875	0.296178	0.361963	0.317992	0.372671	0.305556	0.316667	0.332317	0.312500	0.336420	0.341693	0.358896	0.367925	0.339450	0.335366	0.294118	0.333333	0.373041	0.347962	0.331269	0.347692	0.329193	0.310559	0.345566	0.307692	0.362319	0.320000	0.341615	0.314815	0.372671	0.375000	0.314103	0.334375	0.360502	0.321875	0.367273	0.342593	0.301587	0.305296	0.316770	0.310559	0.346749	0.375385	0.375385	0.322086	0.365931	0.277778	0.323988	0.313480	0.333333	0.348624	0.327103	0.309598	0.353846	0.356037	0.320988	0.328947	0.344720	0.360000	0.327160	0.320988	0.366460	0.324074	0.322981	
0.346939	0.296496	0.317797	0.295806	0.333333	0.323404	0.336207	0.311419	0.314410	0.000000	0.300000	0.265086	0.275711	0.329060	0.273556	0.320513	0.275053	0.308390	0.292373	0.261242	0.338983	0.323276	0.305085	0.312766	0.300211	0.292994	0.319588	0.282979	0.323851	0.316129	0.300847	0.326226	0.303609	0.336188	0.313684	0.310638	0.292035	0.306383	0.286017	0.292994	0.340426	0.307203	0.300000	0.324786	0.347732	0.339056	0.269767	0.292373	0.309524	0.326226	0.314103	0.305732	0.317021	0.301688	0.324841	0.295983	0.318083	0.283871	0.307036	0.337607	0.294372	0.295117	0.301282	0.300000	0.324841	0.334043	0.278373	0.289294	0.298507	0.323467	0.331915	0.311966	0.316239	0.282378	0.311441	
0.290323	0.281690	0.313196	0.308581	0.311582	0.305732	0.320122	0.327456	0.318885	0.300000	0.000000	0.302738	0.321370	0.298246	0.321839	0.299363	0.285486	0.296422	0.315873	0.282504	0.300955	0.328502	0.307937	0.316212	0.336508	0.287758	0.342282	0.297771	0.330619	0.293269	0.315287	0.307200	0.281150	0.311897	0.325949	0.329094	0.300000	0.266773	0.303371	0.295238	0.322169	0.307937	0.313115	0.333866	0.321027	0.274760	0.282143	0.297771	0.315447	0.294872	0.305112	0.294586	0.295527	0.304762	0.289348	0.281150	0.286645	0.321600	0.291866	0.301282	0.308562	0.284579	0.340256	0.304625	0.267091	0.309410	0.306090	0.291312	0.295527	0.298887	0.322169	0.313099	0.323200	0.306220	0.320574	
0.400000	0.289474	0.302548	0.287829	0.320261	0.284345	0.305296	0.278195	0.321875	0.265086	0.302738	0.000000	0.273770	0.308186	0.306265	0.288462	0.295527	0.315700	0.291866	0.297907	0.301917	0.291734	0.290938	0.307074	0.316375	0.266348	0.274510	0.298722	0.299509	0.297907	0.270701	0.312000	0.325321	0.302738	0.312698	0.280255	0.337748	0.307692	0.285024	0.325914	0.332800	0.296651	0.328947	0.292135	0.311897	0.288462	0.311270	0.309904	0.318699	0.283654	0.266773	0.306220	0.289600	0.294586	0.305112	0.302400	0.281046	0.285714	0.274038	0.315113	0.344156	0.291200	0.304000	0.322684	0.314195	0.348800	0.324759	0.323680	0.274038	0.326433	0.307200	0.293269	0.279294	0.283654	0.313600	
0.290323	0.301230	0.318255	0.307563	0.307947	0.309061	0.358255	0.330769	0.296178	0.275711	0.321370	0.273770	0.000000	0.304207	0.314554	0.325770	0.312804	0.325260	0.287561	0.307818	0.319871	0.325163	0.302738	0.295455	0.329032	0.306947	0.342105	0.289176	0.292562	0.294788	0.281553	0.331707	0.321429	0.289689	0.287781	0.316640	0.356164	0.283630	0.294309	0.311793	0.343089	0.309179	0.314476	0.307317	0.327896	0.336039	0.278986	0.300485	0.300826	0.307818	0.284091	0.303571	0.311183	0.305958	0.331179	0.291734	0.302479	0.318108	0.300325	0.301303	0.291118	0.302589	0.306818	0.319805	0.290113	0.314935	0.284553	0.280000	0.319805	0.311290	0.314935	0.323577	0.314935	0.294309	0.289644	
0.387097	0.331992	0.297468	0.288998	0.308442	0.293185	0.320122	0.346633	0.361963	0.329060	0.298246	0.308186	0.304207	0.000000	0.318078	0.297940	0.317460	0.325424	0.308057	0.295527	0.294304	0.303371	0.310726	0.289137	0.319115	0.316456	0.350649	0.299525	0.310680	0.320574	0.305864	0.280255	0.317965	0.308800	0.301887	0.305864	0.395973	0.297297	0.312600	0.295886	0.317965	0.308057	0.314845	0.308917	0.329073	0.332273	0.319073	0.310618	0.276699	0.299841	0.292528	0.305246	0.284579	0.317035	0.299051	0.295707	0.298217	0.329073	0.294118	0.295056	0.305466	0.299525	0.298246	0.310016	0.307448	0.290938	0.286624	0.285714	0.297771	0.329635	0.258730	0.313196	0.313694	0.310016	0.298887	
0.341463	0.293413	0.337130	0.286396	0.327869	0.288330	0.316964	0.359848	0.317992	0.273556	0.321839	0.306265	0.314554	0.318078	0.000000	0.281818	0.318078	0.336585	0.285388	0.291667	0.296804	0.296984	0.287016	0.271889	0.315193	0.295455	0.345794	0.292237	0.328638	0.321759	0.332574	0.337156	0.312785	0.303241	0.325000	0.315909	0.318681	0.325688	0.298611	0.305239	0.325740	0.320455	0.315421	0.310345	0.317972	0.335632	0.340153	0.300905	0.306792	0.321016	0.291284	0.305936	0.297483	0.325792	0.306818	0.289294	0.310023	0.294253	0.299087	0.324138	0.300926	0.321918	0.304348	0.310502	0.293182	0.284738	0.338710	0.303178	0.314943	0.356979	0.292237	0.313501	0.344037	0.307339	0.285388	
0.349206	0.294589	0.314376	0.302135	0.316045	0.310127	0.300912	0.339152	0.372671	0.320513	0.299363	0.288462	0.325770	0.297940	0.281818	0.000000	0.318542	0.313029	0.306477	0.315789	0.296998	0.312000	0.318612	0.293461	0.315457	0.319620	0.289474	0.284810	0.329564	0.325914	0.290679	0.340223	0.328051	0.273600	0.322327	0.303318	0.263158	0.320127	0.298246	0.323855	0.325397	0.302839	0.320325	0.313196	0.311005	0.310016	0.344583	0.289100	0.285484	0.284127	0.290476	0.292063	0.288889	0.330709	0.302215	0.326984	0.276699	0.331738	0.285714	0.305732	0.292135	0.287975	0.300477	0.326466	0.294304	0.301109	0.308917	0.341256	0.307937	0.319620	0.312203	0.313196	0.312203	0.320127	0.292063	
0.327869	0.316103	0.292913	0.296900	0.318770	0.317035	0.291793	0.317618	0.305556	0.275053	0.285486	0.295527	0.312804	0.317460	0.318078	0.318542	0.000000	0.306914	0.272871	0.298887	0.312796	0.330128	0.283465	0.302548	0.305031	0.285940	0.335484	0.287520	0.321486	0.324841	0.290221	0.295238	0.284810	0.312600	0.317111	0.304897	0.380000	0.282092	0.318471	0.269716	0.314286	0.305994	0.301948	0.305732	0.330671	0.281847	0.281139	0.301738	0.288245	0.289348	0.283677	0.296355	0.312698	0.316535	0.306477	0.283228	0.315024	0.297297	0.282989	0.305732	0.290530	0.270570	0.298887	0.301109	0.291139	0.332805	0.319555	0.277496	0.294118	0.306477	0.310618	0.322734	0.328051	0.295238	0.293185	
0.344828	0.278970	0.321549	0.290718	0.313149	0.290051	0.282958	0.307487	0.316667	0.308390	0.296422	0.315700	0.325260	0.325424	0.336585	0.313029	0.306914	0.000000	0.301347	0.314626	0.313659	0.326496	0.302521	0.318027	0.322689	0.325464	0.333333	0.308081	0.312608	0.324830	0.305369	0.333333	0.332770	0.312287	0.309883	0.318718	0.369565	0.305743	0.310169	0.313131	0.345763	0.313131	0.315517	0.324278	0.310051	0.303905	0.307400	0.286195	0.306897	0.302207	0.296108	0.298986	0.272420	0.312605	0.335582	0.322635	0.343103	0.312925	0.296610	0.283531	0.301370	0.315346	0.308475	0.320946	0.298986	0.315878	0.313029	0.307971	0.319185	0.303541	0.312500	0.331641	0.332203	0.302876	0.291032	
0.306452	0.312749	0.306604	0.287113	0.311290	0.291339	0.283988	0.311111	0.332317	0.292373	0.315873	0.291866	0.287561	0.308057	0.285388	0.306477	0.272871	0.301347	0.000000	0.303175	0.294488	0.303514	0.263736	0.276190	0.284144	0.320755	0.277419	0.276025	0.329032	0.300000	0.285039	0.289557	0.287520	0.300477	0.303125	0.285039	0.357616	0.292259	0.269414	0.273585	0.284360	0.292453	0.307942	0.280952	0.283439	0.303175	0.290780	0.280315	0.274478	0.286846	0.274882	0.255924	0.299051	0.285714	0.281890	0.285940	0.291465	0.319048	0.282092	0.276190	0.304487	0.283912	0.277338	0.308057	0.296063	0.285940	0.277338	0.292230	0.269414	0.297638	0.304897	0.283228	0.291139	0.311709	0.268562	
0.365079	0.316633	0.307448	0.309720	0.299838	0.309524	0.295385	0.316049	0.312500	0.261242	0.282504	0.297907	0.307818	0.295527	0.291667	0.315789	0.298887	0.314626	0.303175	0.000000	0.277778	0.323151	0.293185	0.312000	0.332805	0.262321	0.280000	0.283439	0.288274	0.318910	0.292528	0.300319	0.290271	0.339228	0.312796	0.319555	0.360000	0.280702	0.286400	0.268254	0.298722	0.325397	0.318108	0.299200	0.299035	0.304487	0.300537	0.289348	0.303226	0.289137	0.291866	0.295056	0.292332	0.304279	0.321145	0.289809	0.297561	0.292135	0.282748	0.313600	0.312298	0.291401	0.283200	0.287081	0.302548	0.317384	0.280000	0.308874	0.277955	0.320635	0.312600	0.318400	0.344498	0.285486	0.304625	
0.317460	0.314000	0.302362	0.309329	0.296774	0.312303	0.269113	0.316832	0.336420	0.338983	0.300955	0.301917	0.319871	0.294304	0.296804	0.296998	0.312796	0.313659	0.294488	0.277778	0.000000	0.313600	0.296703	0.292528	0.300314	0.288644	0.335484	0.309637	0.300000	0.307937	0.285489	0.299525	0.313291	0.301435	0.304075	0.302839	0.326667	0.303797	0.294118	0.303937	0.334390	0.310236	0.318182	0.295707	0.283439	0.319555	0.301954	0.280315	0.281350	0.299525	0.306962	0.289557	0.283677	0.251177	0.281890	0.281646	0.285484	0.283439	0.293651	0.271860	0.309791	0.289100	0.330159	0.295886	0.279621	0.292722	0.295238	0.296108	0.305864	0.312303	0.287975	0.314286	0.313788	0.278922	0.289557	
0.451613	0.270707	0.309904	0.302326	0.304918	0.328000	0.334365	0.323308	0.341693	0.323276	0.328502	0.291734	0.325163	0.303371	0.296984	0.312000	0.330128	0.326496	0.303514	0.323151	0.313600	0.000000	0.283892	0.304348	0.320574	0.297125	0.357143	0.302885	0.321370	0.309677	0.297125	0.329582	0.332263	0.317152	0.316375	0.316294	0.322148	0.282504	0.294686	0.314696	0.291667	0.316294	0.328947	0.321543	0.306947	0.315620	0.327928	0.286400	0.325163	0.289855	0.314607	0.321027	0.313505	0.321656	0.295527	0.274478	0.300654	0.311793	0.269663	0.309179	0.313821	0.314103	0.282051	0.333868	0.289137	0.302885	0.312399	0.317869	0.300643	0.300319	0.306090	0.314010	0.310897	0.290530	0.311396	
0.322581	0.309524	0.285266	0.312704	0.325843	0.284591	0.310030	0.298765	0.358896	0.305085	0.307937	0.290938	0.302738	0.310726	0.287016	0.318612	0.283465	0.302521	0.263736	0.293185	0.296703	0.283892	0.000000	0.300633	0.283699	0.278302	0.333333	0.270866	0.326367	0.307448	0.259434	0.311216	0.317035	0.317460	0.295312	0.300314	0.317881	0.291798	0.299525	0.284144	0.298578	0.281005	0.322006	0.309033	0.278219	0.278481	0.305654	0.294025	0.308186	0.294304	0.278740	0.293375	0.294953	0.291080	0.320251	0.307571	0.310289	0.311111	0.287975	0.294770	0.291200	0.286614	0.297468	0.331230	0.310236	0.301262	0.287975	0.317032	0.310127	0.289308	0.307571	0.295886	0.320695	0.284360	0.302839	
0.383333	0.297787	0.303175	0.289951	0.308442	0.281399	0.324159	0.342500	0.367925	0.312766	0.316212	0.307074	0.295455	0.289137	0.271889	0.293461	0.302548	0.318027	0.276190	0.312000	0.292528	0.304348	0.300633	0.000000	0.312203	0.337043	0.337748	0.270270	0.311075	0.314103	0.279809	0.322684	0.293461	0.288925	0.322275	0.303657	0.340000	0.315789	0.304000	0.318038	0.329073	0.317460	0.284779	0.284345	0.303371	0.298722	0.301248	0.289348	0.288961	0.286400	0.305732	0.293461	0.303030	0.301109	0.303175	0.286624	0.291057	0.301282	0.306709	0.298077	0.322006	0.307325	0.297125	0.317384	0.277070	0.278662	0.320000	0.294719	0.291866	0.334921	0.285486	0.299200	0.306220	0.295527	0.269537	
0.403226	0.325397	0.294671	0.319739	0.317230	0.289308	0.329305	0.309406	0.339450	0.300211	0.336508	0.316375	0.329032	0.319115	0.315193	0.315457	0.305031	0.322689	0.284144	0.332805	0.300314	0.320574	0.283699	0.312203	0.000000	0.295133	0.354839	0.285039	0.314010	0.323296	0.312402	0.302839	0.307571	0.329094	0.315625	0.304553	0.328947	0.309148	0.310618	0.308777	0.332808	0.273155	0.312298	0.324881	0.309524	0.318542	0.320354	0.309748	0.298077	0.303318	0.324921	0.299213	0.309148	0.315047	0.314465	0.310726	0.337621	0.293651	0.303318	0.293185	0.313600	0.307087	0.281201	0.310726	0.312893	0.323344	0.302215	0.326599	0.303797	0.347484	0.310726	0.320189	0.322275	0.292259	0.294953	
0.306452	0.298000	0.290881	0.318627	0.321486	0.304416	0.314024	0.306733	0.335366	0.292994	0.287758	0.266348	0.306947	0.316456	0.295455	0.319620	0.285940	0.325464	0.320755	0.262321	0.288644	0.297125	0.278302	0.337043	0.295133	0.000000	0.256410	0.278041	0.315024	0.292528	0.308661	0.293839	0.305380	0.315287	0.309859	0.306604	0.333333	0.261076	0.309524	0.284591	0.313880	0.290424	0.305195	0.304762	0.281847	0.297297	0.294326	0.301262	0.307074	0.302694	0.280063	0.319115	0.297468	0.323899	0.317610	0.289557	0.287097	0.306836	0.292722	0.300477	0.280449	0.276025	0.278481	0.308544	0.309748	0.302215	0.301587	0.295110	0.312698	0.317035	0.281201	0.303797	0.304279	0.296355	0.297468	
0.454545	0.289256	0.341935	0.244898	0.303448	0.277419	0.305882	0.317757	0.294118	0.319588	0.342282	0.274510	0.342105	0.350649	0.345794	0.289474	0.335484	0.333333	0.277419	0.280000	0.335484	0.357143	0.333333	0.337748	0.354839	0.256410	0.000000	0.294118	0.340000	0.378378	0.348387	0.269231	0.322368	0.328947	0.374194	0.320261	0.450000	0.352564	0.316129	0.269737	0.370130	0.311688	0.284768	0.326797	0.320261	0.306667	0.275362	0.337662	0.297297	0.296053	0.313725	0.322368	0.302632	0.346154	0.277419	0.294118	0.287582	0.271523	0.322368	0.285714	0.313725	0.305195	0.292208	0.322368	0.300654	0.350649	0.269737	0.283688	0.324503	0.341935	0.298701	0.274510	0.269737	0.302632	0.307190	
0.349206	0.302000	0.277603	0.265574	0.313916	0.289100	0.314024	0.281095	0.333333	0.282979	0.297771	0.298722	0.289176	0.299525	0.292237	0.284810	0.287520	0.308081	0.276025	0.283439	0.309637	0.302885	0.270866	0.270270	0.285039	0.278041	0.294118	0.000000	0.277868	0.257552	0.261830	0.280507	0.270998	0.292332	0.321821	0.312796	0.333333	0.281646	0.268254	0.258268	0.293651	0.278740	0.287338	0.310016	0.286624	0.293651	0.278863	0.285489	0.293548	0.275040	0.292722	0.293185	0.291601	0.278740	0.287520	0.297940	0.298387	0.263911	0.284127	0.297297	0.306581	0.277603	0.262321	0.307448	0.276899	0.262658	0.276630	0.275804	0.290476	0.323855	0.294770	0.288889	0.285261	0.291139	0.274168	
0.269841	0.330595	0.319355	0.326633	0.324503	0.324717	0.301538	0.298469	0.373041	0.323851	0.330619	0.299509	0.292562	0.310680	0.328638	0.329564	0.321486	0.312608	0.329032	0.288274	0.300000	0.321370	0.326367	0.311075	0.314010	0.315024	0.340000	0.277868	0.000000	0.315447	0.316129	0.332792	0.327391	0.313214	0.330658	0.317742	0.335570	0.312804	0.322476	0.301613	0.304700	0.323671	0.308970	0.300813	0.286645	0.307317	0.310909	0.297254	0.308581	0.321951	0.319287	0.293355	0.296596	0.317817	0.309677	0.320908	0.318482	0.312704	0.305195	0.321951	0.320197	0.290792	0.319805	0.299838	0.306947	0.338188	0.318699	0.337955	0.310065	0.339257	0.317666	0.324675	0.335494	0.334416	0.291734	
0.428571	0.329293	0.304762	0.301483	0.320847	0.317965	0.315789	0.299748	0.347962	0.316129	0.293269	0.297907	0.294788	0.320574	0.321759	0.325914	0.324841	0.324830	0.300000	0.318910	0.307937	0.309677	0.307448	0.314103	0.323296	0.292528	0.378378	0.257552	0.315447	0.000000	0.292528	0.306709	0.295056	0.296950	0.320189	0.330684	0.294118	0.299363	0.280449	0.293651	0.328549	0.299525	0.314239	0.307200	0.296950	0.313600	0.295170	0.311606	0.320908	0.323764	0.294586	0.301435	0.309410	0.318542	0.285714	0.293461	0.286179	0.306090	0.301435	0.320000	0.298387	0.290938	0.305112	0.295056	0.300955	0.299841	0.278400	0.328790	0.290735	0.306836	0.322169	0.319489	0.313099	0.329073	0.312600	
0.412698	0.324701	0.311321	0.302288	0.306947	0.290221	0.294833	0.278607	0.331269	0.300847	0.315287	0.270701	0.281553	0.305864	0.332574	0.290679	0.290221	0.305369	0.285039	0.292528	0.285489	0.297125	0.259434	0.279809	0.312402	0.308661	0.348387	0.261830	0.316129	0.292528	0.000000	0.314376	0.298578	0.288676	0.288401	0.311321	0.309211	0.291139	0.265079	0.300314	0.304897	0.275591	0.303716	0.289348	0.280255	0.282989	0.289520	0.280757	0.284566	0.286846	0.295886	0.274448	0.300633	0.302983	0.291798	0.295419	0.282258	0.287758	0.292722	0.271429	0.297600	0.279180	0.273302	0.304897	0.292913	0.313880	0.269841	0.306914	0.269841	0.329653	0.300158	0.286846	0.299051	0.275316	0.310127	
0.349206	0.350701	0.344392	0.307566	0.346840	0.315372	0.346626	0.309227	0.347692	0.326226	0.307200	0.312000	0.331707	0.280255	0.337156	0.340223	0.295238	0.333333	0.289557	0.300319	0.299525	0.329582	0.311216	0.322684	0.302839	0.293839	0.269231	0.280507	0.332792	0.306709	0.314376	0.000000	0.292528	0.330128	0.308661	0.311709	0.331126	0.288889	0.299841	0.304897	0.330684	0.311216	0.289902	0.323248	0.334400	0.314696	0.314286	0.309033	0.331179	0.275478	0.305246	0.307937	0.317965	0.317536	0.297468	0.297297	0.298217	0.303030	0.304140	0.297125	0.320451	0.299051	0.285032	0.330684	0.288431	0.304762	0.279107	0.294416	0.299841	0.324367	0.287302	0.328025	0.299363	0.325914	0.327504	
0.349206	0.334000	0.315956	0.315271	0.304207	0.303797	0.334347	0.285000	0.329193	0.303609	0.281150	0.325321	0.321429	0.317965	0.312785	0.328051	0.284810	0.332770	0.287520	0.290271	0.313291	0.332263	0.317035	0.293461	0.307571	0.305380	0.322368	0.270998	0.327391	0.295056	0.298578	0.292528	0.000000	0.286400	0.353774	0.315956	0.346667	0.276190	0.304625	0.301738	0.289348	0.308057	0.310065	0.309410	0.286400	0.291401	0.317291	0.315956	0.282258	0.307325	0.296825	0.292063	0.311606	0.318612	0.299051	0.280952	0.310680	0.302548	0.269108	0.306220	0.313505	0.278922	0.296178	0.294770	0.299525	0.322222	0.304140	0.281834	0.304140	0.314873	0.323810	0.329618	0.317460	0.297297	0.309524	
0.360656	0.331313	0.323248	0.323481	0.319218	0.299841	0.299065	0.357683	0.310559	0.336188	0.311897	0.302738	0.289689	0.308800	0.303241	0.273600	0.312600	0.312287	0.300477	0.339228	0.301435	0.317152	0.317460	0.288925	0.329094	0.315287	0.328947	0.292332	0.313214	0.296950	0.288676	0.330128	0.286400	0.000000	0.321203	0.308917	0.306122	0.306709	0.306581	0.313196	0.321656	0.296178	0.316913	0.300161	0.333871	0.309295	0.313059	0.292994	0.299187	0.296474	0.295056	0.293930	0.332800	0.279809	0.305732	0.303514	0.278502	0.299035	0.291667	0.321543	0.309061	0.291866	0.301917	0.304625	0.273885	0.264753	0.343499	0.315162	0.299200	0.321656	0.305600	0.299200	0.306090	0.308800	0.291866	
0.365079	0.319444	0.300469	0.298701	0.316212	0.305643	0.341390	0.313580	0.345566	0.313684	0.325949	0.312698	0.287781	0.301887	0.325000	0.322327	0.317111	0.309883	0.303125	0.312796	0.304075	0.316375	0.295312	0.322275	0.315625	0.309859	0.374194	0.321821	0.330658	0.320189	0.288401	0.308661	0.353774	0.321203	0.000000	0.300940	0.289474	0.322327	0.296530	0.333333	0.342767	0.309859	0.348387	0.308057	0.310618	0.319115	0.299824	0.297806	0.297600	0.315457	0.287736	0.287736	0.302362	0.306250	0.304075	0.323899	0.285256	0.332278	0.296530	0.273302	0.318979	0.304553	0.304416	0.325472	0.322884	0.316038	0.304416	0.327731	0.317035	0.322884	0.319182	0.337008	0.332283	0.296063	0.301887	
0.349206	0.299401	0.305031	0.285948	0.335484	0.312303	0.315951	0.329208	0.307692	0.310638	0.329094	0.280255	0.316640	0.305864	0.315909	0.303318	0.304897	0.318718	0.285039	0.319555	0.302839	0.316294	0.300314	0.303657	0.304553	0.306604	0.320261	0.312796	0.317742	0.330684	0.311321	0.311709	0.315956	0.308917	0.300940	0.000000	0.313725	0.321203	0.314785	0.312402	0.308661	0.324409	0.332253	0.334921	0.312102	0.285261	0.317376	0.312303	0.290997	0.301109	0.275316	0.293375	0.311216	0.315542	0.323344	0.310127	0.320968	0.317460	0.286846	0.298887	0.279294	0.298578	0.317536	0.298578	0.323899	0.323344	0.315873	0.303030	0.321712	0.321260	0.294304	0.303797	0.329114	0.307448	0.306477	
0.476190	0.308333	0.357616	0.326531	0.371622	0.300654	0.337349	0.333333	0.362319	0.292035	0.300000	0.337748	0.356164	0.395973	0.318681	0.263158	0.380000	0.369565	0.357616	0.360000	0.326667	0.322148	0.317881	0.340000	0.328947	0.333333	0.450000	0.333333	0.335570	0.294118	0.309211	0.331126	0.346667	0.306122	0.289474	0.313725	0.000000	0.384106	0.342282	0.300000	0.413333	0.342105	0.345070	0.328859	0.320000	0.293333	0.403101	0.284768	0.340000	0.331126	0.344595	0.298013	0.407895	0.368421	0.317881	0.328947	0.312500	0.357616	0.317881	0.333333	0.299320	0.331126	0.380000	0.322368	0.313333	0.300654	0.353333	0.340278	0.320000	0.392157	0.335570	0.377483	0.360000	0.346667	0.348993	
0.380952	0.288577	0.327014	0.334426	0.305825	0.321203	0.336364	0.325062	0.320000	0.306383	0.266773	0.307692	0.283630	0.297297	0.325688	0.320127	0.282092	0.305743	0.292259	0.280702	0.303797	0.282504	0.291798	0.315789	0.309148	0.261076	0.352564	0.281646	0.312804	0.299363	0.291139	0.288889	0.276190	0.306709	0.322327	0.321203	0.384106	0.000000	0.299363	0.300158	0.312698	0.292259	0.319218	0.329618	0.297600	0.304140	0.302491	0.306477	0.312903	0.303175	0.305380	0.311111	0.311606	0.301262	0.315956	0.292063	0.294023	0.325879	0.295238	0.311005	0.303859	0.290016	0.322734	0.292063	0.288431	0.312698	0.262739	0.301695	0.308426	0.303318	0.309524	0.351911	0.327504	0.295238	0.328571	
0.380952	0.315261	0.314286	0.281713	0.317590	0.313196	0.321101	0.278894	0.341615	0.286017	0.303371	0.285024	0.294309	0.312600	0.298611	0.298246	0.318471	0.310169	0.269414	0.286400	0.294118	0.294686	0.299525	0.304000	0.310618	0.309524	0.316129	0.268254	0.322476	0.280449	0.265079	0.299841	0.304625	0.306581	0.296530	0.314785	0.342282	0.299363	0.000000	0.298413	0.320574	0.280952	0.303922	0.291667	0.316720	0.312000	0.301248	0.290476	0.290584	0.291200	0.307815	0.274322	0.309904	0.299525	0.302067	0.291866	0.295455	0.292135	0.291200	0.280449	0.296117	0.302067	0.281600	0.301435	0.282989	0.277070	0.273600	0.299830	0.265176	0.293651	0.306220	0.293930	0.285486	0.288676	0.314195	
0.290323	0.335329	0.317111	0.269168	0.337097	0.275591	0.328267	0.307692	0.314815	0.292994	0.295238	0.325914	0.311793	0.295886	0.305239	0.323855	0.269716	0.313131	0.273585	0.268254	0.303937	0.314696	0.284144	0.318038	0.308777	0.284591	0.269737	0.258268	0.301613	0.293651	0.300314	0.304897	0.301738	0.313196	0.333333	0.312402	0.300000	0.300158	0.298413	0.000000	0.318612	0.283019	0.317666	0.284810	0.298887	0.305864	0.286726	0.292913	0.287319	0.267405	0.305994	0.299213	0.282780	0.309262	0.307087	0.282780	0.320451	0.319048	0.283228	0.307937	0.298077	0.285489	0.300158	0.310726	0.295597	0.323344	0.290016	0.262626	0.281201	0.323899	0.301738	0.295419	0.330696	0.299051	0.293375	
0.338710	0.353414	0.301738	0.328969	0.323052	0.343899	0.343558	0.332500	0.372671	0.340426	0.322169	0.332800	0.343089	0.317965	0.325740	0.325397	0.314286	0.345763	0.284360	0.298722	0.334390	0.291667	0.298578	0.329073	0.332808	0.313880	0.370130	0.293651	0.304700	0.328549	0.304897	0.330684	0.289348	0.321656	0.342767	0.308661	0.413333	0.312698	0.320574	0.318612	0.000000	0.325949	0.327362	0.346093	0.316800	0.334395	0.336299	0.325949	0.330645	0.302067	0.288889	0.297940	0.296825	0.318612	0.300158	0.312698	0.341977	0.343450	0.311111	0.313099	0.338164	0.282540	0.321203	0.315873	0.321260	0.315372	0.309410	0.329392	0.300955	0.308544	0.314785	0.330159	0.338633	0.332803	0.337025	
0.285714	0.323353	0.292453	0.299020	0.311290	0.314961	0.320122	0.300995	0.375000	0.307203	0.307937	0.296651	0.309179	0.308057	0.320455	0.302839	0.305994	0.313131	0.292453	0.325397	0.310236	0.316294	0.281005	0.317460	0.273155	0.290424	0.311688	0.278740	0.323671	0.299525	0.275591	0.311216	0.308057	0.296178	0.309859	0.324409	0.342105	0.292259	0.280952	0.283019	0.325949	0.000000	0.306321	0.302215	0.305246	0.312203	0.289753	0.313386	0.281350	0.280507	0.298578	0.298578	0.302839	0.282575	0.308176	0.301738	0.312399	0.307448	0.303797	0.307448	0.314696	0.298742	0.297940	0.304897	0.287066	0.292259	0.311709	0.325464	0.335443	0.291339	0.328076	0.313291	0.284810	0.306962	0.293839	
0.380952	0.311340	0.301459	0.331650	0.333887	0.327922	0.287975	0.311054	0.314103	0.300000	0.313115	0.328947	0.314476	0.314845	0.315421	0.320325	0.301948	0.315517	0.307942	0.318108	0.318182	0.328947	0.322006	0.284779	0.312298	0.305195	0.284768	0.287338	0.308970	0.314239	0.303716	0.289902	0.310065	0.316913	0.348387	0.332253	0.345070	0.319218	0.303922	0.317666	0.327362	0.306321	0.000000	0.305556	0.326765	0.312092	0.312727	0.285714	0.311774	0.328431	0.345277	0.314332	0.275693	0.319871	0.355519	0.314332	0.325581	0.297872	0.308824	0.306056	0.319605	0.298701	0.305057	0.299674	0.311688	0.339286	0.267974	0.340870	0.313725	0.340909	0.302932	0.353420	0.345277	0.328990	0.301303	
0.327869	0.321285	0.288889	0.316310	0.294788	0.295707	0.312693	0.326683	0.334375	0.324786	0.333866	0.292135	0.307317	0.308917	0.310345	0.313196	0.305732	0.324278	0.280952	0.299200	0.295707	0.321543	0.309033	0.284345	0.324881	0.304762	0.326797	0.310016	0.300813	0.307200	0.289348	0.323248	0.309410	0.300161	0.308057	0.334921	0.328859	0.329618	0.291667	0.284810	0.346093	0.302215	0.305556	0.000000	0.294872	0.307325	0.310160	0.302067	0.288961	0.323200	0.309410	0.302548	0.296651	0.301109	0.290476	0.298246	0.294309	0.315789	0.285032	0.282748	0.304839	0.288889	0.301435	0.312102	0.295707	0.304140	0.321600	0.346350	0.291401	0.335443	0.314785	0.305732	0.303514	0.315789	0.297771	
0.349206	0.336032	0.317965	0.302980	0.264274	0.320635	0.305556	0.281013	0.360502	0.347732	0.321027	0.311897	0.327896	0.329073	0.317972	0.311005	0.330671	0.310051	0.283439	0.299035	0.283439	0.306947	0.278219	0.303371	0.309524	0.281847	0.320261	0.286624	0.286645	0.296950	0.280255	0.334400	0.286400	0.333871	0.310618	0.312102	0.320000	0.297600	0.316720	0.298887	0.316800	0.305246	0.326765	0.294872	0.000000	0.306090	0.296959	0.299363	0.287805	0.308800	0.290735	0.292332	0.309904	0.327504	0.296651	0.308800	0.278956	0.314607	0.299841	0.293930	0.318770	0.287081	0.299679	0.313600	0.304625	0.310400	0.306581	0.326496	0.318910	0.318979	0.279553	0.337600	0.338141	0.329073	0.286400	
0.360656	0.298387	0.290476	0.303777	0.320325	0.308426	0.273846	0.265664	0.321875	0.339056	0.274760	0.288462	0.336039	0.332273	0.335632	0.310016	0.281847	0.303905	0.303175	0.304487	0.319555	0.315620	0.278481	0.298722	0.318542	0.297297	0.306667	0.293651	0.307317	0.313600	0.282989	0.314696	0.291401	0.309295	0.319115	0.285261	0.293333	0.304140	0.312000	0.305864	0.334395	0.312203	0.312092	0.307325	0.306090	0.000000	0.321429	0.304762	0.314425	0.287540	0.299363	0.305732	0.313196	0.296355	0.302067	0.288676	0.292208	0.332800	0.298246	0.284800	0.330645	0.289348	0.317384	0.299363	0.313196	0.339172	0.311502	0.320883	0.289809	0.306349	0.294586	0.333333	0.332268	0.301435	0.297771	
0.285714	0.323529	0.304425	0.284926	0.335145	0.317940	0.274306	0.339130	0.367273	0.269767	0.282143	0.311270	0.278986	0.319073	0.340153	0.344583	0.281139	0.307400	0.290780	0.300537	0.301954	0.327928	0.305654	0.301248	0.320354	0.294326	0.275362	0.278863	0.310909	0.295170	0.289520	0.314286	0.317291	0.313059	0.299824	0.317376	0.403101	0.302491	0.301248	0.286726	0.336299	0.289753	0.312727	0.310160	0.296959	0.321429	0.000000	0.294326	0.283906	0.319643	0.260250	0.319716	0.288256	0.316814	0.269982	0.293594	0.292727	0.341682	0.331551	0.313725	0.295495	0.309059	0.280357	0.333925	0.293073	0.300712	0.276786	0.290631	0.327402	0.317376	0.311388	0.311943	0.326786	0.295900	0.300885	
0.349206	0.321357	0.302362	0.301146	0.300485	0.310726	0.304878	0.311721	0.342593	0.292373	0.297771	0.309904	0.300485	0.310618	0.300905	0.289100	0.301738	0.286195	0.280315	0.289348	0.280315	0.286400	0.294025	0.289348	0.309748	0.301262	0.337662	0.285489	0.297254	0.311606	0.280757	0.309033	0.315956	0.292994	0.297806	0.312303	0.284768	0.306477	0.290476	0.292913	0.325949	0.313386	0.285714	0.302067	0.299363	0.304762	0.294326	0.000000	0.316720	0.301587	0.306962	0.297468	0.282092	0.286164	0.301262	0.302215	0.280193	0.308917	0.304762	0.317460	0.287319	0.308057	0.309524	0.301738	0.271722	0.295886	0.273016	0.307953	0.312698	0.312303	0.300633	0.338095	0.359177	0.291139	0.311216	
0.301587	0.328571	0.290064	0.317804	0.321839	0.289389	0.289720	0.314070	0.301587	0.309524	0.315447	0.318699	0.300826	0.276699	0.306792	0.285484	0.288245	0.306897	0.274478	0.303226	0.281350	0.325163	0.308186	0.288961	0.298077	0.307074	0.297297	0.293548	0.308581	0.320908	0.284566	0.331179	0.282258	0.299187	0.297600	0.290997	0.340000	0.312903	0.290584	0.287319	0.330645	0.281350	0.311774	0.288961	0.287805	0.314425	0.283906	0.316720	0.000000	0.293076	0.290323	0.301613	0.303716	0.304976	0.290997	0.291935	0.294408	0.281301	0.298387	0.292208	0.299509	0.288245	0.260097	0.288710	0.283414	0.281099	0.294976	0.314974	0.322006	0.310789	0.276252	0.300971	0.297254	0.287561	0.295161	
0.269841	0.315895	0.303318	0.285714	0.314935	0.304762	0.302469	0.313433	0.305296	0.326226	0.294872	0.283654	0.307818	0.299841	0.321016	0.284127	0.289348	0.302207	0.286846	0.289137	0.299525	0.289855	0.294304	0.286400	0.303318	0.302694	0.296053	0.275040	0.321951	0.323764	0.286846	0.275478	0.307325	0.296474	0.315457	0.301109	0.331126	0.303175	0.291200	0.267405	0.302067	0.280507	0.328431	0.323200	0.308800	0.287540	0.319643	0.301587	0.293076	0.000000	0.300477	0.295707	0.296178	0.337025	0.318542	0.300955	0.300325	0.326923	0.310016	0.270400	0.296296	0.294118	0.286624	0.318471	0.284127	0.302548	0.293930	0.293919	0.326433	0.312698	0.310016	0.306220	0.315789	0.289348	0.308917	
0.311475	0.294589	0.303318	0.285948	0.329564	0.294304	0.288754	0.330000	0.316770	0.314103	0.305112	0.266773	0.284091	0.292528	0.291284	0.290476	0.283677	0.296108	0.274882	0.291866	0.306962	0.314607	0.278740	0.305732	0.324921	0.280063	0.313725	0.292722	0.319287	0.294586	0.295886	0.305246	0.296825	0.295056	0.287736	0.275316	0.344595	0.305380	0.307815	0.305994	0.288889	0.298578	0.345277	0.309410	0.290735	0.299363	0.260250	0.306962	0.290323	0.300477	0.000000	0.274603	0.312698	0.301262	0.296998	0.284127	0.300971	0.311502	0.294118	0.312600	0.289389	0.321712	0.287758	0.322222	0.312203	0.306349	0.310510	0.289340	0.300955	0.295886	0.309524	0.294586	0.314286	0.307937	0.285714	
0.301587	0.306613	0.312303	0.289689	0.330632	0.291139	0.277439	0.276808	0.310559	0.305732	0.294586	0.306220	0.303571	0.305246	0.305936	0.292063	0.296355	0.298986	0.255924	0.295056	0.289557	0.321027	0.293375	0.293461	0.299213	0.319115	0.322368	0.293185	0.293355	0.301435	0.274448	0.307937	0.292063	0.293930	0.287736	0.293375	0.298013	0.311111	0.274322	0.299213	0.297940	0.298578	0.314332	0.302548	0.292332	0.305732	0.319716	0.297468	0.301613	0.295707	0.274603	0.000000	0.300000	0.293375	0.318038	0.285261	0.303716	0.303030	0.284127	0.298887	0.319422	0.290016	0.296355	0.291139	0.278041	0.316957	0.302548	0.282572	0.279365	0.317536	0.312203	0.320635	0.313788	0.319555	0.297940	
0.290323	0.275100	0.301262	0.298851	0.306321	0.297940	0.307692	0.308271	0.346749	0.317021	0.295527	0.289600	0.311183	0.284579	0.297483	0.288889	0.312698	0.272420	0.299051	0.292332	0.283677	0.313505	0.294953	0.303030	0.309148	0.297468	0.302632	0.291601	0.296596	0.309410	0.300633	0.317965	0.311606	0.332800	0.302362	0.311216	0.407895	0.311606	0.309904	0.282780	0.296825	0.302839	0.275693	0.296651	0.309904	0.313196	0.288256	0.282092	0.303716	0.296178	0.312698	0.300000	0.000000	0.295419	0.303797	0.319555	0.309562	0.306709	0.305246	0.314195	0.304348	0.304279	0.302548	0.321145	0.294770	0.333863	0.310510	0.316413	0.307325	0.305864	0.302067	0.311606	0.313694	0.277070	0.275040	
0.380952	0.320080	0.291994	0.303426	0.328502	0.316038	0.307927	0.297030	0.375385	0.301688	0.304762	0.294586	0.305958	0.317035	0.325792	0.330709	0.316535	0.312605	0.285714	0.304279	0.251177	0.321656	0.291080	0.301109	0.315047	0.323899	0.346154	0.278740	0.317817	0.318542	0.302983	0.317536	0.318612	0.279809	0.306250	0.315542	0.368421	0.301262	0.299525	0.309262	0.318612	0.282575	0.319871	0.301109	0.327504	0.296355	0.316814	0.286164	0.304976	0.337025	0.301262	0.293375	0.295419	0.000000	0.285714	0.296530	0.292605	0.312698	0.281646	0.283677	0.352000	0.300787	0.296998	0.304416	0.300314	0.311811	0.297468	0.315346	0.313291	0.323899	0.313880	0.319620	0.282334	0.279621	0.274448	
0.435484	0.326000	0.314961	0.302288	0.321486	0.309148	0.310030	0.309227	0.375385	0.324841	0.289348	0.305112	0.331179	0.299051	0.306818	0.302215	0.306477	0.335582	0.281890	0.321145	0.281890	0.295527	0.320251	0.303175	0.314465	0.317610	0.277419	0.287520	0.309677	0.285714	0.291798	0.297468	0.299051	0.305732	0.304075	0.323344	0.317881	0.315956	0.302067	0.307087	0.300158	0.308176	0.355519	0.290476	0.296651	0.302067	0.269982	0.301262	0.290997	0.318542	0.296998	0.318038	0.303797	0.285714	0.000000	0.313291	0.300000	0.319555	0.286392	0.300477	0.338141	0.291798	0.286392	0.291139	0.302839	0.273302	0.325397	0.321008	0.292063	0.347003	0.282780	0.292063	0.310618	0.302694	0.289557	
0.349206	0.300000	0.283912	0.299020	0.316045	0.319115	0.294833	0.314214	0.322086	0.295983	0.281150	0.302400	0.291734	0.295707	0.289294	0.326984	0.283228	0.322635	0.285940	0.289809	0.281646	0.274478	0.307571	0.286624	0.310726	0.289557	0.294118	0.297940	0.320908	0.293461	0.295419	0.297297	0.280952	0.303514	0.323899	0.310127	0.328947	0.292063	0.291866	0.282780	0.312698	0.301738	0.314332	0.298246	0.308800	0.288676	0.293594	0.302215	0.291935	0.300955	0.284127	0.285261	0.319555	0.296530	0.313291	0.000000	0.292407	0.290271	0.297297	0.311606	0.300643	0.270998	0.303657	0.335975	0.270998	0.280952	0.283439	0.288625	0.321656	0.303797	0.294304	0.325914	0.316375	0.294118	0.305380	
0.344262	0.325866	0.310789	0.301003	0.313531	0.288710	0.302469	0.306905	0.365931	0.318083	0.286645	0.281046	0.302479	0.298217	0.310023	0.276699	0.315024	0.343103	0.291465	0.297561	0.285484	0.300654	0.310289	0.291057	0.337621	0.287097	0.287582	0.298387	0.318482	0.286179	0.282258	0.298217	0.310680	0.278502	0.285256	0.320968	0.312500	0.294023	0.295455	0.320451	0.341977	0.312399	0.325581	0.294309	0.278956	0.292208	0.292727	0.280193	0.294408	0.300325	0.300971	0.303716	0.309562	0.292605	0.300000	0.292407	0.000000	0.289902	0.275974	0.290113	0.312602	0.282258	0.282468	0.325243	0.290792	0.322006	0.281553	0.335640	0.298217	0.324194	0.324194	0.303571	0.328479	0.299838	0.292880	
0.269841	0.338028	0.310016	0.300330	0.335505	0.291401	0.320000	0.310945	0.277778	0.283871	0.321600	0.285714	0.318108	0.329073	0.294253	0.331738	0.297297	0.312925	0.319048	0.292135	0.283439	0.311793	0.311111	0.301282	0.293651	0.306836	0.271523	0.263911	0.312704	0.306090	0.287758	0.303030	0.302548	0.299035	0.332278	0.317460	0.357616	0.325879	0.292135	0.319048	0.343450	0.307448	0.297872	0.315789	0.314607	0.332800	0.341682	0.308917	0.281301	0.326923	0.311502	0.303030	0.306709	0.312698	0.319555	0.290271	0.289902	0.000000	0.292800	0.315705	0.316640	0.311606	0.305600	0.307815	0.281847	0.317384	0.318910	0.321976	0.306709	0.336508	0.285486	0.330671	0.327476	0.297600	0.287081	
0.354839	0.307847	0.303797	0.285714	0.314425	0.296825	0.278287	0.305000	0.323988	0.307036	0.291866	0.274038	0.300325	0.294118	0.299087	0.285714	0.282989	0.296610	0.282092	0.282748	0.293651	0.269663	0.287975	0.306709	0.303318	0.292722	0.322368	0.284127	0.305195	0.301435	0.292722	0.304140	0.269108	0.291667	0.296530	0.286846	0.317881	0.295238	0.291200	0.283228	0.311111	0.303797	0.308824	0.285032	0.299841	0.298246	0.331551	0.304762	0.298387	0.310016	0.294118	0.284127	0.305246	0.281646	0.286392	0.297297	0.275974	0.292800	0.000000	0.295056	0.311396	0.265079	0.273016	0.319555	0.291601	0.328025	0.287540	0.281834	0.290271	0.329635	0.282540	0.324841	0.306220	0.300477	0.283439	
