1.648550	-0.139237	0.163854	-0.147168	-0.191599	-0.129035	0.171762	-0.020505	0.103854	0.150689	0.151544	-0.171055	0.142763	-0.025337	0.183048	-0.044697	0.024036	0.030561	-0.023526	-0.109351	-0.005661	-0.222616	-0.031466	-0.089948	-0.212633	0.137335	-0.281628	0.114736	0.483195	-0.215051	-0.192627	0.142889	-0.092617	0.000654	-0.108337	-0.108264	-0.176655	-0.042604	-0.168122	0.040993	0.098225	0.046702	-0.112325	0.007547	-0.060243	-0.146805	0.241818	-0.074936	0.144948	0.293521	-0.031174	-0.008743	0.030626	-0.142605	-0.161503	-0.022939	-0.062681	0.070544	-0.108446	-0.206799	-0.089559	-0.210623	-0.073581	-0.062659	-0.189205	0.042118	0.018347	0.002127	-0.339138	-0.164168	0.753733	-0.045737	-0.025842	-0.287582	0.004089	
-0.139237	0.973860	0.040387	-0.001151	-0.029807	-0.006620	-0.032396	-0.043654	0.012045	0.015010	0.074227	0.010683	0.009656	-0.033843	0.070599	0.058800	-0.038529	0.057031	-0.030782	-0.049132	-0.021006	0.092119	-0.029686	0.000486	-0.064230	0.043616	0.037995	-0.038948	-0.022857	-0.054007	-0.074002	-0.090560	-0.039469	-0.050809	-0.027513	0.079078	0.048816	0.055809	-0.039471	-0.029976	-0.089750	-0.045822	-0.005916	-0.051009	-0.038960	0.044959	-0.011734	-0.063448	-0.053725	-0.056250	0.012054	-0.026930	0.063275	-0.000463	-0.030373	0.013534	-0.031519	-0.057713	-0.010528	0.011700	0.012070	-0.001869	-0.086343	-0.004608	0.020415	0.007636	-0.076094	-0.011987	-0.036843	0.012437	-0.078352	-0.065782	0.015615	-0.008406	-0.033948	
0.163854	0.040387	1.047609	-0.048727	-0.069621	0.002222	-0.029075	-0.034052	0.007455	-0.054365	-0.037140	-0.015479	-0.038886	-0.006657	-0.067674	-0.034216	0.044540	-0.032418	-0.046494	-0.018489	-0.030137	-0.038042	-0.001172	0.012814	0.046284	0.029019	-0.079789	0.030034	-0.007219	0.014788	0.001576	-0.104184	-0.042495	-0.038244	-0.001833	-0.010800	-0.003999	-0.073163	-0.025511	-0.070474	0.044440	0.073366	0.037729	0.047949	-0.050035	0.003143	-0.033285	-0.024460	0.002289	-0.004769	-0.006905	0.009063	0.022766	0.005235	-0.034003	0.032600	-0.033545	-0.019563	-0.023454	0.014643	-0.012029	-0.027825	-0.060392	-0.038629	-0.021535	0.008438	-0.024648	-0.079479	-0.081318	-0.041764	-0.020160	0.003572	-0.006546	-0.045010	0.009957	
-0.147168	-0.001151	-0.048727	0.879968	0.003068	0.043689	-0.090257	-0.030416	-0.000207	0.018530	-0.040920	0.008895	-0.032218	0.037540	0.023033	-0.003741	-0.019769	-0.002345	0.033108	-0.035463	-0.055565	0.013459	-0.054032	-0.010245	-0.063114	-0.060605	0.100693	0.024411	-0.050553	-0.024157	-0.051943	-0.013251	-0.060049	-0.083977	0.050888	0.016834	-0.039865	-0.063886	-0.000375	0.066990	-0.049225	0.019381	-0.038920	-0.040304	-0.002396	-0.037439	0.021221	-0.024134	-0.076977	0.032984	-0.001272	-0.009236	-0.011644	-0.029668	-0.030738	-0.033201	-0.022893	0.005730	0.003768	-0.042786	-0.035933	-0.009686	0.002297	0.024265	-0.009783	0.016838	-0.021586	0.031611	0.036406	-0.054033	0.016458	-0.070142	0.040278	0.080022	-0.056341	
-0.191599	-0.029807	-0.069621	0.003068	1.002975	-0.019786	-0.046553	0.029839	-0.065671	-0.055649	-0.005937	-0.040814	0.000297	-0.006811	-0.015978	-0.004593	-0.016804	-0.008581	-0.033556	0.051914	0.027433	0.033723	-0.043720	-0.011085	0.000876	-0.034737	0.180728	-0.047902	0.000225	-0.026074	-0.029516	-0.086604	0.012144	0.000577	0.025360	-0.046835	-0.009347	0.001529	-0.007283	-0.074810	0.017510	0.001834	-0.045162	0.024959	0.135358	-0.019598	-0.048295	0.032752	-0.050555	-0.022131	-0.047035	-0.085029	0.007632	-0.006495	-0.024529	-0.038536	-0.027597	-0.045202	-0.029302	-0.038890	-0.029234	-0.056726	0.049503	-0.008160	-0.067387	-0.037434	-0.034091	-0.026362	0.007868	-0.069537	-0.009599	0.010311	0.036182	0.016373	0.054621	
-0.129035	-0.006620	0.002222	0.043689	-0.019786	0.931030	0.007055	-0.066754	0.013181	-0.066766	-0.006433	0.034329	0.022245	0.015427	0.045033	-0.000556	-0.058854	0.014172	-0.016435	-0.010023	-0.041452	-0.081118	0.007256	0.050496	0.017346	-0.028519	0.064788	-0.021850	-0.054774	-0.048123	0.011926	-0.025268	0.018895	-0.007634	-0.014135	-0.030873	0.019213	-0.054986	-0.051592	0.060048	-0.067516	-0.035409	-0.047186	-0.004649	-0.055457	-0.019553	-0.033749	-0.044290	-0.002067	-0.025379	-0.020400	0.020652	-0.016745	-0.032202	-0.030344	-0.064318	0.063789	0.001701	-0.028276	-0.065691	-0.037424	-0.053962	-0.040607	-0.001751	-0.015010	-0.035344	-0.049927	0.003079	0.005801	-0.018196	0.019287	0.018085	0.047858	0.009967	0.031201	
0.171762	-0.032396	-0.029075	-0.090257	-0.046553	0.007055	0.903018	0.000639	-0.070921	0.002893	-0.050979	-0.019456	-0.124037	-0.028302	0.022085	-0.002360	0.031959	0.041674	0.007798	-0.006347	0.069387	-0.059105	-0.010114	-0.066678	-0.026551	-0.021930	0.002937	-0.035631	0.014332	-0.045057	0.006995	-0.074898	-0.059837	-0.006933	-0.082519	-0.033646	-0.004778	-0.064061	-0.043808	-0.069146	-0.051375	-0.030344	0.055337	-0.042892	-0.028014	0.025292	0.073907	-0.030818	0.006167	-0.008926	0.010361	0.046974	-0.044976	0.018034	-0.022809	-0.015664	-0.035573	-0.022355	0.030969	0.126487	0.001471	-0.017626	0.007562	-0.007497	0.168718	-0.007633	-0.083237	-0.071580	-0.060929	-0.051036	0.115139	-0.003127	-0.036628	0.021457	-0.001048	
-0.020505	-0.043654	-0.034052	-0.030416	0.029839	-0.066754	0.000639	1.092131	0.132880	-0.010269	-0.039912	0.110930	-0.037348	-0.091642	-0.138748	-0.032703	-0.029562	-0.029561	-0.029113	-0.061949	-0.053862	-0.034605	0.087930	-0.086092	-0.008184	0.013414	0.082943	-0.020678	0.000692	0.032533	0.013609	-0.009867	0.048189	-0.123877	0.012877	-0.029521	-0.001509	-0.081879	0.040284	-0.043694	-0.051961	-0.023635	0.006145	0.010981	0.074473	0.089742	-0.063645	-0.013441	-0.055137	-0.016620	-0.074512	0.043081	-0.031380	0.003050	0.048957	-0.042174	-0.023506	0.049313	0.026736	0.026454	-0.110116	-0.050553	-0.073054	0.028015	-0.024686	-0.141678	-0.073909	-0.005187	0.025858	0.002247	-0.087602	-0.022450	0.002878	0.003785	0.049665	
0.103854	0.012045	0.007455	-0.000207	-0.065671	0.013181	-0.070921	0.132880	1.100917	0.047918	0.054122	0.006497	0.081520	-0.077687	0.047746	-0.106153	0.123673	0.022630	-0.043202	-0.014307	-0.064764	-0.061674	-0.113595	-0.094685	-0.026392	-0.022969	0.110692	-0.040375	-0.057100	-0.016576	-0.071301	-0.057178	-0.022323	0.067633	-0.034130	0.093393	-0.046872	-0.021570	-0.058078	0.026446	-0.103743	-0.125754	0.011660	0.032554	-0.078705	-0.012214	-0.074500	-0.066600	0.062623	0.051589	0.032502	0.005238	-0.023580	-0.117775	-0.090764	0.045601	-0.071886	0.029898	-0.016525	-0.016903	-0.002841	-0.052755	0.002875	0.098804	-0.067682	-0.030613	-0.023004	-0.003555	-0.035913	-0.002314	-0.043934	0.070206	-0.071254	-0.011287	-0.006782	
0.150689	0.015010	-0.054365	0.018530	-0.055649	-0.066766	0.002893	-0.010269	0.047918	1.070828	-0.020581	0.033601	0.095796	-0.087276	0.053882	0.005267	0.062285	0.059193	-0.043745	0.076897	-0.085774	-0.035424	-0.034050	0.003829	-0.008412	0.046206	-0.064037	-0.009719	-0.046098	-0.044921	-0.025051	-0.064551	-0.012788	-0.094792	-0.056092	-0.052112	0.147106	-0.016981	0.022711	0.008686	-0.053433	-0.007092	0.010331	-0.048619	-0.125823	-0.099960	0.121244	-0.014577	-0.057894	-0.084419	-0.034073	-0.042598	-0.060306	-0.031914	-0.043887	-0.001346	-0.073102	0.092638	-0.028573	-0.098023	0.070860	0.052673	-0.031305	0.032834	-0.080602	-0.049706	0.031882	0.051051	0.012500	-0.062063	-0.065639	0.037350	-0.027153	0.034664	-0.018464	
0.151544	0.074227	-0.037140	-0.040920	-0.005937	-0.006433	-0.050979	-0.039912	0.054122	-0.020581	0.954878	-0.012357	-0.051365	0.010523	-0.068094	0.067109	0.037004	0.057318	-0.066815	0.020641	-0.033313	-0.073297	-0.036530	-0.050412	-0.096298	0.007427	-0.012406	-0.040813	-0.063902	0.012969	-0.042599	0.025472	0.050179	-0.026368	-0.074514	-0.069086	0.010290	0.073215	-0.015622	-0.000774	-0.040276	-0.034201	0.016286	-0.084069	-0.022646	0.054580	0.018928	0.000867	-0.039362	0.009240	-0.046588	-0.011943	0.022866	-0.020864	0.040966	0.043285	0.018059	-0.071896	-0.018147	-0.037245	-0.023927	0.003603	-0.117698	-0.008257	0.032665	-0.037838	-0.039328	0.044568	0.005087	0.048627	-0.052024	0.011820	-0.063020	-0.007487	-0.060020	
-0.171055	0.010683	-0.015479	0.008895	-0.040814	0.034329	-0.019456	0.110930	0.006497	0.033601	-0.012357	1.004045	0.107717	-0.042062	-0.009366	0.055881	-0.029770	-0.061790	-0.013542	0.029290	-0.018295	0.037065	0.018386	-0.047838	-0.048387	0.044640	0.055426	-0.022539	0.032723	-0.023592	0.015288	-0.052528	-0.055331	-0.036500	-0.051063	0.029547	-0.000950	-0.053568	-0.013102	-0.093777	-0.030466	-0.007480	-0.061745	0.000787	-0.041500	0.050413	-0.053788	-0.047551	-0.085762	0.053408	0.043161	-0.004942	0.002566	-0.005065	-0.040005	-0.039387	0.028806	0.038433	0.024435	-0.064184	-0.101765	-0.019956	-0.035992	-0.043960	-0.048693	-0.130457	-0.055838	-0.084272	0.035610	-0.052861	-0.035438	-0.004767	0.052182	0.022651	-0.055883	
0.142763	0.009656	-0.038886	-0.032218	0.000297	0.022245	-0.124037	-0.037348	0.081520	0.095796	-0.051365	0.107717	0.913046	-0.013209	-0.030276	-0.070629	-0.040488	-0.060246	-0.009812	-0.040101	-0.062987	-0.061707	-0.031263	0.016223	-0.045736	-0.020556	-0.052515	0.000944	0.040918	0.005566	0.009443	-0.044979	-0.037286	0.013307	0.055593	-0.041516	-0.108447	0.036421	-0.020890	-0.042676	-0.050794	-0.040838	-0.019473	-0.000018	-0.064933	-0.073978	0.037683	0.002379	-0.033944	0.004672	0.039212	-0.019107	-0.023846	-0.027537	-0.081532	0.001705	-0.021505	-0.024924	-0.007122	-0.009421	0.057921	-0.037227	-0.022884	-0.031126	0.045395	-0.017759	0.039599	0.071613	-0.030973	-0.027276	-0.045498	-0.049187	0.002609	0.013904	-0.003243	
-0.025337	-0.033843	-0.006657	0.037540	-0.006811	0.015427	-0.028302	-0.091642	-0.077687	-0.087276	0.010523	-0.042062	-0.013209	1.007873	-0.062729	-0.006843	-0.070502	-0.083359	-0.056541	0.016993	-0.023330	-0.001370	-0.042611	0.005615	-0.049490	-0.024511	-0.115618	-0.047362	-0.008862	-0.048323	-0.047737	0.075889	-0.034100	-0.001034	-0.011177	0.031151	-0.125292	0.009906	-0.068244	-0.018143	0.047358	-0.031498	0.005509	-0.017037	-0.050229	-0.074235	-0.031816	-0.040093	0.014500	-0.034823	0.021660	-0.013871	0.044628	-0.062819	0.003138	0.003231	0.003197	-0.085257	-0.006964	0.033416	-0.007452	-0.031662	-0.029267	0.001106	-0.033791	0.047945	0.035625	0.094322	-0.006222	-0.030290	0.103957	0.005636	-0.016652	-0.037477	-0.025884	
0.183048	0.070599	-0.067674	0.023033	-0.015978	0.045033	0.022085	-0.138748	0.047746	0.053882	-0.068094	-0.009366	-0.030276	-0.062729	0.869513	0.052371	-0.025736	-0.054669	0.043512	-0.000871	0.047102	0.010369	0.018648	0.050946	-0.030360	-0.005745	-0.061082	-0.022875	-0.006106	-0.050086	-0.082459	-0.037598	-0.010925	0.015468	-0.019630	-0.042472	0.007412	-0.048636	-0.007328	-0.023194	-0.013253	-0.025647	0.008388	-0.017851	-0.038228	-0.063549	-0.064319	0.027193	0.008481	-0.038362	0.051901	0.006303	-0.007811	-0.059676	-0.029678	0.028969	-0.014571	0.029947	-0.005954	-0.069888	0.026470	-0.072589	-0.013391	-0.015650	0.004243	0.069323	-0.106690	-0.021445	0.020020	-0.118682	-0.000825	0.037889	-0.065328	0.011917	0.004764	
-0.044697	0.058800	-0.034216	-0.003741	-0.004593	-0.000556	-0.002360	-0.032703	-0.106153	0.005267	0.067109	0.055881	-0.070629	-0.006843	0.052371	1.056267	-0.071453	0.008435	-0.045609	-0.044070	0.025987	-0.023003	-0.062767	0.026504	0.032132	-0.022526	0.076306	-0.005532	-0.047900	-0.065848	-0.004444	-0.071721	-0.041184	0.061645	-0.027653	0.003684	0.088909	-0.059351	0.003405	-0.076379	-0.039308	-0.012962	-0.023129	-0.014978	-0.010900	0.000354	-0.121126	0.038488	0.059900	0.052776	-0.008531	-0.014284	0.002531	-0.067024	0.027781	-0.083380	0.052939	-0.074564	0.010377	-0.025483	0.031425	0.009256	-0.030203	-0.071031	-0.004130	-0.022786	-0.046923	-0.077111	-0.044675	-0.021826	-0.051447	-0.002667	-0.027862	-0.041922	0.025663	
0.024036	-0.038529	0.044540	-0.019769	-0.016804	-0.058854	0.031959	-0.029562	0.123673	0.062285	0.037004	-0.029770	-0.040488	-0.070502	-0.025736	-0.071453	0.944328	-0.021300	0.007168	-0.024211	-0.054486	-0.082201	0.013092	-0.034427	-0.014496	0.014176	-0.027732	0.029656	-0.057934	-0.067750	0.009736	0.004324	0.013226	-0.052912	-0.051026	-0.020777	-0.129402	0.076622	-0.051371	0.072305	-0.027936	-0.045274	0.038048	-0.028943	-0.096707	0.047698	0.028573	-0.015359	0.001761	0.022065	-0.002952	-0.005634	-0.057555	-0.055957	-0.011334	0.018119	-0.061719	-0.003129	0.005411	-0.026108	0.012439	0.024497	-0.036608	0.018500	0.002766	-0.074947	-0.066366	0.092417	0.022050	-0.004543	-0.031897	-0.056441	-0.077163	-0.002849	-0.004250	
0.030561	0.057031	-0.032418	-0.002345	-0.008581	0.014172	0.041674	-0.029561	0.022630	0.059193	0.057318	-0.061790	-0.060246	-0.083359	-0.054669	0.008435	-0.021300	1.298001	-0.035725	-0.062728	-0.035731	-0.028959	0.039112	-0.027180	-0.030277	-0.079569	-0.034231	-0.064158	0.011710	-0.048482	-0.001411	-0.062628	-0.076394	-0.035380	-0.018053	-0.035195	-0.088632	-0.005065	-0.040473	0.013232	-0.065996	-0.037704	-0.022855	-0.045670	-0.038411	0.028774	0.020782	0.005069	-0.018468	0.015321	0.005383	-0.026820	0.031938	-0.046983	-0.068953	-0.068344	-0.107961	-0.035865	0.010189	0.065883	0.003577	0.024574	-0.010525	-0.032961	-0.015773	-0.032819	0.005582	0.068435	-0.043094	0.078561	-0.038169	-0.043746	-0.064098	-0.031481	-0.006322	
-0.023526	-0.030782	-0.046494	0.033108	-0.033556	-0.016435	0.007798	-0.029113	-0.043202	-0.043745	-0.066815	-0.013542	-0.009812	-0.056541	0.043512	-0.045609	0.007168	-0.035725	0.871391	-0.051584	-0.044458	-0.046654	0.039319	0.029276	0.017741	-0.093245	0.021791	-0.015821	-0.092961	0.008288	-0.037077	0.010162	-0.014612	-0.035556	0.025679	-0.011194	-0.110016	-0.022848	0.005597	0.002767	0.045198	0.014694	-0.054456	0.051616	0.017955	-0.050311	-0.015170	0.004902	0.024463	-0.028306	0.024027	0.065010	-0.045768	0.002452	0.009338	-0.023944	0.001077	-0.067315	-0.025703	-0.003772	-0.010326	-0.031324	0.006332	-0.037349	-0.046058	-0.012391	0.002478	-0.016993	0.036657	-0.016380	-0.025074	0.037481	0.026586	-0.085003	0.032494	
-0.109351	-0.049132	-0.018489	-0.035463	0.051914	-0.010023	-0.006347	-0.061949	-0.014307	0.076897	0.020641	0.029290	-0.040101	0.016993	-0.000871	-0.044070	-0.024211	-0.062728	-0.051584	0.912515	0.052535	-0.057624	-0.000360	-0.050496	-0.081224	0.080258	0.073404	-0.006813	0.050259	-0.045084	-0.012142	0.004873	0.018445	-0.105506	-0.031852	-0.061132	0.019379	0.024327	0.018210	0.037603	0.018213	-0.033740	-0.049692	-0.015478	0.001167	-0.017784	-0.021514	0.016950	-0.048939	0.006319	-0.000468	-0.017108	0.002955	-0.005263	-0.062824	-0.003114	-0.010445	0.007121	-0.007313	-0.031523	-0.037675	-0.015095	-0.002113	0.055289	-0.055259	-0.047411	0.013692	-0.038422	0.024460	-0.012102	-0.053452	-0.015267	-0.092518	0.009682	-0.041538	
-0.005661	-0.021006	-0.030137	-0.055565	0.027433	-0.041452	0.069387	-0.053862	-0.064764	-0.085774	-0.033313	-0.018295	-0.062987	-0.023330	0.047102	0.025987	-0.054486	-0.035731	-0.044458	0.052535	0.846577	-0.054103	-0.020918	-0.001874	-0.008053	-0.001469	-0.091157	-0.082291	-0.009995	-0.004229	0.000657	-0.005048	-0.045923	-0.020851	-0.019568	-0.009314	0.054157	-0.033942	-0.026456	-0.007712	-0.073116	-0.050514	-0.035253	0.006657	0.023662	-0.061803	-0.030599	0.033871	0.020145	-0.025462	-0.026182	-0.007241	0.025041	0.074701	0.017752	0.001392	0.033009	0.046878	-0.011628	0.068123	0.015813	-0.004793	-0.102576	0.009301	-0.001341	-0.001772	-0.030746	-0.001257	-0.041769	0.017857	0.011510	-0.014866	-0.042481	0.021715	0.004020	
-0.222616	0.092119	-0.038042	0.013459	0.033723	-0.081118	-0.059105	-0.034605	-0.061674	-0.035424	-0.073297	0.037065	-0.061707	-0.001370	0.010369	-0.023003	-0.082201	-0.028959	-0.046654	-0.057624	-0.054103	1.225839	0.079443	-0.039927	-0.042767	-0.005769	-0.090871	-0.055316	0.010394	-0.003297	-0.003385	-0.071899	-0.087433	-0.047679	-0.019136	-0.047483	-0.020175	0.026604	-0.010062	-0.018231	0.102825	-0.037658	-0.040897	-0.055716	0.055372	-0.017022	-0.072090	0.021786	-0.074590	0.008824	-0.057232	-0.072005	-0.044834	-0.026411	0.003996	0.028902	-0.014854	0.109674	0.039950	-0.028716	-0.007876	-0.070730	0.028836	-0.070268	0.012270	0.001477	-0.036141	-0.030836	0.021042	0.019959	-0.022250	-0.016815	-0.021892	0.009475	-0.019662	
-0.031466	-0.029686	-0.001172	-0.054032	-0.043720	0.007256	-0.010114	0.087930	-0.113595	-0.034050	-0.036530	0.018386	-0.031263	-0.042611	0.018648	-0.062767	0.013092	0.039112	0.039319	-0.000360	-0.020918	0.079443	0.931901	0.020471	0.030295	0.035541	-0.057435	-0.002499	-0.057928	-0.041037	0.034546	-0.032607	-0.056764	-0.055759	-0.002955	-0.017898	-0.020869	-0.000553	-0.028603	-0.002431	-0.009618	0.023842	-0.009518	-0.032828	0.017815	0.065758	-0.038516	-0.029650	-0.044111	-0.011094	0.027168	0.007290	-0.011625	0.008308	-0.062222	-0.051426	-0.049912	-0.013867	0.010517	-0.028237	-0.010512	-0.021194	-0.033780	-0.075613	-0.051225	0.004820	0.002407	-0.068711	-0.046631	0.011377	-0.045014	-0.001222	-0.044553	0.009739	-0.013656	
-0.089948	0.000486	0.012814	-0.010245	-0.011085	0.050496	-0.066678	-0.086092	-0.094685	0.003829	-0.050412	-0.047838	0.016223	0.005615	0.050946	0.026504	-0.034427	-0.027180	0.029276	-0.050496	-0.001874	-0.039927	0.020471	1.023223	-0.032519	-0.077834	-0.076202	0.007815	-0.005476	-0.004779	0.000227	-0.049123	0.008250	0.009020	-0.052423	0.016138	-0.066055	-0.067784	-0.049720	-0.077014	-0.022772	-0.061610	0.029865	0.044694	-0.037477	-0.011134	-0.015317	0.007520	-0.014718	0.010142	-0.048089	-0.034114	-0.034134	-0.004492	-0.015008	0.009014	-0.002392	-0.001948	-0.057811	-0.031496	-0.039027	-0.063486	-0.030466	-0.046328	0.003582	0.061989	-0.075563	0.024755	0.019090	-0.032990	-0.004246	0.026140	0.007665	-0.005739	0.036334	
-0.212633	-0.064230	0.046284	-0.063114	0.000876	0.017346	-0.026551	-0.008184	-0.026392	-0.008412	-0.096298	-0.048387	-0.045736	-0.049490	-0.030360	0.032132	-0.014496	-0.030277	0.017741	-0.081224	-0.008053	-0.042767	0.030295	-0.032519	1.092773	-0.004011	-0.079439	0.015695	0.023937	-0.048087	-0.042269	0.058959	-0.027638	-0.031874	0.002005	0.007639	0.031325	0.032552	0.019224	0.008627	-0.050154	0.079782	-0.016551	-0.044075	-0.028828	-0.012020	-0.036086	0.020270	0.018560	0.019027	-0.056300	-0.025678	-0.001469	-0.044066	-0.022020	-0.024625	-0.106599	0.006452	-0.027040	0.020675	0.009372	-0.043117	0.075587	-0.008986	-0.031029	-0.039358	-0.022123	-0.045152	-0.013172	-0.101769	-0.027847	-0.011054	-0.039568	0.016509	-0.013207	
0.137335	0.043616	0.029019	-0.060605	-0.034737	-0.028519	-0.021930	0.013414	-0.022969	0.046206	0.007427	0.044640	-0.020556	-0.024511	-0.005745	-0.022526	0.014176	-0.079569	-0.093245	0.080258	-0.001469	-0.005769	0.035541	-0.077834	-0.004011	0.863600	0.090556	-0.011315	-0.049938	0.012528	-0.061142	0.016258	-0.026023	-0.047475	-0.019837	-0.022583	0.014467	0.070556	-0.060657	-0.010978	-0.014356	-0.012850	0.005037	-0.023053	0.022817	0.008532	-0.021823	-0.027772	-0.055850	-0.040209	0.011660	-0.088207	-0.025293	-0.074687	-0.035314	-0.002665	0.001423	-0.023508	-0.012783	-0.026720	0.020539	0.008181	0.016553	-0.034720	-0.041382	-0.012942	-0.032535	0.008083	-0.061276	-0.008803	0.064039	-0.003229	-0.010628	-0.011229	0.014078	
-0.281628	0.037995	-0.079789	0.100693	0.180728	0.064788	0.002937	0.082943	0.110692	-0.064037	-0.012406	0.055426	-0.052515	-0.115618	-0.061082	0.076306	-0.027732	-0.034231	0.021791	0.073404	-0.091157	-0.090871	-0.057435	-0.076202	-0.079439	0.090556	0.810021	-0.022358	-0.071555	-0.107420	-0.060549	0.030267	-0.041064	-0.033751	-0.107289	-0.024873	-0.170486	-0.122470	0.009278	0.068695	-0.122259	-0.027610	0.021506	-0.062551	-0.037180	-0.004184	0.026418	-0.048069	-0.024770	0.009360	-0.005122	-0.046861	-0.004880	-0.083404	0.168324	-0.005962	0.040582	0.038760	-0.040795	0.010716	-0.039631	-0.061747	0.016887	0.002174	-0.003871	-0.113370	0.028976	0.085811	-0.056687	-0.089735	-0.005196	0.049899	0.174252	0.001729	-0.036101	
0.114736	-0.038948	0.030034	0.024411	-0.047902	-0.021850	-0.035631	-0.020678	-0.040375	-0.009719	-0.040813	-0.022539	0.000944	-0.047362	-0.022875	-0.005532	0.029656	-0.064158	-0.015821	-0.006813	-0.082291	-0.055316	-0.002499	0.007815	0.015695	-0.011315	-0.022358	0.845908	0.021232	0.052194	0.013342	0.009820	0.024788	-0.012770	-0.081224	-0.066642	0.006572	0.035014	0.010428	0.028417	0.018553	-0.003211	0.038711	0.011673	-0.020239	-0.031435	-0.009493	-0.006386	-0.036726	0.018334	-0.037178	-0.029854	-0.031089	-0.000923	-0.027587	-0.059274	-0.058015	0.025723	-0.033825	-0.011071	-0.029481	-0.009650	0.026850	-0.053169	-0.023439	0.068101	0.002050	0.010511	-0.039704	-0.086759	-0.038878	0.020651	0.010625	-0.044482	-0.011210	
0.483195	-0.022857	-0.007219	-0.050553	0.000225	-0.054774	0.014332	0.000692	-0.057100	-0.046098	-0.063902	0.032723	0.040918	-0.008862	-0.006106	-0.047900	-0.057934	0.011710	-0.092961	0.050259	-0.009995	0.010394	-0.057928	-0.005476	0.023937	-0.049938	-0.071555	0.021232	1.102552	-0.008973	-0.055648	-0.069458	-0.058608	0.041656	-0.058855	0.002753	0.006375	0.003221	-0.063709	-0.027038	0.062218	-0.026016	0.023823	0.010506	0.053196	0.023613	-0.003267	-0.002225	-0.004093	-0.024409	-0.043217	0.016838	0.048800	-0.021179	-0.013419	-0.060871	-0.008084	-0.014823	0.014938	-0.060216	-0.027785	0.024567	-0.038413	0.062546	-0.019745	-0.081509	-0.031332	-0.079332	-0.000545	-0.040068	-0.046867	-0.040186	-0.033172	-0.084961	-0.000005	
-0.215051	-0.054007	0.014788	-0.024157	-0.026074	-0.048123	-0.045057	0.032533	-0.016576	-0.044921	0.012969	-0.023592	0.005566	-0.048323	-0.050086	-0.065848	-0.067750	-0.048482	0.008288	-0.045084	-0.004229	-0.003297	-0.041037	-0.004779	-0.048087	0.012528	-0.107420	0.052194	-0.008973	1.084064	0.030238	0.011901	0.027681	0.006841	-0.047296	-0.042468	0.088188	0.014160	0.016266	-0.006074	-0.050186	0.034898	-0.012471	-0.031857	0.015388	-0.047792	-0.018660	-0.025772	-0.073649	-0.061586	-0.020432	0.006561	-0.011585	-0.061638	0.033071	0.001894	0.027688	-0.037243	-0.033155	-0.065055	0.045878	0.045887	-0.028008	0.010152	-0.031420	-0.005966	0.059896	-0.080322	0.013912	0.029203	-0.066720	-0.016305	-0.002184	-0.060713	-0.053818	
-0.192627	-0.074002	0.001576	-0.051943	-0.029516	0.011926	0.006995	0.013609	-0.071301	-0.025051	-0.042599	0.015288	0.009443	-0.047737	-0.082459	-0.004444	0.009736	-0.001411	-0.037077	-0.012142	0.000657	-0.003385	0.034546	0.000227	-0.042269	-0.061142	-0.060549	0.013342	-0.055648	0.030238	0.929788	-0.062494	-0.035202	0.027100	0.003755	-0.062588	0.010426	-0.010079	0.022655	-0.042740	0.002103	0.020639	-0.016177	-0.017937	0.040486	-0.001203	-0.024382	0.013607	-0.003838	-0.007045	0.030432	0.003769	-0.040136	-0.025470	0.002543	-0.033606	0.028230	-0.016079	-0.033991	0.027266	-0.031625	0.024768	0.026351	-0.030992	-0.026967	-0.059248	0.023117	-0.031807	0.025642	-0.070185	-0.046506	0.001535	-0.022695	0.004080	-0.069608	
0.142889	-0.090560	-0.104184	-0.013251	-0.086604	-0.025268	-0.074898	-0.009867	-0.057178	-0.064551	0.025472	-0.052528	-0.044979	0.075889	-0.037598	-0.071721	0.004324	-0.062628	0.010162	0.004873	-0.005048	-0.071899	-0.032607	-0.049123	0.058959	0.016258	0.030267	0.009820	-0.069458	0.011901	-0.062494	1.135879	0.024943	-0.076414	0.008698	-0.005386	-0.029222	0.033422	0.012319	-0.001541	-0.037429	-0.014322	0.082038	-0.038053	-0.084373	-0.041656	-0.013691	0.087349	-0.072395	0.083053	-0.034388	-0.029585	-0.054299	-0.007149	0.041540	-0.002101	-0.000534	0.027237	-0.032529	0.004152	-0.060277	-0.038120	0.014222	-0.073659	0.007209	0.009325	0.017810	0.020201	-0.008397	-0.022746	0.044487	-0.065112	0.023052	-0.082303	-0.065277	
-0.092617	-0.039469	-0.042495	-0.060049	0.012144	0.018895	-0.059837	0.048189	-0.022323	-0.012788	0.050179	-0.055331	-0.037286	-0.034100	-0.010925	-0.041184	0.013226	-0.076394	-0.014612	0.018445	-0.045923	-0.087433	-0.056764	0.008250	-0.027638	-0.026023	-0.041064	0.024788	-0.058608	0.027681	-0.035202	0.024943	0.935633	0.043911	-0.125390	0.002807	-0.078235	0.033783	-0.044047	0.001260	0.043886	-0.037753	0.009881	-0.039794	0.051990	0.034821	-0.052536	-0.047948	0.011123	-0.035751	-0.022051	0.029446	-0.043523	-0.038198	-0.017196	0.059472	-0.041954	-0.009121	0.054691	-0.008297	-0.022217	0.015505	-0.028692	0.034852	-0.029300	-0.046914	-0.008118	0.020781	-0.001931	-0.022068	-0.058707	0.014706	-0.007986	0.006628	-0.039323	
0.000654	-0.050809	-0.038244	-0.083977	0.000577	-0.007634	-0.006933	-0.123877	0.067633	-0.094792	-0.026368	-0.036500	0.013307	-0.001034	0.015468	0.061645	-0.052912	-0.035380	-0.035556	-0.105506	-0.020851	-0.047679	-0.055759	0.009020	-0.031874	-0.047475	-0.033751	-0.012770	0.041656	0.006841	0.027100	-0.076414	0.043911	1.036158	-0.033039	-0.016054	0.042477	-0.027260	-0.055683	-0.050077	-0.013865	-0.006005	-0.046062	-0.011075	-0.076697	0.018190	-0.015142	0.059535	-0.027518	-0.016770	0.024792	-0.000721	-0.085718	0.068149	-0.028149	-0.008136	0.037189	0.009856	-0.004825	-0.067735	-0.029307	-0.016675	-0.001713	0.011711	0.038270	0.088401	-0.124120	-0.028919	0.008400	-0.015437	-0.026898	0.041526	0.034144	-0.014322	0.006347	
-0.108337	-0.027513	-0.001833	0.050888	0.025360	-0.014135	-0.082519	0.012877	-0.034130	-0.056092	-0.074514	-0.051063	0.055593	-0.011177	-0.019630	-0.027653	-0.051026	-0.018053	0.025679	-0.031852	-0.019568	-0.019136	-0.002955	-0.052423	0.002005	-0.019837	-0.107289	-0.081224	-0.058855	-0.047296	0.003755	0.008698	-0.125390	-0.033039	1.088300	0.023801	0.073448	-0.054410	0.005583	-0.087651	-0.064458	0.020210	-0.086373	-0.012656	0.016426	-0.045181	0.035977	0.023250	-0.005772	-0.035992	0.011397	0.013860	0.026403	0.031486	0.032822	-0.059595	0.041605	-0.049341	-0.001961	0.067013	0.030119	-0.034807	0.011948	-0.052014	-0.052882	0.011390	-0.000383	-0.045068	-0.015967	0.020350	-0.051248	-0.077766	-0.036916	0.036239	0.025626	
-0.108264	0.079078	-0.010800	0.016834	-0.046835	-0.030873	-0.033646	-0.029521	0.093393	-0.052112	-0.069086	0.029547	-0.041516	0.031151	-0.042472	0.003684	-0.020777	-0.035195	-0.011194	-0.061132	-0.009314	-0.047483	-0.017898	0.016138	0.007639	-0.022583	-0.024873	-0.066642	0.002753	-0.042468	-0.062588	-0.005386	0.002807	-0.016054	0.023801	1.061925	0.039157	-0.049080	-0.036999	-0.011508	0.050116	-0.065021	-0.051294	-0.063268	-0.015411	0.044025	0.030844	-0.030429	0.022752	-0.019027	0.040902	0.000351	-0.037285	-0.025644	-0.017835	-0.038617	-0.066389	-0.036138	0.031089	-0.000674	0.056956	-0.022603	-0.035835	0.021940	-0.065682	-0.047797	-0.042383	0.037490	-0.037932	-0.013213	-0.002350	0.029231	-0.046941	-0.044294	-0.031372	
-0.176655	0.048816	-0.003999	-0.039865	-0.009347	0.019213	-0.004778	-0.001509	-0.046872	0.147106	0.010290	-0.000950	-0.108447	-0.125292	0.007412	0.088909	-0.129402	-0.088632	-0.110016	0.019379	0.054157	-0.020175	-0.020869	-0.066055	0.031325	0.014467	-0.170486	0.006572	0.006375	0.088188	0.010426	-0.029222	-0.078235	0.042477	0.073448	0.039157	1.023741	-0.105016	-0.054814	-0.011279	-0.160965	-0.058178	-0.004255	-0.019286	0.007388	0.039237	-0.184250	0.022326	-0.032636	-0.014251	-0.044298	0.015095	-0.166030	-0.090242	0.150129	-0.014263	0.043796	-0.057475	0.061007	-0.024237	0.023349	0.075000	-0.142600	0.078855	0.019237	0.179856	-0.067605	-0.023769	-0.044652	-0.122500	0.065666	0.057216	-0.057626	-0.088580	-0.066973	
-0.042604	0.055809	-0.073163	-0.063886	0.001529	-0.054986	-0.064061	-0.081879	-0.021570	-0.016981	0.073215	-0.053568	0.036421	0.009906	-0.048636	-0.059351	0.076622	-0.005065	-0.022848	0.024327	-0.033942	0.026604	-0.000553	-0.067784	0.032552	0.070556	-0.122470	0.035014	0.003221	0.014160	-0.010079	0.033422	0.033783	-0.027260	-0.054410	-0.049080	-0.105016	0.980387	-0.006890	0.019383	-0.014503	0.025877	-0.027929	-0.077325	-0.015873	-0.007392	-0.023574	-0.033465	-0.034600	-0.007989	-0.036655	-0.063993	-0.039766	0.000337	-0.053567	-0.014663	0.012798	-0.074953	-0.019395	-0.033351	-0.023567	-0.006771	-0.069574	0.006028	0.014812	-0.013893	0.076756	-0.001637	-0.016443	0.065950	-0.002005	-0.090940	-0.042801	-0.011846	-0.091585	
-0.168122	-0.039471	-0.025511	-0.000375	-0.007283	-0.051592	-0.043808	0.040284	-0.058078	0.022711	-0.015622	-0.013102	-0.020890	-0.068244	-0.007328	0.003405	-0.051371	-0.040473	0.005597	0.018210	-0.026456	-0.010062	-0.028603	-0.049720	0.019224	-0.060657	0.009278	0.010428	-0.063709	0.016266	0.022655	0.012319	-0.044047	-0.055683	0.005583	-0.036999	-0.054814	-0.006890	0.869873	-0.036400	-0.052518	0.033939	-0.018014	-0.003507	-0.054977	-0.062713	-0.044057	-0.005160	-0.000584	-0.006757	-0.064401	0.010206	-0.038840	0.020139	-0.015086	-0.017212	-0.001549	-0.000320	-0.004582	0.004062	0.011694	-0.046856	0.020863	-0.001768	-0.018187	0.062795	0.071065	-0.010033	0.044050	-0.001527	-0.036884	0.039365	0.048359	-0.016358	-0.061505	
0.040993	-0.029976	-0.070474	0.066990	-0.074810	0.060048	-0.069146	-0.043694	0.026446	0.008686	-0.000774	-0.093777	-0.042676	-0.018143	-0.023194	-0.076379	0.072305	0.013232	0.002767	0.037603	-0.007712	-0.018231	-0.002431	-0.077014	0.008627	-0.010978	0.068695	0.028417	-0.027038	-0.006074	-0.042740	-0.001541	0.001260	-0.050077	-0.087651	-0.011508	-0.011279	0.019383	-0.036400	1.019200	-0.053618	0.010106	-0.046852	0.030535	-0.029674	-0.037392	0.008349	0.014528	0.024426	0.074619	-0.033832	-0.019991	0.010247	-0.037674	-0.047927	0.011109	-0.047062	-0.054790	-0.011869	-0.055207	-0.009673	0.013566	-0.025392	-0.037172	-0.019358	-0.077612	-0.024300	0.087152	0.024683	-0.050855	-0.023601	0.010499	-0.051405	-0.037009	-0.003774	
0.098225	-0.089750	0.044440	-0.049225	0.017510	-0.067516	-0.051375	-0.051961	-0.103743	-0.053433	-0.040276	-0.030466	-0.050794	0.047358	-0.013253	-0.039308	-0.027936	-0.065996	0.045198	0.018213	-0.073116	0.102825	-0.009618	-0.022772	-0.050154	-0.014356	-0.122259	0.018553	0.062218	-0.050186	0.002103	-0.037429	0.043886	-0.013865	-0.064458	0.050116	-0.160965	-0.014503	-0.052518	-0.053618	1.189016	-0.034147	-0.017118	-0.047721	0.037705	-0.075347	-0.067592	-0.059634	-0.054565	-0.008003	0.054620	-0.000175	0.022305	0.039698	0.040345	0.026827	-0.065495	-0.048457	-0.020219	-0.030326	-0.017321	0.062762	-0.043816	-0.019502	-0.019273	-0.013463	-0.005222	-0.046268	0.021236	0.015462	0.013238	-0.035374	-0.025994	-0.056686	-0.075405	
0.046702	-0.045822	0.073366	0.019381	0.001834	-0.035409	-0.030344	-0.023635	-0.125754	-0.007092	-0.034201	-0.007480	-0.040838	-0.031498	-0.025647	-0.012962	-0.045274	-0.037704	0.014694	-0.033740	-0.050514	-0.037658	0.023842	-0.061610	0.079782	-0.012850	-0.027610	-0.003211	-0.026016	0.034898	0.020639	-0.014322	-0.037753	-0.006005	0.020210	-0.065021	-0.058178	0.025877	0.033939	0.010106	-0.034147	0.974240	-0.014171	-0.030249	-0.011643	-0.043997	0.059957	-0.040736	0.023194	0.030373	-0.016187	0.005284	-0.019392	0.024727	-0.011845	-0.014187	-0.057397	-0.011519	-0.034422	-0.042517	-0.020042	-0.034594	-0.019251	-0.012052	-0.007816	0.040309	-0.059199	-0.073919	-0.098628	0.029786	-0.049056	-0.028838	0.041319	-0.030034	-0.023608	
-0.112325	-0.005916	0.037729	-0.038920	-0.045162	-0.047186	0.055337	0.006145	0.011660	0.010331	0.016286	-0.061745	-0.019473	0.005509	0.008388	-0.023129	0.038048	-0.022855	-0.054456	-0.049692	-0.035253	-0.040897	-0.009518	0.029865	-0.016551	0.005037	0.021506	0.038711	0.023823	-0.012471	-0.016177	0.082038	0.009881	-0.046062	-0.086373	-0.051294	-0.004255	-0.027929	-0.018014	-0.046852	-0.017118	-0.014171	1.088449	0.039073	-0.018588	-0.023892	-0.016087	0.012473	-0.012539	-0.064250	-0.082536	-0.012405	0.059902	-0.055775	-0.111932	-0.035957	-0.058008	0.017374	-0.027097	-0.021289	-0.016279	0.010288	-0.000699	-0.004439	-0.039484	-0.053863	0.108416	-0.053116	-0.019403	-0.070401	0.045008	-0.054481	-0.068055	-0.039256	0.030717	
0.007547	-0.051009	0.047949	-0.040304	0.024959	-0.004649	-0.042892	0.010981	0.032554	-0.048619	-0.084069	0.000787	-0.000018	-0.017037	-0.017851	-0.014978	-0.028943	-0.045670	0.051616	-0.015478	0.006657	-0.055716	-0.032828	0.044694	-0.044075	-0.023053	-0.062551	0.011673	0.010506	-0.031857	-0.017937	-0.038053	-0.039794	-0.011075	-0.012656	-0.063268	-0.019286	-0.077325	-0.003507	0.030535	-0.047721	-0.030249	0.039073	1.088701	0.041703	-0.034618	-0.043987	-0.021135	-0.008531	-0.065474	-0.033466	-0.004464	-0.007237	-0.020090	0.013414	-0.012154	-0.011232	-0.052274	0.006535	0.042539	0.002043	-0.007197	-0.029675	-0.027292	-0.009584	0.024678	-0.070088	-0.095542	0.021980	-0.011418	-0.044063	0.004090	0.004596	-0.042185	-0.006469	
-0.060243	-0.038960	-0.050035	-0.002396	0.135358	-0.055457	-0.028014	0.074473	-0.078705	-0.125823	-0.022646	-0.041500	-0.064933	-0.050229	-0.038228	-0.010900	-0.096707	-0.038411	0.017955	0.001167	0.023662	0.055372	0.017815	-0.037477	-0.028828	0.022817	-0.037180	-0.020239	0.053196	0.015388	0.040486	-0.084373	0.051990	-0.076697	0.016426	-0.015411	0.007388	-0.015873	-0.054977	-0.029674	0.037705	-0.011643	-0.018588	0.041703	0.984202	-0.032918	-0.015666	-0.019151	0.054275	0.016212	0.008098	0.019884	0.007177	-0.074051	0.015170	-0.037729	0.047740	-0.023588	-0.020630	-0.007680	-0.049815	0.004689	-0.016899	-0.042328	-0.036886	-0.036061	-0.042332	-0.060766	-0.064396	-0.003259	0.049074	-0.065666	-0.065290	-0.082048	0.041253	
-0.146805	0.044959	0.003143	-0.037439	-0.019598	-0.019553	0.025292	0.089742	-0.012214	-0.099960	0.054580	0.050413	-0.073978	-0.074235	-0.063549	0.000354	0.047698	0.028774	-0.050311	-0.017784	-0.061803	-0.017022	0.065758	-0.011134	-0.012020	0.008532	-0.004184	-0.031435	0.023613	-0.047792	-0.001203	-0.041656	0.034821	0.018190	-0.045181	0.044025	0.039237	-0.007392	-0.062713	-0.037392	-0.075347	-0.043997	-0.023892	-0.034618	-0.032918	0.999032	-0.065079	-0.021429	-0.058588	-0.004366	-0.018068	-0.026560	-0.039514	0.009395	0.008941	-0.007471	0.017000	-0.040690	-0.014625	0.025967	-0.076291	-0.007576	-0.037995	0.047954	-0.044324	-0.063284	0.000294	-0.026320	0.023931	0.022185	0.025009	-0.051631	-0.063171	0.001423	-0.011866	
0.241818	-0.011734	-0.033285	0.021221	-0.048295	-0.033749	0.073907	-0.063645	-0.074500	0.121244	0.018928	-0.053788	0.037683	-0.031816	-0.064319	-0.121126	0.028573	0.020782	-0.015170	-0.021514	-0.030599	-0.072090	-0.038516	-0.015317	-0.036086	-0.021823	0.026418	-0.009493	-0.003267	-0.018660	-0.024382	-0.013691	-0.052536	-0.015142	0.035977	0.030844	-0.184250	-0.023574	-0.044057	0.008349	-0.067592	0.059957	-0.016087	-0.043987	-0.015666	-0.065079	1.048460	-0.016731	0.006091	-0.067639	0.074538	-0.074740	0.033291	-0.010379	0.071299	-0.007635	-0.014771	-0.117003	-0.104685	-0.058336	0.012507	-0.055036	0.070561	-0.069346	0.023394	0.004811	0.037554	0.035559	-0.074096	-0.011915	0.022347	0.005568	-0.018844	-0.027655	0.002846	
-0.074936	-0.063448	-0.024460	-0.024134	0.032752	-0.044290	-0.030818	-0.013441	-0.066600	-0.014577	0.000867	-0.047551	0.002379	-0.040093	0.027193	0.038488	-0.015359	0.005069	0.004902	0.016950	0.033871	0.021786	-0.029650	0.007520	0.020270	-0.027772	-0.048069	-0.006386	-0.002225	-0.025772	0.013607	0.087349	-0.047948	0.059535	0.023250	-0.030429	0.022326	-0.033465	-0.005160	0.014528	-0.059634	-0.040736	0.012473	-0.021135	-0.019151	-0.021429	-0.016731	0.959078	-0.080505	0.002675	-0.060341	-0.002855	0.033213	0.007596	-0.024566	-0.023744	0.030289	-0.043545	-0.038438	-0.069540	0.023936	-0.067735	-0.027963	-0.017815	0.030586	-0.008624	0.047431	-0.035905	-0.039409	-0.033942	-0.018173	-0.097244	-0.115641	0.009649	-0.052544	
0.144948	-0.053725	0.002289	-0.076977	-0.050555	-0.002067	0.006167	-0.055137	0.062623	-0.057894	-0.039362	-0.085762	-0.033944	0.014500	0.008481	0.059900	0.001761	-0.018468	0.024463	-0.048939	0.020145	-0.074590	-0.044111	-0.014718	0.018560	-0.055850	-0.024770	-0.036726	-0.004093	-0.073649	-0.003838	-0.072395	0.011123	-0.027518	-0.005772	0.022752	-0.032636	-0.034600	-0.000584	0.024426	-0.054565	0.023194	-0.012539	-0.008531	0.054275	-0.058588	0.006091	-0.080505	0.958654	0.020503	-0.017311	-0.043287	-0.027370	-0.049800	0.013408	0.015671	-0.006563	0.008847	-0.045279	-0.021695	-0.027562	-0.006883	0.103250	-0.006538	-0.001530	0.048381	-0.005519	-0.001115	-0.084749	-0.020473	0.058807	-0.002169	-0.016084	-0.020137	-0.027539	
0.293521	-0.056250	-0.004769	0.032984	-0.022131	-0.025379	-0.008926	-0.016620	0.051589	-0.084419	0.009240	0.053408	0.004672	-0.034823	-0.038362	0.052776	0.022065	0.015321	-0.028306	0.006319	-0.025462	0.008824	-0.011094	0.010142	0.019027	-0.040209	0.009360	0.018334	-0.024409	-0.061586	-0.007045	0.083053	-0.035751	-0.016770	-0.035992	-0.019027	-0.014251	-0.007989	-0.006757	0.074619	-0.008003	0.030373	-0.064250	-0.065474	0.016212	-0.004366	-0.067639	0.002675	0.020503	0.960227	-0.044994	-0.026043	-0.018089	-0.108793	-0.062747	-0.025996	-0.013483	-0.023578	-0.062771	0.046336	0.001482	-0.033297	-0.006270	-0.034351	-0.000553	-0.025452	-0.013193	-0.016463	-0.083101	-0.038278	-0.054343	-0.032110	-0.041711	0.005009	-0.035732	
-0.031174	0.012054	-0.006905	-0.001272	-0.047035	-0.020400	0.010361	-0.074512	0.032502	-0.034073	-0.046588	0.043161	0.039212	0.021660	0.051901	-0.008531	-0.002952	0.005383	0.024027	-0.000468	-0.026182	-0.057232	0.027168	-0.048089	-0.056300	0.011660	-0.005122	-0.037178	-0.043217	-0.020432	0.030432	-0.034388	-0.022051	0.024792	0.011397	0.040902	-0.044298	-0.036655	-0.064401	-0.033832	0.054620	-0.016187	-0.082536	-0.033466	0.008098	-0.018068	0.074538	-0.060341	-0.017311	-0.044994	1.022127	-0.006284	-0.061784	-0.013425	-0.012726	-0.005434	-0.018449	-0.035138	-0.013544	-0.046173	0.032923	-0.070638	-0.003706	-0.068743	-0.065558	-0.015403	-0.059560	0.013571	0.000495	-0.002800	-0.041799	0.024953	-0.030834	-0.026557	-0.013721	
-0.008743	-0.026930	0.009063	-0.009236	-0.085029	0.020652	0.046974	0.043081	0.005238	-0.042598	-0.011943	-0.004942	-0.019107	-0.013871	0.006303	-0.014284	-0.005634	-0.026820	0.065010	-0.017108	-0.007241	-0.072005	0.007290	-0.034114	-0.025678	-0.088207	-0.046861	-0.029854	0.016838	0.006561	0.003769	-0.029585	0.029446	-0.000721	0.013860	0.000351	0.015095	-0.063993	0.010206	-0.019991	-0.000175	0.005284	-0.012405	-0.004464	0.019884	-0.026560	-0.074740	-0.002855	-0.043287	-0.026043	-0.006284	1.063374	-0.023762	0.003271	-0.066286	0.004482	-0.024340	-0.034738	0.002713	-0.011279	-0.051214	-0.021981	-0.038085	0.015389	-0.000527	-0.042033	-0.030940	0.003417	0.046794	-0.029544	-0.061165	-0.036327	0.001080	-0.092440	-0.032743	
0.030626	0.063275	0.022766	-0.011644	0.007632	-0.016745	-0.044976	-0.031380	-0.023580	-0.060306	0.022866	0.002566	-0.023846	0.044628	-0.007811	0.002531	-0.057555	0.031938	-0.045768	0.002955	0.025041	-0.044834	-0.011625	-0.034134	-0.001469	-0.025293	-0.004880	-0.031089	0.048800	-0.011585	-0.040136	-0.054299	-0.043523	-0.085718	0.026403	-0.037285	-0.166030	-0.039766	-0.038840	0.010247	0.022305	-0.019392	0.059902	-0.007237	0.007177	-0.039514	0.033291	0.033213	-0.027370	-0.018089	-0.061784	-0.023762	0.911550	0.021020	-0.027714	-0.045911	-0.032276	-0.027485	-0.045822	-0.061474	0.007532	-0.031537	-0.022021	-0.057923	-0.029699	-0.082867	-0.022036	-0.055142	-0.027500	0.112282	-0.021435	-0.010754	0.019363	0.028183	0.034165	
-0.142605	-0.000463	0.005235	-0.029668	-0.006495	-0.032202	0.018034	0.003050	-0.117775	-0.031914	-0.020864	-0.005065	-0.027537	-0.062819	-0.059676	-0.067024	-0.055957	-0.046983	0.002452	-0.005263	0.074701	-0.026411	0.008308	-0.004492	-0.044066	-0.074687	-0.083404	-0.000923	-0.021179	-0.061638	-0.025470	-0.007149	-0.038198	0.068149	0.031486	-0.025644	-0.090242	0.000337	0.020139	-0.037674	0.039698	0.024727	-0.055775	-0.020090	-0.074051	0.009395	-0.010379	0.007596	-0.049800	-0.108793	-0.013425	0.003271	0.021020	1.144244	0.006019	0.002468	0.040195	-0.038350	0.016306	0.029633	-0.117163	-0.044674	-0.002769	-0.009201	-0.029197	-0.040816	0.015352	-0.048302	-0.059108	-0.047891	-0.063082	-0.036376	0.090308	0.022412	0.057052	
-0.161503	-0.030373	-0.034003	-0.030738	-0.024529	-0.030344	-0.022809	0.048957	-0.090764	-0.043887	0.040966	-0.040005	-0.081532	0.003138	-0.029678	0.027781	-0.011334	-0.068953	0.009338	-0.062824	0.017752	0.003996	-0.062222	-0.015008	-0.022020	-0.035314	0.168324	-0.027587	-0.013419	0.033071	0.002543	0.041540	-0.017196	-0.028149	0.032822	-0.017835	0.150129	-0.053567	-0.015086	-0.047927	0.040345	-0.011845	-0.111932	0.013414	0.015170	0.008941	0.071299	-0.024566	0.013408	-0.062747	-0.012726	-0.066286	-0.027714	0.006019	0.975788	-0.055517	0.005954	-0.034547	0.028364	-0.026410	-0.101027	-0.014027	0.011127	0.015556	-0.043391	0.102258	-0.080080	-0.043226	0.020568	-0.109448	0.028608	0.031684	-0.004953	-0.035015	0.028696	
