1.012751	0.022429	-0.115460	0.078924	0.084044	-0.033649	-0.120596	-0.057824	-0.050611	0.203094	0.153733	-0.114741	0.042382	0.164200	0.095374	-0.066540	-0.053818	-0.007270	-0.017601	-0.111775	0.089626	-0.148132	-0.134685	-0.141541	-0.112338	0.034793	-0.216101	0.143760	0.384482	-0.147438	0.165597	-0.140360	-0.161288	-0.043130	0.068240	-0.035255	-0.277710	0.149683	-0.056795	0.135330	-0.130383	-0.154271	-0.002177	-0.060119	0.031301	-0.006823	0.167459	-0.061901	-0.045336	0.123253	-0.086307	-0.028019	-0.192975	-0.133672	0.166887	0.030386	-0.089300	-0.100729	-0.099526	-0.193903	-0.108622	-0.063445	-0.043417	-0.077091	0.060044	0.027816	-0.040419	-0.087281	-0.090872	-0.073264	0.256978	-0.037753	0.046482	0.086409	-0.017971	
0.022429	1.123543	-0.042228	0.017317	-0.026452	0.020571	0.024822	0.015365	-0.033671	0.013550	-0.010298	0.013204	-0.021563	0.003440	-0.017244	-0.090202	-0.030100	-0.008027	0.027956	-0.004462	-0.065900	-0.013135	-0.028934	-0.025937	0.006072	0.021190	-0.024868	0.063688	-0.011238	-0.034520	-0.035317	-0.032367	0.013338	-0.035823	0.073193	0.010066	-0.041109	-0.083993	0.009145	-0.021058	-0.068526	-0.033711	0.002398	-0.050496	0.071151	0.011678	-0.082155	-0.076166	-0.005251	-0.102312	-0.026402	0.000875	-0.034454	-0.015796	-0.001060	-0.059277	0.014393	-0.063976	-0.010042	0.002952	0.017373	-0.021718	-0.037342	0.059296	0.035951	-0.079325	-0.032655	0.019493	0.029303	-0.082554	-0.013436	-0.037831	0.001039	-0.014710	-0.095237	
-0.115460	-0.042228	1.009882	-0.005828	-0.021942	-0.015530	-0.000246	0.023866	-0.036842	-0.029959	0.045558	-0.043273	-0.024141	-0.017578	-0.025358	-0.022473	-0.026214	0.007391	-0.005641	0.008881	0.012754	-0.023562	0.001737	-0.013569	-0.008597	0.032036	-0.081966	-0.010106	-0.038322	-0.026471	-0.036606	-0.065253	-0.018621	-0.033646	-0.042660	0.009023	0.034657	-0.047191	-0.021020	-0.008030	-0.016803	-0.000773	-0.017604	0.006262	0.004007	0.019688	-0.060267	-0.049454	0.002323	0.012272	0.006322	-0.013966	-0.077457	0.003090	-0.051905	0.020518	0.022605	0.043920	0.012674	0.010925	-0.005793	0.006596	-0.026287	-0.023629	-0.012336	-0.040953	-0.030644	-0.036943	-0.052674	-0.029763	-0.040096	-0.008250	-0.033597	-0.020306	0.014681	
0.078924	0.017317	-0.005828	0.933547	-0.022457	0.014757	-0.029830	-0.064109	-0.026611	-0.023266	-0.020645	-0.045240	0.006998	-0.040957	-0.085216	0.014842	-0.034563	-0.024336	0.061303	-0.018932	-0.027043	-0.024259	-0.089990	0.025112	-0.016549	0.032540	-0.081827	-0.063997	-0.014773	-0.037356	-0.006813	-0.018874	-0.016019	-0.057176	-0.024838	-0.024387	-0.106020	-0.004775	-0.057150	0.067254	0.009261	-0.003404	0.090365	-0.020299	-0.029300	-0.030377	-0.015617	-0.019633	-0.020198	0.004592	0.003807	-0.032425	-0.049043	0.013822	-0.030589	-0.034043	-0.015130	0.014616	0.022567	0.005465	0.011005	-0.044829	-0.016158	0.036316	0.006514	0.000045	0.038964	-0.038882	0.007948	0.035001	-0.025647	-0.065958	-0.067471	-0.011820	-0.037420	
0.084044	-0.026452	-0.021942	-0.022457	1.115185	-0.023040	-0.040020	-0.061856	-0.058922	0.056243	-0.014951	-0.056362	0.026644	-0.002065	0.047298	0.050655	-0.041511	-0.022645	-0.085017	-0.021665	-0.016462	-0.000164	-0.094632	0.052832	-0.000003	0.029947	0.072726	-0.022933	-0.013579	-0.028241	-0.021381	-0.000602	-0.012486	0.006872	0.010828	-0.037058	-0.039554	0.016713	-0.059787	-0.006512	-0.030550	-0.010332	-0.056576	0.050951	-0.043060	-0.009543	-0.017130	0.012752	-0.000097	-0.064869	-0.056604	-0.047651	-0.063910	-0.006242	0.007002	0.019502	-0.010648	-0.049130	-0.016841	-0.008559	-0.054137	-0.013545	-0.035110	-0.026104	-0.019596	-0.011290	0.013493	-0.013284	-0.068137	-0.084361	-0.022323	0.058742	0.051603	-0.021510	-0.011891	
-0.033649	0.020571	-0.015530	0.014757	-0.023040	0.988940	0.032136	0.025072	-0.046345	0.019009	-0.061625	0.014398	-0.052135	-0.057603	-0.019666	-0.025177	-0.061090	-0.032610	-0.038158	-0.027764	-0.088657	-0.024105	-0.004740	0.027775	-0.012083	0.014890	0.121714	0.015757	-0.045083	-0.005639	0.006857	0.007599	-0.020324	0.001443	-0.016363	-0.023022	-0.085069	-0.007044	0.029811	0.000795	0.028317	-0.048005	-0.013573	-0.025611	-0.082014	-0.004140	-0.014761	-0.042523	-0.042267	0.038137	-0.070889	-0.055578	-0.024044	-0.019796	0.015004	-0.026609	-0.031995	0.008581	0.003711	-0.033866	0.004021	-0.022792	-0.035035	-0.041312	-0.016799	0.009990	0.024196	-0.029041	0.000876	-0.012590	0.030729	0.034166	0.011653	0.003630	-0.025185	
-0.120596	0.024822	-0.000246	-0.029830	-0.040020	0.032136	0.800486	0.025715	-0.030510	-0.020653	-0.073444	-0.013023	-0.045848	-0.002501	0.030130	-0.009823	-0.050925	0.002936	-0.007224	-0.039434	-0.031863	-0.080804	0.005546	-0.016208	-0.023190	0.009850	0.007659	0.058216	-0.070753	-0.101234	-0.053518	0.049714	-0.012764	-0.013144	-0.032305	-0.067675	-0.047505	-0.003681	0.053399	-0.019445	-0.020985	0.009245	-0.048961	-0.016162	-0.017095	0.026291	0.070369	-0.062410	-0.014463	-0.048629	0.010010	-0.013926	-0.060288	-0.014761	-0.057577	0.055625	0.042629	0.045616	0.013206	0.043185	-0.067057	-0.058505	0.014285	-0.039968	-0.029352	0.003795	0.051075	-0.052693	-0.090465	-0.001112	0.021629	0.063702	0.023921	0.030248	0.016790	
-0.057824	0.015365	0.023866	-0.064109	-0.061856	0.025072	0.025715	1.212123	0.004284	-0.022228	-0.043714	-0.016413	-0.035789	-0.041728	-0.127553	-0.026722	-0.111348	-0.012517	-0.017495	-0.068412	0.076580	-0.047922	0.038495	0.018424	-0.011614	0.028774	-0.047548	0.129101	-0.043517	0.002564	-0.036893	-0.033422	-0.016910	-0.041205	0.016081	0.024996	-0.023897	-0.031705	0.012805	-0.055226	-0.029262	-0.075511	-0.040252	-0.015922	-0.035208	-0.050420	-0.063251	-0.074686	-0.012478	-0.012758	-0.031138	-0.016444	-0.017279	-0.002884	-0.051527	0.029701	0.018170	-0.060722	-0.068967	-0.008532	-0.024844	-0.030743	-0.097671	0.006407	0.027952	-0.002719	-0.000903	-0.046261	-0.007005	0.054564	-0.047764	-0.000163	-0.003061	-0.018904	0.065687	
-0.050611	-0.033671	-0.036842	-0.026611	-0.058922	-0.046345	-0.030510	0.004284	0.850598	-0.011907	0.010914	0.060181	0.010053	-0.000264	-0.029065	-0.043145	0.014920	0.001655	-0.010888	0.005762	-0.032454	-0.011918	-0.019120	-0.008360	-0.027816	-0.026431	-0.019625	-0.049248	0.027494	-0.010973	-0.017235	0.048927	-0.003489	0.002905	-0.016820	-0.025101	-0.056617	0.019114	-0.025229	0.044318	0.014809	0.016954	0.034977	-0.018943	-0.057391	-0.038540	-0.005935	-0.015298	-0.068573	-0.034899	0.012868	0.016027	-0.033815	-0.033284	-0.044910	0.007389	-0.062663	-0.009091	-0.068966	0.032838	-0.006433	-0.032632	0.025178	-0.039998	-0.025669	0.022026	-0.022061	-0.049728	0.015242	-0.012987	-0.029748	-0.035004	0.037499	0.014085	-0.036434	
0.203094	0.013550	-0.029959	-0.023266	0.056243	0.019009	-0.020653	-0.022228	-0.011907	0.868336	-0.050374	0.031263	-0.014913	-0.074868	-0.012244	-0.028219	0.004042	-0.028651	-0.066050	0.016376	-0.011628	0.021983	-0.010631	-0.002730	0.011221	-0.001507	-0.100772	-0.046438	-0.004628	0.017816	0.006338	-0.025298	0.010896	-0.020370	0.035265	-0.046382	-0.036487	-0.016344	0.000162	-0.019503	-0.028712	-0.030995	0.005955	-0.027999	-0.036908	-0.060898	0.091853	0.046723	-0.011319	0.009229	-0.018403	-0.023238	-0.035053	-0.031614	-0.000705	0.006386	-0.008225	-0.031894	-0.048507	-0.036526	-0.002917	-0.001679	0.026248	0.048774	-0.042645	0.000857	-0.014490	-0.044140	0.014192	-0.063133	-0.025737	-0.028877	-0.035219	-0.031820	-0.074323	
0.153733	-0.010298	0.045558	-0.020645	-0.014951	-0.061625	-0.073444	-0.043714	0.010914	-0.050374	0.997124	0.002323	-0.055656	-0.001184	-0.051483	-0.012836	0.018181	0.016123	-0.055332	0.013881	-0.056594	-0.024552	0.001432	0.026323	-0.054951	0.027560	0.000792	0.045363	-0.017081	-0.026114	-0.054085	-0.017427	-0.038199	-0.013107	0.010339	-0.018877	-0.087442	-0.015143	-0.025647	0.009185	-0.044581	0.005927	0.017882	0.001257	0.025730	-0.047275	-0.046480	-0.012345	0.009424	-0.070871	-0.015851	0.048714	0.005079	-0.011623	-0.020258	0.027184	-0.057563	-0.006041	-0.011375	-0.030484	-0.001222	-0.033353	-0.040519	-0.031367	0.012691	-0.018699	0.014404	-0.022222	-0.037994	-0.061180	-0.066290	-0.027733	0.018276	0.037561	-0.031148	
-0.114741	0.013204	-0.043273	-0.045240	-0.056362	0.014398	-0.013023	-0.016413	0.060181	0.031263	0.002323	0.948223	-0.002653	-0.013211	-0.054265	-0.005201	-0.029030	-0.008384	0.016789	0.005141	-0.062990	-0.022944	-0.018080	-0.037813	-0.052532	-0.043877	-0.017045	-0.002024	-0.032531	0.024017	-0.014912	-0.031354	-0.048346	-0.014227	-0.032996	0.028465	-0.061393	-0.025188	-0.033244	-0.007104	-0.029125	-0.005435	0.046325	-0.045061	-0.008511	-0.006787	0.004033	-0.016557	-0.025914	-0.026022	-0.037110	0.004247	-0.055538	0.006273	-0.039837	-0.047998	-0.007409	0.021051	0.007482	0.000717	0.002734	-0.061040	0.017779	0.003409	0.016628	-0.023303	0.000909	-0.067064	0.008065	-0.016473	0.032263	0.022454	-0.015158	-0.043295	-0.009335	
0.042382	-0.021563	-0.024141	0.006998	0.026644	-0.052135	-0.045848	-0.035789	0.010053	-0.014913	-0.055656	-0.002653	1.213954	-0.005646	-0.029236	-0.031743	-0.002783	-0.003838	-0.002310	0.016364	-0.006135	-0.033314	-0.029058	-0.018851	-0.041338	-0.012523	-0.081161	-0.039119	-0.056769	0.012111	-0.004968	-0.015582	-0.008855	-0.042395	-0.051983	0.005125	0.006534	0.001459	-0.031468	-0.019888	-0.037119	-0.041525	-0.011890	-0.012874	-0.026501	-0.039982	-0.006646	-0.021238	-0.003551	-0.010527	-0.005464	-0.001671	-0.057423	0.013228	-0.029155	0.002916	-0.021420	-0.073389	0.016072	-0.023671	0.061283	-0.019322	-0.004710	-0.104601	-0.018995	-0.005095	-0.003935	0.036172	0.004341	-0.002697	-0.014718	-0.068213	-0.040002	-0.044860	0.001526	
0.164200	0.003440	-0.017578	-0.040957	-0.002065	-0.057603	-0.002501	-0.041728	-0.000264	-0.074868	-0.001184	-0.013211	-0.005646	0.979063	-0.032629	-0.001575	-0.013090	-0.071581	0.040478	-0.026177	0.013350	-0.023197	0.013032	-0.005040	0.020116	-0.004053	-0.071493	0.009386	-0.008562	-0.013846	-0.037704	-0.007778	-0.046427	-0.005154	-0.031553	-0.046495	0.145367	-0.002544	-0.044438	-0.055477	-0.009469	-0.073415	-0.023057	-0.023775	-0.019406	-0.052077	0.031417	-0.006209	-0.031245	0.026529	-0.005983	0.012523	0.011528	0.013109	-0.018840	-0.011366	-0.020661	-0.001543	-0.072125	0.038895	0.005984	0.016086	-0.013290	-0.052097	-0.024415	0.005784	-0.073202	-0.007604	-0.032504	-0.002582	-0.006810	0.000867	-0.007663	-0.001256	-0.017776	
0.095374	-0.017244	-0.025358	-0.085216	0.047298	-0.019666	0.030130	-0.127553	-0.029065	-0.012244	-0.051483	-0.054265	-0.029236	-0.032629	1.053864	0.017788	-0.049412	-0.045516	-0.034304	-0.036411	-0.065532	-0.009190	0.061710	-0.017457	-0.021634	0.052091	-0.086466	-0.031550	0.042735	-0.086388	-0.024966	0.052398	-0.044759	0.039870	0.033254	-0.056170	-0.096595	-0.049038	-0.045162	0.033440	0.027616	-0.031731	-0.028843	-0.004411	0.003639	0.000804	-0.066969	-0.028827	0.014773	-0.004074	-0.008954	-0.017422	0.015302	0.002449	0.002239	0.028283	-0.065043	-0.011212	0.055919	-0.039871	-0.031975	-0.037996	-0.054907	0.035808	0.013524	-0.056128	-0.079956	-0.036651	0.038785	-0.016993	0.002161	-0.004164	-0.031392	0.021012	-0.029334	
-0.066540	-0.090202	-0.022473	0.014842	0.050655	-0.025177	-0.009823	-0.026722	-0.043145	-0.028219	-0.012836	-0.005201	-0.031743	-0.001575	0.017788	1.102020	-0.002439	-0.037712	-0.003271	-0.044934	-0.054226	0.045711	-0.030116	-0.014803	-0.011722	0.020288	-0.012624	-0.040707	-0.038478	-0.000136	0.025560	-0.043075	-0.003050	-0.001254	-0.003802	-0.017159	-0.047811	-0.013137	0.008367	-0.055786	-0.027847	-0.072173	-0.095448	-0.087593	-0.046645	0.002280	-0.034870	-0.018132	-0.007054	0.080293	-0.022704	0.022095	-0.029460	-0.009167	-0.034227	-0.062744	-0.021591	-0.045015	0.055283	-0.014512	-0.019308	-0.016671	0.004185	-0.083176	0.009766	-0.041914	0.022696	0.007914	-0.002828	0.016760	-0.040945	0.041844	-0.021045	-0.017883	-0.009360	
-0.053818	-0.030100	-0.026214	-0.034563	-0.041511	-0.061090	-0.050925	-0.111348	0.014920	0.004042	0.018181	-0.029030	-0.002783	-0.013090	-0.049412	-0.002439	0.965041	-0.005122	-0.012600	0.033418	-0.007802	-0.036779	-0.015149	-0.023074	0.005644	-0.020983	-0.090717	-0.017444	-0.025135	0.015404	-0.010272	-0.040883	0.027573	0.002722	-0.032147	0.005862	-0.062394	-0.041241	0.032473	-0.020375	-0.022633	0.051920	-0.010837	0.077719	-0.037612	-0.023079	-0.019671	-0.002606	-0.062598	0.056695	-0.050511	0.033166	-0.036513	-0.028396	0.043478	0.006782	-0.020133	-0.013399	-0.043052	-0.010467	0.011721	-0.007353	-0.006508	-0.048037	0.002178	-0.018677	-0.046031	-0.037506	-0.014908	-0.032935	-0.034961	-0.009723	-0.062031	-0.025598	-0.012644	
-0.007270	-0.008027	0.007391	-0.024336	-0.022645	-0.032610	0.002936	-0.012517	0.001655	-0.028651	0.016123	-0.008384	-0.003838	-0.071581	-0.045516	-0.037712	-0.005122	0.945068	-0.040711	-0.000581	-0.007862	-0.015266	-0.031819	-0.040148	-0.012250	-0.029910	0.033281	-0.067945	-0.009587	-0.001110	-0.058002	-0.012416	0.040828	-0.022605	-0.033387	0.010862	0.001126	0.017566	-0.015279	-0.023144	-0.027412	-0.044294	-0.036273	-0.019396	0.055843	0.007241	-0.010345	-0.043041	-0.022259	-0.031174	0.003095	-0.027105	0.009093	0.025158	-0.050628	-0.059125	-0.012774	-0.022570	-0.001305	-0.006470	0.022409	-0.024762	0.007092	-0.027728	-0.037419	-0.021027	-0.024197	0.027846	-0.014379	-0.020741	0.008577	0.082024	0.004604	-0.028165	-0.011049	
-0.017601	0.027956	-0.005641	0.061303	-0.085017	-0.038158	-0.007224	-0.017495	-0.010888	-0.066050	-0.055332	0.016789	-0.002310	0.040478	-0.034304	-0.003271	-0.012600	-0.040711	0.951057	-0.000010	-0.032280	-0.014727	-0.016318	0.025693	-0.026022	-0.028003	0.015030	-0.013758	-0.013434	-0.042030	0.002780	-0.019448	-0.034915	0.005401	0.020336	-0.064179	-0.114299	-0.044467	0.012835	-0.022974	-0.013223	0.004101	-0.012378	-0.059800	-0.002046	-0.044035	-0.010193	-0.029848	-0.014284	-0.028701	-0.088640	0.010801	0.004992	-0.028023	0.041537	0.000885	0.044820	-0.014665	-0.019554	0.017623	0.000967	-0.054291	0.046745	-0.043384	-0.052928	-0.050508	-0.081860	0.006169	0.024067	0.005945	-0.033844	0.016748	0.018099	-0.040584	0.035127	
-0.111775	-0.004462	0.008881	-0.018932	-0.021665	-0.027764	-0.039434	-0.068412	0.005762	0.016376	0.013881	0.005141	0.016364	-0.026177	-0.036411	-0.044934	0.033418	-0.000581	-0.000010	0.946049	-0.005431	0.038530	-0.003761	-0.002621	-0.004661	-0.026635	-0.059691	-0.002821	0.031732	-0.007748	-0.056934	-0.004310	-0.012917	-0.029565	-0.070929	0.011289	-0.115485	0.025302	-0.073456	0.008719	-0.045009	-0.013523	-0.032626	-0.025854	-0.020359	-0.014114	-0.009374	0.046772	-0.054125	0.029969	-0.017041	0.022217	-0.012036	-0.033721	-0.004487	-0.013532	-0.029139	0.025444	-0.028562	0.000880	0.013422	-0.030345	-0.035457	0.022309	-0.030553	-0.024288	-0.034370	-0.059401	-0.017556	-0.048052	0.017584	-0.059631	-0.009797	-0.071467	-0.011736	
0.089626	-0.065900	0.012754	-0.027043	-0.016462	-0.088657	-0.031863	0.076580	-0.032454	-0.011628	-0.056594	-0.062990	-0.006135	0.013350	-0.065532	-0.054226	-0.007802	-0.007862	-0.032280	-0.005431	1.060658	0.018216	0.003458	-0.024853	-0.007666	-0.010151	-0.006171	-0.020123	-0.005434	0.027996	0.030407	0.008026	-0.016099	-0.027951	-0.001680	-0.006018	0.046223	0.015336	-0.055527	-0.099711	-0.025185	-0.008370	0.020812	0.008380	-0.060546	-0.006401	-0.014448	-0.013011	-0.008156	-0.056443	0.010724	0.004318	0.042474	0.006088	-0.042472	0.009161	0.002235	0.015723	0.001981	-0.037648	-0.012783	-0.015137	0.005696	-0.008637	-0.007335	-0.012259	-0.097747	-0.025446	-0.046583	-0.010307	-0.045627	0.019920	-0.035395	0.027342	-0.066250	
-0.148132	-0.013135	-0.023562	-0.024259	-0.000164	-0.024105	-0.080804	-0.047922	-0.011918	0.021983	-0.024552	-0.022944	-0.033314	-0.023197	-0.009190	0.045711	-0.036779	-0.015266	-0.014727	0.038530	0.018216	0.969232	-0.021913	0.002162	-0.049750	0.038102	-0.095877	-0.048989	0.021116	0.000960	0.044356	-0.043902	0.024431	-0.031620	-0.019010	0.008546	-0.009996	-0.051480	-0.012554	-0.000427	-0.005476	-0.003246	0.022936	-0.040074	-0.034599	0.011535	0.003125	-0.045027	-0.040646	-0.014075	-0.039933	-0.055011	-0.023223	-0.071950	-0.028349	-0.027324	0.030375	-0.029887	-0.058410	0.001714	-0.064699	0.001029	-0.023776	-0.004982	-0.046720	-0.009820	0.070475	-0.029545	-0.023168	0.014440	-0.055197	-0.042096	0.019975	0.001405	0.044274	
-0.134685	-0.028934	0.001737	-0.089990	-0.094632	-0.004740	0.005546	0.038495	-0.019120	-0.010631	0.001432	-0.018080	-0.029058	0.013032	0.061710	-0.030116	-0.015149	-0.031819	-0.016318	-0.003761	0.003458	-0.021913	0.811564	0.009035	-0.023567	0.010938	-0.008637	-0.024338	0.093731	0.016460	-0.031939	-0.035311	-0.011566	-0.005633	0.005864	-0.010361	-0.004458	-0.040618	-0.021072	-0.051436	0.020063	-0.066933	0.013089	-0.007569	0.008650	-0.080473	0.032004	0.001538	-0.019017	-0.011674	0.005178	-0.002518	-0.011209	0.027472	0.011270	-0.029858	0.005070	-0.054909	-0.079426	-0.019154	0.059843	-0.015050	0.048792	-0.016832	-0.049457	-0.011182	-0.027308	-0.048755	0.003780	-0.001559	-0.033711	-0.022727	0.005912	-0.009206	0.003330	
-0.141541	-0.025937	-0.013569	0.025112	0.052832	0.027775	-0.016208	0.018424	-0.008360	-0.002730	0.026323	-0.037813	-0.018851	-0.005040	-0.017457	-0.014803	-0.023074	-0.040148	0.025693	-0.002621	-0.024853	0.002162	0.009035	0.962980	-0.014146	0.063813	-0.059391	-0.002074	0.009217	-0.039601	-0.023259	-0.031074	-0.009731	-0.029248	-0.063791	-0.046364	-0.157843	-0.038089	-0.028534	-0.016023	0.017901	0.019850	-0.066987	0.005772	-0.068573	-0.020538	-0.051843	-0.004639	0.007312	0.002947	-0.057156	-0.027535	-0.023554	-0.040541	-0.021863	0.010689	-0.034559	-0.033797	0.038293	0.010846	-0.060119	0.009816	-0.044879	-0.010702	0.035752	-0.011070	0.002953	0.005195	0.022014	-0.057256	-0.052119	-0.023469	-0.043806	0.009096	-0.051402	
-0.112338	0.006072	-0.008597	-0.016549	-0.000003	-0.012083	-0.023190	-0.011614	-0.027816	0.011221	-0.054951	-0.052532	-0.041338	0.020116	-0.021634	-0.011722	0.005644	-0.012250	-0.026022	-0.004661	-0.007666	-0.049750	-0.023567	-0.014146	0.930489	-0.064940	-0.053433	-0.015802	-0.012439	-0.033338	-0.006635	-0.032318	0.029216	-0.035858	-0.048172	-0.011133	0.117484	0.014192	0.017924	-0.069660	0.025921	-0.035540	-0.029539	-0.014841	-0.007112	-0.009510	-0.012827	-0.010112	0.005079	0.015957	0.007695	-0.015946	-0.008313	0.057588	0.009934	-0.003099	-0.035927	-0.009737	-0.024150	-0.021937	0.021422	-0.032357	-0.037763	-0.018517	-0.011849	-0.010304	0.030844	0.021038	-0.028966	-0.000037	-0.004974	-0.023378	-0.037996	-0.045537	-0.032004	
0.034793	0.021190	0.032036	0.032540	0.029947	0.014890	0.009850	0.028774	-0.026431	-0.001507	0.027560	-0.043877	-0.012523	-0.004053	0.052091	0.020288	-0.020983	-0.029910	-0.028003	-0.026635	-0.010151	0.038102	0.010938	0.063813	-0.064940	0.936964	0.047164	0.032382	-0.035692	-0.017412	0.011862	-0.013243	-0.044593	0.006847	-0.031314	-0.038174	-0.068818	0.043607	-0.023316	-0.029868	-0.040004	-0.038673	-0.003368	-0.022794	-0.024550	-0.031849	0.004612	-0.063120	-0.026800	-0.014363	-0.006563	-0.048050	-0.021367	-0.024252	-0.049903	-0.014192	-0.056433	-0.012662	-0.010487	-0.026035	-0.040668	-0.069542	0.015854	0.007473	-0.022085	0.002732	-0.041157	-0.027803	-0.035273	-0.009488	-0.073976	-0.007932	-0.078270	0.035783	-0.008245	
-0.216101	-0.024868	-0.081966	-0.081827	0.072726	0.121714	0.007659	-0.047548	-0.019625	-0.100772	0.000792	-0.017045	-0.081161	-0.071493	-0.086466	-0.012624	-0.090717	0.033281	0.015030	-0.059691	-0.006171	-0.095877	-0.008637	-0.059391	-0.053433	0.047164	1.070234	-0.059605	-0.012337	0.037696	0.069749	-0.061714	-0.039644	0.022033	0.000757	0.120137	-0.218211	-0.055381	-0.042496	-0.006306	-0.039489	0.089838	0.006427	0.036635	-0.027709	-0.058909	-0.018058	0.014768	-0.039189	-0.105771	0.146224	-0.120635	-0.019050	-0.088640	0.023117	-0.065302	0.012538	0.026444	0.057096	-0.076456	-0.002758	-0.005975	-0.058039	0.022807	-0.040556	0.068465	-0.109133	0.245453	-0.066562	-0.125798	0.107767	-0.048352	-0.109218	0.084488	-0.067869	
0.143760	0.063688	-0.010106	-0.063997	-0.022933	0.015757	0.058216	0.129101	-0.049248	-0.046438	0.045363	-0.002024	-0.039119	0.009386	-0.031550	-0.040707	-0.017444	-0.067945	-0.013758	-0.002821	-0.020123	-0.048989	-0.024338	-0.002074	-0.015802	0.032382	-0.059605	0.975110	-0.013551	-0.046769	-0.017452	-0.024337	-0.001973	-0.019929	-0.027653	-0.026955	-0.040425	-0.009429	0.020086	-0.038902	0.026389	-0.008744	-0.065168	-0.026377	-0.034662	-0.017704	-0.018676	0.028120	-0.026931	-0.000896	-0.027345	-0.052974	0.003670	-0.001821	0.056487	-0.020492	0.002430	-0.046677	-0.024328	0.006947	-0.074810	0.050583	-0.022446	0.021369	0.004391	0.003887	-0.045319	-0.005424	-0.027831	-0.041991	-0.010931	-0.035525	-0.037095	-0.035346	-0.033489	
0.384482	-0.011238	-0.038322	-0.014773	-0.013579	-0.045083	-0.070753	-0.043517	0.027494	-0.004628	-0.017081	-0.032531	-0.056769	-0.008562	0.042735	-0.038478	-0.025135	-0.009587	-0.013434	0.031732	-0.005434	0.021116	0.093731	0.009217	-0.012439	-0.035692	-0.012337	-0.013551	0.872526	0.068708	-0.030486	-0.035861	0.003116	-0.013254	0.001498	0.001507	-0.019268	-0.011112	-0.055636	-0.029438	-0.007518	0.042202	0.013848	0.068131	-0.054224	-0.051668	0.055094	-0.013022	-0.005401	-0.005993	-0.054110	-0.027263	-0.046560	0.030194	-0.022868	-0.026000	-0.052558	-0.061526	-0.001507	-0.042805	-0.026312	-0.019910	-0.020364	0.007769	-0.040487	-0.004988	-0.050396	-0.050947	-0.019237	-0.016912	0.010945	-0.018330	-0.006067	0.001249	-0.055813	
-0.147438	-0.034520	-0.026471	-0.037356	-0.028241	-0.005639	-0.101234	0.002564	-0.010973	0.017816	-0.026114	0.024017	0.012111	-0.013846	-0.086388	-0.000136	0.015404	-0.001110	-0.042030	-0.007748	0.027996	0.000960	0.016460	-0.039601	-0.033338	-0.017412	0.037696	-0.046769	0.068708	1.000929	-0.040817	0.017266	-0.003306	-0.014573	-0.030223	0.015450	-0.075494	0.051267	0.011595	-0.064369	-0.012145	-0.037267	0.059513	-0.032511	-0.007013	0.013906	-0.085220	0.076563	-0.036938	-0.020093	-0.058635	0.014580	-0.017886	-0.068293	-0.051390	-0.013189	-0.055289	-0.005094	-0.026908	-0.028598	0.034589	-0.049249	-0.032871	-0.039467	-0.016585	-0.002600	0.002034	-0.053680	-0.008951	-0.030921	0.000916	-0.011081	-0.008872	0.011056	-0.068550	
0.165597	-0.035317	-0.036606	-0.006813	-0.021381	0.006857	-0.053518	-0.036893	-0.017235	0.006338	-0.054085	-0.014912	-0.004968	-0.037704	-0.024966	0.025560	-0.010272	-0.058002	0.002780	-0.056934	0.030407	0.044356	-0.031939	-0.023259	-0.006635	0.011862	0.069749	-0.017452	-0.030486	-0.040817	0.918640	-0.054272	-0.017282	-0.033460	0.043889	-0.018122	-0.058956	0.018971	0.014937	-0.023061	-0.010025	0.001273	0.020554	-0.039069	0.003213	-0.036873	-0.013377	0.004004	0.018243	-0.000116	-0.015710	-0.039691	-0.030839	-0.021702	0.013578	0.030911	-0.028499	-0.080748	0.001158	-0.053230	-0.053262	-0.013685	-0.039824	-0.035821	-0.003596	-0.021913	0.019753	-0.019015	0.027609	0.044586	0.011121	-0.002590	-0.044248	-0.011248	-0.036328	
-0.140360	-0.032367	-0.065253	-0.018874	-0.000602	0.007599	0.049714	-0.033422	0.048927	-0.025298	-0.017427	-0.031354	-0.015582	-0.007778	0.052398	-0.043075	-0.040883	-0.012416	-0.019448	-0.004310	0.008026	-0.043902	-0.035311	-0.031074	-0.032318	-0.013243	-0.061714	-0.024337	-0.035861	0.017266	-0.054272	1.095626	-0.031987	-0.035696	-0.026023	-0.000869	-0.088289	0.021688	0.039943	-0.000792	-0.021540	0.013930	-0.017677	-0.047814	-0.022808	0.001641	-0.024199	-0.013364	-0.043246	-0.075469	-0.005021	-0.011699	0.028763	-0.037196	-0.013861	-0.031235	0.003777	-0.002573	-0.038333	0.012821	-0.059574	-0.046747	0.009544	-0.025988	-0.037038	-0.000695	0.023848	-0.032780	-0.038734	-0.026242	0.026103	-0.027623	-0.010301	-0.027036	0.047250	
-0.161288	0.013338	-0.018621	-0.016019	-0.012486	-0.020324	-0.012764	-0.016910	-0.003489	0.010896	-0.038199	-0.048346	-0.008855	-0.046427	-0.044759	-0.003050	0.027573	0.040828	-0.034915	-0.012917	-0.016099	0.024431	-0.011566	-0.009731	0.029216	-0.044593	-0.039644	-0.001973	0.003116	-0.003306	-0.017282	-0.031987	0.845015	-0.005134	-0.047628	0.018977	-0.000649	-0.009496	0.016733	-0.005509	-0.014768	-0.038848	0.039460	-0.029925	-0.045987	-0.014994	-0.047784	-0.012148	-0.004239	0.008462	-0.040848	-0.011232	0.045514	-0.049990	-0.003876	0.008856	-0.025841	0.014966	0.012192	-0.033815	-0.043843	-0.018748	0.012551	-0.075078	-0.033891	-0.073285	-0.052707	0.003854	-0.002102	0.013015	-0.018093	0.042526	0.021806	-0.019126	-0.017617	
-0.043130	-0.035823	-0.033646	-0.057176	0.006872	0.001443	-0.013144	-0.041205	0.002905	-0.020370	-0.013107	-0.014227	-0.042395	-0.005154	0.039870	-0.001254	0.002722	-0.022605	0.005401	-0.029565	-0.027951	-0.031620	-0.005633	-0.029248	-0.035858	0.006847	0.022033	-0.019929	-0.013254	-0.014573	-0.033460	-0.035696	-0.005134	0.992802	-0.044348	0.008217	-0.017307	0.007619	-0.018979	-0.059986	-0.018355	-0.037418	0.010925	-0.045809	-0.043844	-0.002777	0.078398	-0.032575	0.018202	-0.029873	-0.066501	-0.033744	-0.017591	-0.025166	0.022294	-0.014530	-0.027650	0.036645	-0.069342	-0.035172	0.015060	0.022595	-0.006772	0.025192	-0.039414	0.005151	-0.017075	-0.023594	-0.014838	-0.012076	0.023190	-0.028433	-0.029535	0.006479	0.005461	
0.068240	0.073193	-0.042660	-0.024838	0.010828	-0.016363	-0.032305	0.016081	-0.016820	0.035265	0.010339	-0.032996	-0.051983	-0.031553	0.033254	-0.003802	-0.032147	-0.033387	0.020336	-0.070929	-0.001680	-0.019010	0.005864	-0.063791	-0.048172	-0.031314	0.000757	-0.027653	0.001498	-0.030223	0.043889	-0.026023	-0.047628	-0.044348	0.886423	-0.003765	-0.007123	-0.016619	-0.026735	-0.046732	-0.069796	-0.041641	-0.004603	-0.028315	-0.004217	0.006579	-0.014906	-0.044758	-0.018109	-0.018447	-0.006509	-0.034016	0.038324	-0.008365	-0.035021	0.021089	0.006811	-0.032636	-0.013380	-0.007911	0.013315	0.033520	-0.067893	0.024215	0.012662	-0.001714	-0.030409	-0.038120	0.018678	0.005038	0.056731	-0.023296	0.037144	-0.004898	-0.035754	
-0.035255	0.010066	0.009023	-0.024387	-0.037058	-0.023022	-0.067675	0.024996	-0.025101	-0.046382	-0.018877	0.028465	0.005125	-0.046495	-0.056170	-0.017159	0.005862	0.010862	-0.064179	0.011289	-0.006018	0.008546	-0.010361	-0.046364	-0.011133	-0.038174	0.120137	-0.026955	0.001507	0.015450	-0.018122	-0.000869	0.018977	0.008217	-0.003765	0.997218	0.007755	-0.029627	-0.020461	-0.021980	-0.058277	-0.020560	0.009103	-0.048651	0.004104	0.011112	-0.048630	-0.041805	-0.023798	-0.006993	-0.017158	0.002029	-0.055369	-0.034316	-0.038236	-0.006194	0.001552	0.016518	0.017108	-0.037840	0.014091	0.039004	0.023583	-0.033937	-0.056337	-0.006441	-0.047181	0.022399	-0.020273	0.024246	-0.021589	-0.044098	-0.009573	-0.056273	-0.043166	
-0.277710	-0.041109	0.034657	-0.106020	-0.039554	-0.085069	-0.047505	-0.023897	-0.056617	-0.036487	-0.087442	-0.061393	0.006534	0.145367	-0.096595	-0.047811	-0.062394	0.001126	-0.114299	-0.115485	0.046223	-0.009996	-0.004458	-0.157843	0.117484	-0.068818	-0.218211	-0.040425	-0.019268	-0.075494	-0.058956	-0.088289	-0.000649	-0.017307	-0.007123	0.007755	1.365736	-0.056411	0.082027	-0.040863	-0.165351	-0.079553	-0.115195	-0.067432	-0.037600	-0.020444	-0.146495	0.023757	0.021512	0.051243	0.003222	-0.052469	-0.018822	0.102405	0.079811	0.038870	0.088817	-0.039153	0.089467	0.120457	0.065526	0.040626	0.030066	0.175930	-0.114541	-0.035698	-0.014925	-0.084924	-0.046651	-0.072879	0.036496	-0.040294	0.005900	-0.036004	-0.022350	
0.149683	-0.083993	-0.047191	-0.004775	0.016713	-0.007044	-0.003681	-0.031705	0.019114	-0.016344	-0.015143	-0.025188	0.001459	-0.002544	-0.049038	-0.013137	-0.041241	0.017566	-0.044467	0.025302	0.015336	-0.051480	-0.040618	-0.038089	0.014192	0.043607	-0.055381	-0.009429	-0.011112	0.051267	0.018971	0.021688	-0.009496	0.007619	-0.016619	-0.029627	-0.056411	1.055457	-0.002145	-0.023028	-0.080326	-0.047686	-0.062585	-0.055507	-0.022693	-0.045073	-0.009116	-0.039410	-0.041697	-0.000788	-0.025418	-0.042099	-0.042530	-0.008647	-0.029536	-0.010285	-0.078103	-0.018665	0.008245	-0.043989	-0.007963	-0.031482	0.019684	-0.018721	-0.036471	0.018508	0.037629	0.018961	-0.066026	0.045203	0.012014	-0.039715	-0.047161	0.004772	0.032392	
-0.056795	0.009145	-0.021020	-0.057150	-0.059787	0.029811	0.053399	0.012805	-0.025229	0.000162	-0.025647	-0.033244	-0.031468	-0.044438	-0.045162	0.008367	0.032473	-0.015279	0.012835	-0.073456	-0.055527	-0.012554	-0.021072	-0.028534	0.017924	-0.023316	-0.042496	0.020086	-0.055636	0.011595	0.014937	0.039943	0.016733	-0.018979	-0.026735	-0.020461	0.082027	-0.002145	0.977355	-0.019406	-0.042572	-0.029712	0.001582	-0.023879	-0.040761	-0.079733	-0.012726	-0.016682	-0.023153	-0.023355	0.072868	-0.016049	0.018767	-0.013308	0.017178	-0.046661	-0.015521	-0.029927	-0.030401	-0.021528	-0.036922	-0.026439	-0.040691	-0.033607	-0.034034	0.030330	-0.020916	-0.017041	-0.029394	-0.005774	0.005885	-0.039266	-0.000239	0.020869	0.036058	
0.135330	-0.021058	-0.008030	0.067254	-0.006512	0.000795	-0.019445	-0.055226	0.044318	-0.019503	0.009185	-0.007104	-0.019888	-0.055477	0.033440	-0.055786	-0.020375	-0.023144	-0.022974	0.008719	-0.099711	-0.000427	-0.051436	-0.016023	-0.069660	-0.029868	-0.006306	-0.038902	-0.029438	-0.064369	-0.023061	-0.000792	-0.005509	-0.059986	-0.046732	-0.021980	-0.040863	-0.023028	-0.019406	0.985189	0.027860	0.037291	0.033536	0.067306	0.001968	-0.002171	-0.034914	0.004266	-0.002942	0.031885	-0.011244	-0.005128	-0.023677	0.003669	0.011660	-0.024934	-0.040633	0.006836	0.012908	0.000141	-0.015524	-0.038470	-0.008355	-0.053085	0.048144	-0.030973	-0.012634	0.009857	-0.067396	-0.067467	0.005705	0.002753	-0.047297	-0.037015	-0.046265	
-0.130383	-0.068526	-0.016803	0.009261	-0.030550	0.028317	-0.020985	-0.029262	0.014809	-0.028712	-0.044581	-0.029125	-0.037119	-0.009469	0.027616	-0.027847	-0.022633	-0.027412	-0.013223	-0.045009	-0.025185	-0.005476	0.020063	0.017901	0.025921	-0.040004	-0.039489	0.026389	-0.007518	-0.012145	-0.010025	-0.021540	-0.014768	-0.018355	-0.069796	-0.058277	-0.165351	-0.080326	-0.042572	0.027860	0.983688	-0.015339	-0.025177	0.026594	0.008929	0.016618	-0.029920	-0.023438	-0.024674	-0.022032	-0.038502	0.012517	0.024572	0.025449	0.003044	-0.062956	0.003101	-0.039983	-0.046709	0.027840	-0.004692	-0.022558	-0.022320	-0.040069	0.007591	0.000421	-0.006567	-0.033501	0.006194	-0.013377	0.016515	0.007519	-0.025842	-0.028878	0.005524	
-0.154271	-0.033711	-0.000773	-0.003404	-0.010332	-0.048005	0.009245	-0.075511	0.016954	-0.030995	0.005927	-0.005435	-0.041525	-0.073415	-0.031731	-0.072173	0.051920	-0.044294	0.004101	-0.013523	-0.008370	-0.003246	-0.066933	0.019850	-0.035540	-0.038673	0.089838	-0.008744	0.042202	-0.037267	0.001273	0.013930	-0.038848	-0.037418	-0.041641	-0.020560	-0.079553	-0.047686	-0.029712	0.037291	-0.015339	1.175533	0.016639	-0.013532	0.007437	0.017184	-0.072959	-0.037532	0.042164	-0.053203	0.032383	0.015083	-0.016845	-0.048765	-0.034825	-0.007266	-0.010672	-0.012897	0.013212	-0.043650	-0.041224	-0.017469	-0.024935	0.034994	-0.003386	0.010996	-0.046144	-0.005070	-0.055407	-0.051506	-0.057408	-0.008323	-0.011198	0.003861	-0.057289	
-0.002177	0.002398	-0.017604	0.090365	-0.056576	-0.013573	-0.048961	-0.040252	0.034977	0.005955	0.017882	0.046325	-0.011890	-0.023057	-0.028843	-0.095448	-0.010837	-0.036273	-0.012378	-0.032626	0.020812	0.022936	0.013089	-0.066987	-0.029539	-0.003368	0.006427	-0.065168	0.013848	0.059513	0.020554	-0.017677	0.039460	0.010925	-0.004603	0.009103	-0.115195	-0.062585	0.001582	0.033536	-0.025177	0.016639	1.004481	-0.016354	-0.015773	-0.058624	-0.097909	0.014764	0.031187	-0.062278	-0.005925	-0.020048	0.038537	-0.044347	-0.052303	0.012052	-0.034772	0.001706	-0.077434	-0.026744	-0.013901	-0.020877	-0.038559	-0.050475	-0.036109	-0.021533	-0.030430	-0.033362	-0.042950	0.032066	-0.012912	-0.024660	-0.030532	-0.031704	-0.050401	
-0.060119	-0.050496	0.006262	-0.020299	0.050951	-0.025611	-0.016162	-0.015922	-0.018943	-0.027999	0.001257	-0.045061	-0.012874	-0.023775	-0.004411	-0.087593	0.077719	-0.019396	-0.059800	-0.025854	0.008380	-0.040074	-0.007569	0.005772	-0.014841	-0.022794	0.036635	-0.026377	0.068131	-0.032511	-0.039069	-0.047814	-0.029925	-0.045809	-0.028315	-0.048651	-0.067432	-0.055507	-0.023879	0.067306	0.026594	-0.013532	-0.016354	1.046769	-0.075625	-0.008822	0.003885	-0.016811	0.030216	-0.025638	-0.028221	-0.035278	0.071985	-0.034764	0.012866	0.036216	-0.089848	-0.004150	-0.002170	0.024708	-0.036036	-0.016888	-0.048558	-0.019063	0.019451	0.028922	-0.026304	-0.063038	-0.004853	-0.089552	-0.011471	-0.037171	-0.003845	0.016727	-0.022848	
0.031301	0.071151	0.004007	-0.029300	-0.043060	-0.082014	-0.017095	-0.035208	-0.057391	-0.036908	0.025730	-0.008511	-0.026501	-0.019406	0.003639	-0.046645	-0.037612	0.055843	-0.002046	-0.020359	-0.060546	-0.034599	0.008650	-0.068573	-0.007112	-0.024550	-0.027709	-0.034662	-0.054224	-0.007013	0.003213	-0.022808	-0.045987	-0.043844	-0.004217	0.004104	-0.037600	-0.022693	-0.040761	0.001968	0.008929	0.007437	-0.015773	-0.075625	0.911952	0.001574	-0.003335	-0.009266	0.043099	0.013540	-0.019486	0.022078	-0.042561	-0.004215	-0.011535	-0.015774	0.001328	0.032490	-0.004624	-0.024781	0.036460	-0.002592	-0.052077	0.005892	-0.058612	-0.041537	-0.008968	0.076344	-0.013051	-0.024026	0.020776	-0.025636	0.021636	-0.054985	0.049708	
-0.006823	0.011678	0.019688	-0.030377	-0.009543	-0.004140	0.026291	-0.050420	-0.038540	-0.060898	-0.047275	-0.006787	-0.039982	-0.052077	0.000804	0.002280	-0.023079	0.007241	-0.044035	-0.014114	-0.006401	0.011535	-0.080473	-0.020538	-0.009510	-0.031849	-0.058909	-0.017704	-0.051668	0.013906	-0.036873	0.001641	-0.014994	-0.002777	0.006579	0.011112	-0.020444	-0.045073	-0.079733	-0.002171	0.016618	0.017184	-0.058624	-0.008822	0.001574	1.023904	-0.024200	-0.037874	-0.074381	0.039064	0.016865	-0.000649	0.003930	0.003182	-0.015287	-0.058369	0.026919	-0.032003	0.008181	-0.006098	0.034270	-0.008864	-0.029977	-0.012057	-0.006548	-0.076377	-0.033774	-0.057744	-0.047837	0.034776	-0.018910	0.046479	-0.009773	0.022666	-0.000740	
0.167459	-0.082155	-0.060267	-0.015617	-0.017130	-0.014761	0.070369	-0.063251	-0.005935	0.091853	-0.046480	0.004033	-0.006646	0.031417	-0.066969	-0.034870	-0.019671	-0.010345	-0.010193	-0.009374	-0.014448	0.003125	0.032004	-0.051843	-0.012827	0.004612	-0.018058	-0.018676	0.055094	-0.085220	-0.013377	-0.024199	-0.047784	0.078398	-0.014906	-0.048630	-0.146495	-0.009116	-0.012726	-0.034914	-0.029920	-0.072959	-0.097909	0.003885	-0.003335	-0.024200	1.104059	-0.070420	-0.038897	-0.014718	0.035403	-0.043306	-0.024839	-0.013943	-0.024300	-0.009550	-0.049620	-0.059064	-0.063582	-0.058378	-0.023122	0.033270	0.036474	-0.008207	0.035959	-0.024227	-0.029485	0.003166	0.037091	-0.017947	0.038919	-0.001316	-0.023531	-0.016875	-0.015672	
-0.061901	-0.076166	-0.049454	-0.019633	0.012752	-0.042523	-0.062410	-0.074686	-0.015298	0.046723	-0.012345	-0.016557	-0.021238	-0.006209	-0.028827	-0.018132	-0.002606	-0.043041	-0.029848	0.046772	-0.013011	-0.045027	0.001538	-0.004639	-0.010112	-0.063120	0.014768	0.028120	-0.013022	0.076563	0.004004	-0.013364	-0.012148	-0.032575	-0.044758	-0.041805	0.023757	-0.039410	-0.016682	0.004266	-0.023438	-0.037532	0.014764	-0.016811	-0.009266	-0.037874	-0.070420	1.160021	0.020789	0.045171	-0.042550	-0.021833	-0.058842	-0.050098	-0.003578	0.005526	-0.023299	0.118500	-0.047347	-0.003473	-0.038315	-0.065620	0.002378	-0.041860	-0.036672	-0.020968	-0.027051	0.015802	-0.027050	-0.019376	-0.005323	-0.112028	0.035668	-0.002173	-0.040707	
-0.045336	-0.005251	0.002323	-0.020198	-0.000097	-0.042267	-0.014463	-0.012478	-0.068573	-0.011319	0.009424	-0.025914	-0.003551	-0.031245	0.014773	-0.007054	-0.062598	-0.022259	-0.014284	-0.054125	-0.008156	-0.040646	-0.019017	0.007312	0.005079	-0.026800	-0.039189	-0.026931	-0.005401	-0.036938	0.018243	-0.043246	-0.004239	0.018202	-0.018109	-0.023798	0.021512	-0.041697	-0.023153	-0.002942	-0.024674	0.042164	0.031187	0.030216	0.043099	-0.074381	-0.038897	0.020789	0.899881	-0.053106	-0.030245	-0.008040	-0.048921	-0.022948	0.007113	0.001203	-0.054099	-0.005368	0.010947	-0.026209	0.013350	0.085636	-0.047112	-0.015366	-0.038045	0.010269	-0.028517	0.028058	0.004129	-0.030541	-0.032976	-0.006086	-0.005477	0.005081	-0.023920	
0.123253	-0.102312	0.012272	0.004592	-0.064869	0.038137	-0.048629	-0.012758	-0.034899	0.009229	-0.070871	-0.026022	-0.010527	0.026529	-0.004074	0.080293	0.056695	-0.031174	-0.028701	0.029969	-0.056443	-0.014075	-0.011674	0.002947	0.015957	-0.014363	-0.105771	-0.000896	-0.005993	-0.020093	-0.000116	-0.075469	0.008462	-0.029873	-0.018447	-0.006993	0.051243	-0.000788	-0.023355	0.031885	-0.022032	-0.053203	-0.062278	-0.025638	0.013540	0.039064	-0.014718	0.045171	-0.053106	1.024388	-0.040132	-0.044334	-0.016531	-0.004115	-0.020741	0.003026	-0.037762	0.014676	-0.048989	-0.034706	0.009428	-0.031049	-0.011133	-0.020514	-0.045371	-0.073682	-0.039236	-0.005201	-0.020772	0.004231	0.034027	-0.050922	-0.040986	-0.041601	-0.011749	
-0.086307	-0.026402	0.006322	0.003807	-0.056604	-0.070889	0.010010	-0.031138	0.012868	-0.018403	-0.015851	-0.037110	-0.005464	-0.005983	-0.008954	-0.022704	-0.050511	0.003095	-0.088640	-0.017041	0.010724	-0.039933	0.005178	-0.057156	0.007695	-0.006563	0.146224	-0.027345	-0.054110	-0.058635	-0.015710	-0.005021	-0.040848	-0.066501	-0.006509	-0.017158	0.003222	-0.025418	0.072868	-0.011244	-0.038502	0.032383	-0.005925	-0.028221	-0.019486	0.016865	0.035403	-0.042550	-0.030245	-0.040132	1.192714	-0.051564	-0.019474	-0.026800	-0.042127	-0.061805	0.027316	-0.038500	-0.013378	0.035943	-0.007112	-0.044381	0.008894	0.020757	-0.032375	0.001569	0.042034	-0.019627	-0.023853	0.018963	-0.008833	-0.064578	-0.025698	-0.032095	-0.020635	
-0.028019	0.000875	-0.013966	-0.032425	-0.047651	-0.055578	-0.013926	-0.016444	0.016027	-0.023238	0.048714	0.004247	-0.001671	0.012523	-0.017422	0.022095	0.033166	-0.027105	0.010801	0.022217	0.004318	-0.055011	-0.002518	-0.027535	-0.015946	-0.048050	-0.120635	-0.052974	-0.027263	0.014580	-0.039691	-0.011699	-0.011232	-0.033744	-0.034016	0.002029	-0.052469	-0.042099	-0.016049	-0.005128	0.012517	0.015083	-0.020048	-0.035278	0.022078	-0.000649	-0.043306	-0.021833	-0.008040	-0.044334	-0.051564	1.109359	-0.001353	0.019779	0.028656	-0.018580	0.006033	-0.051913	0.010536	-0.035266	-0.031884	-0.005157	-0.001557	-0.032081	-0.068225	0.013580	-0.054236	-0.040386	-0.057071	0.015935	-0.046649	-0.035631	-0.041774	-0.044658	-0.001374	
-0.192975	-0.034454	-0.077457	-0.049043	-0.063910	-0.024044	-0.060288	-0.017279	-0.033815	-0.035053	0.005079	-0.055538	-0.057423	0.011528	0.015302	-0.029460	-0.036513	0.009093	0.004992	-0.012036	0.042474	-0.023223	-0.011209	-0.023554	-0.008313	-0.021367	-0.019050	0.003670	-0.046560	-0.017886	-0.030839	0.028763	0.045514	-0.017591	0.038324	-0.055369	-0.018822	-0.042530	0.018767	-0.023677	0.024572	-0.016845	0.038537	0.071985	-0.042561	0.003930	-0.024839	-0.058842	-0.048921	-0.016531	-0.019474	-0.001353	1.068854	-0.017115	-0.085788	0.002156	0.035977	-0.021950	-0.090982	0.052028	-0.072292	-0.000341	-0.044964	-0.039129	-0.037692	-0.045590	-0.023502	0.012820	0.002961	-0.030935	0.012047	-0.001551	0.047576	0.016990	-0.015240	
-0.133672	-0.015796	0.003090	0.013822	-0.006242	-0.019796	-0.014761	-0.002884	-0.033284	-0.031614	-0.011623	0.006273	0.013228	0.013109	0.002449	-0.009167	-0.028396	0.025158	-0.028023	-0.033721	0.006088	-0.071950	0.027472	-0.040541	0.057588	-0.024252	-0.088640	-0.001821	0.030194	-0.068293	-0.021702	-0.037196	-0.049990	-0.025166	-0.008365	-0.034316	0.102405	-0.008647	-0.013308	0.003669	0.025449	-0.048765	-0.044347	-0.034764	-0.004215	0.003182	-0.013943	-0.050098	-0.022948	-0.004115	-0.026800	0.019779	-0.017115	1.056604	-0.016156	-0.041195	0.007358	-0.042041	-0.005374	-0.060724	-0.028801	0.012894	-0.018342	0.012668	0.005704	-0.029635	0.004368	-0.023275	-0.048331	-0.023822	-0.045731	-0.043211	-0.058441	-0.002098	0.015294	
