0.971993	0.083047	0.070561	0.065220	0.004265	0.082116	0.032723	-0.129910	-0.137577	-0.162434	0.225772	0.046214	-0.236558	-0.023729	-0.122807	0.143725	-0.184114	0.021517	-0.013487	-0.104165	0.029672	0.068265	-0.090058	-0.030201	-0.145127	-0.016551	0.139174	-0.260305	0.021833	0.154526	-0.097393	-0.037874	0.064691	0.009904	0.137673	-0.109848	-0.008459	-0.251790	0.019930	-0.121144	-0.045104	-0.131309	-0.017081	0.076668	-0.095835	-0.028448	-0.030950	0.140786	0.093631	0.156225	0.398561	-0.105607	0.017410	-0.098454	-0.133921	0.259279	-0.064977	-0.009892	-0.013713	-0.061043	0.144342	-0.057617	-0.142400	-0.064754	-0.017922	-0.170357	-0.031249	-0.028036	0.019632	-0.112653	-0.096594	0.140825	-0.168620	-0.068940	0.079005	-0.141906	
0.083047	1.109971	-0.010974	-0.009513	0.022203	-0.071567	0.011647	-0.053359	-0.025301	-0.059002	0.011739	-0.077532	-0.076361	-0.018588	0.004895	-0.003523	0.025552	-0.032639	-0.002540	0.015140	-0.042496	-0.022583	0.007322	-0.094889	0.045263	-0.015787	-0.069461	0.135644	0.041616	-0.002968	0.047620	-0.072490	-0.013514	0.035925	-0.030463	0.005753	-0.020501	-0.011447	-0.017846	-0.017666	-0.061226	0.039804	0.016346	-0.027394	-0.049328	-0.082699	-0.034778	-0.022740	-0.030046	-0.007989	-0.049795	0.022564	-0.030269	0.018343	-0.022055	-0.047706	-0.077188	0.032687	-0.010484	0.057784	-0.021206	-0.029009	0.042273	-0.013972	0.016043	0.011698	-0.059689	-0.067648	0.005158	-0.023003	-0.047887	-0.049995	-0.053260	0.009633	-0.038501	0.002714	
0.070561	-0.010974	0.975294	-0.041003	-0.048967	0.075732	-0.076540	0.056063	0.025261	0.007498	0.003216	0.006542	-0.026366	-0.052153	-0.029346	-0.016300	-0.013543	0.007189	0.002655	-0.050163	0.043186	-0.031263	-0.030818	-0.003320	-0.039575	-0.020951	-0.001700	0.150797	-0.044103	-0.031456	-0.064582	-0.017478	-0.026640	-0.051810	-0.045487	-0.010241	-0.015311	0.028357	0.037185	0.019404	-0.011050	0.032046	-0.018048	-0.027891	0.002907	-0.039274	0.008905	-0.059624	-0.012923	-0.045676	-0.073895	-0.006566	-0.005432	-0.002143	-0.029154	0.010763	0.039654	-0.057229	-0.015311	0.010217	-0.010468	-0.012331	-0.012694	0.045454	-0.056458	0.014086	-0.010662	-0.005207	-0.036045	-0.062396	-0.007816	-0.016987	0.004500	-0.006784	0.021478	0.027387	
0.065220	-0.009513	-0.041003	1.258245	-0.013351	-0.062214	0.010391	-0.049923	-0.051779	-0.018901	-0.038209	-0.035315	-0.048790	-0.006398	0.005224	-0.044507	-0.060034	-0.046507	0.003925	0.003776	-0.048880	-0.016642	-0.043628	-0.029010	-0.009589	0.036553	-0.041628	0.053339	-0.048716	0.010911	-0.003426	-0.046974	-0.005248	-0.040644	0.041686	-0.025862	0.000340	-0.054882	-0.057492	-0.059720	0.019502	-0.033721	0.081986	0.012135	-0.056197	-0.027355	-0.043715	-0.005914	-0.031479	0.005613	0.017753	0.021128	-0.024562	-0.054897	-0.065147	-0.051755	-0.071768	0.042915	-0.042427	-0.017329	-0.050244	-0.018548	0.011727	-0.014486	0.033269	0.014940	-0.047883	-0.058113	-0.017748	-0.009935	0.023583	0.011593	-0.007663	0.055281	-0.049014	-0.078060	
0.004265	0.022203	-0.048967	-0.013351	1.113505	-0.057319	0.002693	-0.041987	-0.075021	0.050075	0.006402	-0.033889	-0.011620	-0.007071	-0.053301	0.047552	-0.028787	0.030025	-0.002757	-0.014870	0.020640	0.041972	0.020137	-0.069779	-0.001260	-0.000600	-0.058491	0.166238	-0.047664	-0.061284	0.009289	0.002859	-0.007266	0.004067	-0.025814	-0.056759	0.002562	0.004936	0.003005	-0.005492	-0.028751	-0.047661	-0.049897	-0.027293	0.030143	-0.009440	-0.034711	-0.058801	-0.029098	-0.007573	0.002833	-0.053321	-0.031293	0.018072	0.003160	-0.043614	-0.006427	0.002647	-0.010665	-0.071447	-0.024760	-0.024184	-0.017646	0.005265	-0.046236	-0.005350	-0.060414	0.004525	0.002710	-0.015985	-0.102131	0.027873	-0.033533	0.011909	-0.071347	0.003690	
0.082116	-0.071567	0.075732	-0.062214	-0.057319	2.353554	-0.231941	-0.450989	-0.101630	0.169389	-0.132883	-0.326153	0.459149	-0.185555	-0.209726	-0.056127	-0.143430	0.385162	-0.210456	-0.238127	0.177740	-0.093489	-0.147731	-0.073085	-0.381867	-0.235369	-0.282056	-0.239881	-0.220924	0.442201	-0.176366	0.559401	-0.214863	-0.019131	0.083643	-0.244372	0.221152	-0.188804	-0.110142	-0.376174	-0.066700	-0.381777	-0.218365	-0.223445	-0.187266	0.186589	-0.169411	-0.272357	0.002834	0.641326	-0.125297	-0.127842	-0.100002	-0.067161	-0.073787	-0.268464	0.032354	0.782106	-0.071176	0.372300	0.059765	-0.130102	-0.313567	0.750062	-0.231126	-0.303429	-0.183939	0.015672	0.365350	-0.116535	-0.049691	0.066798	-0.044449	0.289312	0.070195	-0.033199	
0.032723	0.011647	-0.076540	0.010391	0.002693	-0.231941	1.080539	0.101295	-0.018358	-0.045324	-0.004565	-0.055296	0.031859	0.020083	-0.017366	0.013914	0.007965	-0.037026	0.013587	-0.036957	-0.062135	-0.021010	0.011781	0.001471	-0.029938	-0.003976	-0.022986	-0.033156	-0.045268	-0.028405	-0.073828	-0.040621	-0.032488	-0.052838	-0.003896	-0.038740	0.036906	-0.045753	0.027762	0.014452	-0.027107	-0.025570	-0.056735	0.012237	-0.040294	0.004262	-0.003412	-0.043595	-0.052032	-0.035596	0.013618	-0.038662	0.028576	-0.021229	0.000347	-0.009956	-0.055114	0.011731	0.008208	0.022122	-0.043719	0.011469	-0.075124	-0.015203	-0.013204	-0.056000	-0.023349	-0.034097	-0.012070	-0.060615	0.049545	-0.028353	0.027360	0.018094	0.002183	-0.016335	
-0.129910	-0.053359	0.056063	-0.049923	-0.041987	-0.450989	0.101295	0.817745	0.084496	-0.063996	-0.075489	-0.026212	0.004257	-0.035300	-0.005347	0.063302	-0.046334	-0.002928	0.031626	-0.060951	0.004685	-0.019295	0.036204	-0.016351	0.010145	-0.071088	0.005392	-0.018052	0.004865	-0.035099	-0.060917	-0.028867	0.056978	0.011855	-0.009447	-0.063112	-0.015840	-0.117087	0.034074	0.011435	-0.021450	-0.090769	-0.001656	-0.091959	-0.047036	-0.095577	0.020558	0.034186	-0.070727	0.024295	-0.023670	0.041738	-0.041646	-0.044124	0.035548	-0.027152	-0.032100	0.006530	0.019747	0.022265	-0.005562	-0.021856	0.013847	-0.059067	-0.044037	0.009620	-0.016012	-0.008561	-0.036900	-0.028020	0.020075	0.115706	-0.033741	-0.049920	0.053415	-0.013832	
-0.137577	-0.025301	0.025261	-0.051779	-0.075021	-0.101630	-0.018358	0.084496	1.084092	0.014827	0.021548	-0.017113	-0.033890	0.070604	-0.038770	-0.117369	0.028285	-0.086819	-0.000383	-0.074969	-0.036726	-0.053917	-0.017907	-0.007649	-0.033541	-0.037816	0.000389	0.026529	-0.004178	-0.002550	-0.019352	0.009236	-0.053431	-0.024674	-0.079796	-0.002851	0.011130	-0.054669	-0.063793	-0.017151	-0.044294	0.045533	-0.045353	-0.000467	-0.017884	0.042434	-0.055978	0.023686	0.035455	-0.057526	-0.046447	-0.032000	-0.021214	-0.009445	-0.014273	0.090458	-0.023221	0.024668	-0.063199	-0.013414	0.001087	0.014057	0.045667	-0.068614	-0.035841	-0.056770	-0.027930	0.008688	-0.027384	-0.006005	0.025272	-0.070245	-0.011091	0.042686	-0.039462	0.040392	
-0.162434	-0.059002	0.007498	-0.018901	0.050075	0.169389	-0.045324	-0.063996	0.014827	0.871529	0.014397	-0.010990	-0.059091	-0.064877	-0.057795	-0.034657	-0.049534	0.022067	-0.032910	-0.005695	0.003174	-0.019317	-0.021041	0.002990	-0.012587	-0.001219	-0.018864	0.095100	-0.025776	-0.021438	0.024288	-0.010102	-0.017570	0.007148	-0.009097	-0.010223	0.020980	0.068774	-0.041118	-0.025716	0.069360	-0.017597	-0.020498	-0.007868	0.047463	0.001182	-0.064257	-0.030817	-0.013430	-0.069751	-0.025616	-0.000099	0.024343	-0.020030	-0.060080	-0.010612	-0.031247	-0.046982	0.012903	-0.005121	0.042888	-0.014241	-0.003280	-0.023890	-0.017845	-0.027541	-0.009979	-0.003422	-0.008709	-0.038131	-0.023191	-0.005503	-0.039270	0.056906	-0.015022	-0.003841	
0.225772	0.011739	0.003216	-0.038209	0.006402	-0.132883	-0.004565	-0.075489	0.021548	0.014397	0.897030	0.002114	0.014690	0.008380	-0.054597	-0.063080	-0.053892	0.066632	-0.001429	-0.025864	0.033553	-0.060875	-0.009090	0.005361	-0.025411	-0.027827	-0.055850	-0.139723	0.008870	-0.072011	-0.011371	0.017713	0.000033	-0.023573	-0.072539	-0.022595	0.020745	0.045828	-0.022027	0.035702	-0.017086	-0.040269	-0.023672	0.015174	0.012522	-0.018482	-0.066945	0.069744	0.067342	-0.053656	-0.070028	-0.010496	-0.021984	-0.043545	0.006023	-0.016493	0.000657	-0.047861	-0.037284	-0.002808	-0.017464	0.008410	-0.014431	0.011381	0.034391	-0.020025	0.005372	-0.016247	-0.063938	-0.001604	-0.036941	0.020715	-0.034139	-0.031575	-0.043456	-0.021150	
0.046214	-0.077532	0.006542	-0.035315	-0.033889	-0.326153	-0.055296	-0.026212	-0.017113	-0.010990	0.002114	0.938667	-0.015427	-0.051082	-0.002874	0.021769	-0.094952	0.013558	0.034941	-0.046619	-0.013959	-0.016598	-0.011069	0.036419	-0.008799	-0.035482	0.054739	-0.036617	-0.009162	-0.034494	-0.027765	-0.052387	-0.026410	0.019655	0.009787	0.012460	-0.016158	-0.010449	-0.015709	-0.032832	-0.021519	-0.005948	-0.046297	-0.002959	-0.008506	-0.011839	0.009355	0.044421	0.008025	-0.033796	-0.055688	-0.036686	0.040515	-0.010269	-0.023735	-0.008813	0.032647	-0.018566	-0.025346	-0.077484	-0.017443	0.017706	0.005493	0.007065	-0.042315	-0.022931	-0.017779	0.059084	0.008138	-0.009745	-0.002699	-0.021319	-0.032555	-0.028379	-0.017815	-0.036656	
-0.236558	-0.076361	-0.026366	-0.048790	-0.011620	0.459149	0.031859	0.004257	-0.033890	-0.059091	0.014690	-0.015427	0.988146	0.022003	-0.061017	-0.028595	-0.004943	0.000334	-0.040003	-0.013173	0.051581	-0.053490	0.070952	-0.017283	0.003554	-0.070046	0.029998	-0.030793	-0.059749	-0.004792	0.030505	0.010149	-0.050096	-0.095440	0.015104	0.054611	0.009364	-0.175244	-0.028099	-0.018328	-0.026900	0.004636	-0.016360	-0.011056	-0.022796	-0.043619	-0.019781	-0.014721	-0.005327	0.015324	-0.071371	-0.041320	0.017788	-0.013897	-0.029700	-0.049523	0.014533	-0.040777	0.014482	0.025259	0.024042	-0.063453	-0.022724	0.024316	-0.011710	-0.021346	0.022131	-0.046186	-0.051057	-0.028806	-0.038297	0.004020	0.029322	-0.032081	0.020050	-0.031953	
-0.023729	-0.018588	-0.052153	-0.006398	-0.007071	-0.185555	0.020083	-0.035300	0.070604	-0.064877	0.008380	-0.051082	0.022003	0.971077	-0.049267	0.030179	0.024346	-0.018504	-0.018162	-0.022016	-0.005609	-0.057828	0.008526	-0.037714	-0.032336	0.004240	-0.026465	0.044867	-0.047521	-0.074676	-0.035352	0.077707	-0.025623	-0.039028	-0.045050	-0.011444	-0.034322	-0.064790	-0.006383	0.015640	-0.063067	-0.005248	-0.026625	0.013631	0.013000	0.011233	-0.027271	0.001177	0.028637	0.007882	0.005543	-0.038621	0.025243	-0.019939	0.022103	-0.022294	0.005458	-0.025411	-0.007883	-0.017995	0.033219	-0.029368	-0.047187	0.002808	-0.077412	-0.013649	0.019350	-0.029629	-0.046861	0.011526	-0.037141	0.001587	-0.033093	-0.016362	0.001919	-0.033956	
-0.122807	0.004895	-0.029346	0.005224	-0.053301	-0.209726	-0.017366	-0.005347	-0.038770	-0.057795	-0.054597	-0.002874	-0.061017	-0.049267	1.038984	-0.008663	-0.024165	-0.023516	-0.114824	0.030228	-0.021129	0.009113	-0.006700	-0.025863	-0.001574	-0.013154	-0.030793	-0.141496	0.034547	0.011781	-0.037631	-0.052758	0.042410	-0.000647	0.007740	-0.074279	-0.076522	0.072523	-0.038647	-0.041192	-0.038108	0.007286	0.003379	-0.060742	-0.010554	-0.043912	-0.054492	0.031872	-0.083689	0.022225	0.050132	0.048060	-0.020647	-0.015097	-0.043211	-0.025577	-0.012590	-0.006788	0.008886	-0.009999	-0.017028	0.009964	0.017047	-0.014997	-0.009173	-0.002171	0.031423	-0.003491	-0.006146	-0.023705	-0.001558	0.026045	0.019437	0.004936	-0.009505	-0.022234	
0.143725	-0.003523	-0.016300	-0.044507	0.047552	-0.056127	0.013914	0.063302	-0.117369	-0.034657	-0.063080	0.021769	-0.028595	0.030179	-0.008663	0.955312	-0.020868	0.006785	-0.063457	-0.045201	0.003450	0.036628	0.021827	-0.000439	0.024691	-0.075585	0.051738	0.026213	-0.002533	-0.032999	-0.097472	-0.070912	0.042141	-0.020819	-0.038818	-0.015607	-0.070938	-0.123771	-0.047459	-0.004072	0.061015	-0.019641	-0.002231	-0.044375	0.002771	-0.037108	0.024574	-0.050596	0.010841	0.045206	-0.030026	0.042064	-0.063478	-0.016009	-0.021684	0.048613	0.026897	-0.041662	-0.028838	0.041542	-0.011345	-0.052262	-0.102781	-0.031003	0.041178	-0.004296	0.013679	-0.047356	-0.054469	-0.001323	-0.048967	0.018228	-0.039000	-0.030300	-0.033326	-0.019816	
-0.184114	0.025552	-0.013543	-0.060034	-0.028787	-0.143430	0.007965	-0.046334	0.028285	-0.049534	-0.053892	-0.094952	-0.004943	0.024346	-0.024165	-0.020868	1.131514	-0.044936	-0.079112	0.013078	-0.025894	-0.021392	0.054195	-0.025522	-0.039150	-0.055029	-0.041992	-0.035923	0.001385	-0.002591	-0.041061	0.051501	-0.019282	0.037529	-0.012789	-0.008981	-0.062313	0.173824	-0.031094	-0.022323	0.018762	-0.016553	-0.016749	-0.030620	-0.009697	-0.010662	0.084057	-0.054088	-0.054194	-0.010379	0.043309	0.031607	-0.036318	0.044361	0.018003	-0.043588	-0.023057	-0.048048	0.002777	-0.014492	-0.061232	-0.054236	-0.045784	-0.050331	-0.031521	-0.036501	-0.002843	-0.014991	-0.040324	-0.017739	0.047237	-0.043972	0.046943	-0.041466	-0.070586	0.024558	
0.021517	-0.032639	0.007189	-0.046507	0.030025	0.385162	-0.037026	-0.002928	-0.086819	0.022067	0.066632	0.013558	0.000334	-0.018504	-0.023516	0.006785	-0.044936	0.921795	0.021048	-0.018786	-0.027534	-0.049391	-0.060612	-0.018150	-0.009459	-0.012832	-0.043002	0.141690	-0.012167	-0.043670	-0.034236	0.003771	-0.007378	0.020264	0.002084	-0.082546	0.001136	-0.091563	-0.035325	-0.058255	-0.008721	0.033182	0.040225	-0.019622	0.015197	-0.068287	-0.022261	-0.044491	-0.008896	0.036501	-0.005174	-0.033010	-0.022033	-0.017722	-0.010033	0.037790	0.007275	-0.031518	-0.056201	0.031449	0.025358	-0.078882	-0.009174	-0.007206	-0.020743	-0.010686	0.028639	-0.022577	-0.005324	-0.004391	-0.025914	-0.006093	-0.035708	-0.052254	0.046387	-0.059922	
-0.013487	-0.002540	0.002655	0.003925	-0.002757	-0.210456	0.013587	0.031626	-0.000383	-0.032910	-0.001429	0.034941	-0.040003	-0.018162	-0.114824	-0.063457	-0.079112	0.021048	1.031624	-0.052957	-0.060771	-0.034843	-0.012944	-0.010066	-0.024392	-0.046405	0.002886	-0.058623	0.062703	0.013895	-0.004906	-0.039974	0.043441	-0.066539	-0.002041	-0.014805	0.006324	0.068188	-0.017569	-0.022529	-0.033492	-0.084421	-0.021248	-0.048437	0.002821	0.008463	0.002738	-0.040608	0.014204	0.025081	-0.025590	0.067800	-0.046249	-0.011025	-0.066767	0.001362	-0.036720	-0.041403	0.002897	-0.006039	0.028557	0.035937	-0.021764	0.038164	0.023093	-0.016426	-0.007038	0.050026	-0.005351	0.007267	-0.016317	-0.055706	-0.064556	-0.075956	-0.054111	-0.052955	
-0.104165	0.015140	-0.050163	0.003776	-0.014870	-0.238127	-0.036957	-0.060951	-0.074969	-0.005695	-0.025864	-0.046619	-0.013173	-0.022016	0.030228	-0.045201	0.013078	-0.018786	-0.052957	0.956667	0.025060	-0.019850	-0.025145	-0.018855	-0.018502	-0.025208	-0.005795	0.002947	-0.007427	-0.018785	-0.051200	-0.008784	-0.017048	-0.001855	0.045020	0.036278	-0.041034	-0.118093	-0.027153	0.000206	-0.009215	-0.037819	-0.001909	-0.025687	-0.024754	-0.031217	-0.063066	0.013075	0.018409	0.009070	0.042461	-0.009352	-0.008603	-0.008940	0.010561	0.036509	-0.029794	-0.064300	0.001981	-0.049292	-0.035650	-0.005375	-0.036031	0.013231	-0.019737	0.003919	-0.022025	-0.047866	-0.020852	0.037576	-0.034501	-0.012787	-0.017508	0.001614	-0.005488	-0.003088	
0.029672	-0.042496	0.043186	-0.048880	0.020640	0.177740	-0.062135	0.004685	-0.036726	0.003174	0.033553	-0.013959	0.051581	-0.005609	-0.021129	0.003450	-0.025894	-0.027534	-0.060771	0.025060	1.050188	0.059405	0.005875	-0.002382	-0.006042	-0.022041	0.002538	0.010401	0.014874	-0.029661	-0.032727	0.001200	0.008393	-0.025357	-0.057355	-0.049481	-0.023886	-0.060911	0.011112	-0.017776	-0.015509	-0.030440	0.030498	-0.013845	-0.032665	-0.041714	-0.055590	0.005077	-0.002666	-0.006463	-0.027662	-0.027133	-0.053689	-0.040431	-0.104607	0.009593	-0.036022	-0.031067	-0.011022	-0.060301	0.049208	-0.027687	-0.042850	-0.068338	0.005115	0.027903	-0.041493	-0.027641	-0.011661	-0.012563	-0.022618	0.039997	-0.037265	0.003441	-0.058854	0.010053	
0.068265	-0.022583	-0.031263	-0.016642	0.041972	-0.093489	-0.021010	-0.019295	-0.053917	-0.019317	-0.060875	-0.016598	-0.053490	-0.057828	0.009113	0.036628	-0.021392	-0.049391	-0.034843	-0.019850	0.059405	1.078795	0.013870	0.025646	-0.017871	0.011846	-0.036571	-0.032754	-0.017038	0.034361	-0.028982	-0.014582	-0.043015	-0.024237	0.017302	-0.001358	0.009623	0.065719	0.002281	0.020329	-0.020947	-0.032611	-0.001734	-0.044238	0.047717	0.010347	-0.044146	-0.087552	-0.017519	-0.008838	-0.043985	-0.018943	0.009487	-0.082894	0.015531	0.000151	-0.056506	-0.032759	-0.007781	-0.060780	-0.027026	0.009088	-0.037378	0.031232	-0.008565	0.018403	-0.043872	0.019968	-0.014010	-0.042069	-0.025150	-0.045112	-0.041993	-0.043897	-0.013291	-0.019839	
-0.090058	0.007322	-0.030818	-0.043628	0.020137	-0.147731	0.011781	0.036204	-0.017907	-0.021041	-0.009090	-0.011069	0.070952	0.008526	-0.006700	0.021827	0.054195	-0.060612	-0.012944	-0.025145	0.005875	0.013870	1.001922	-0.025262	-0.073126	-0.017606	-0.004972	-0.096372	-0.044244	0.013523	-0.009980	0.027227	-0.042697	-0.045568	-0.019215	0.031745	-0.021637	0.004906	0.041581	-0.042187	0.007941	-0.065479	-0.001118	-0.028914	-0.014717	0.021275	-0.019175	-0.051771	-0.069114	-0.068808	-0.022760	-0.043066	-0.058036	0.034685	-0.032960	-0.074925	0.011919	0.013405	-0.002594	-0.058311	-0.040468	-0.034450	-0.010170	0.009129	-0.018327	-0.041354	-0.027431	0.044199	-0.002022	-0.050926	0.016381	-0.008621	-0.016878	-0.024301	-0.010847	-0.011450	
-0.030201	-0.094889	-0.003320	-0.029010	-0.069779	-0.073085	0.001471	-0.016351	-0.007649	0.002990	0.005361	0.036419	-0.017283	-0.037714	-0.025863	-0.000439	-0.025522	-0.018150	-0.010066	-0.018855	-0.002382	0.025646	-0.025262	0.827532	0.020746	-0.009495	0.013309	-0.032771	0.001625	0.024119	-0.014384	-0.045663	-0.015650	-0.044332	0.036334	-0.047616	0.013922	-0.039106	-0.035465	-0.063845	-0.014721	-0.018290	-0.008821	-0.025597	0.009034	-0.024619	0.002693	-0.026638	-0.019164	-0.069033	-0.004978	-0.022098	-0.054443	-0.035306	0.018442	-0.037646	-0.028317	0.039945	-0.065890	-0.014523	-0.061828	-0.020033	-0.014924	0.011580	0.029404	0.041565	-0.003958	0.035003	-0.038895	0.017814	-0.013435	-0.003150	-0.058678	0.033611	0.057141	0.022374	
-0.145127	0.045263	-0.039575	-0.009589	-0.001260	-0.381867	-0.029938	0.010145	-0.033541	-0.012587	-0.025411	-0.008799	0.003554	-0.032336	-0.001574	0.024691	-0.039150	-0.009459	-0.024392	-0.018502	-0.006042	-0.017871	-0.073126	0.020746	0.953123	-0.014767	0.004053	0.054214	-0.010375	-0.014756	-0.044173	-0.040564	-0.069538	-0.035283	-0.081054	-0.028900	-0.033127	-0.135835	0.017951	0.019312	-0.057660	0.032368	-0.057285	0.012514	0.008769	-0.056225	0.020468	-0.000490	-0.020596	-0.036079	0.000825	0.006376	0.023092	-0.036219	-0.012966	0.028034	-0.001395	0.008992	-0.026157	0.017714	-0.024729	-0.034661	0.015543	0.001839	0.020027	-0.043461	-0.007144	0.002019	0.024165	-0.022814	-0.044631	0.002056	0.002867	-0.051104	0.012727	-0.016639	
-0.016551	-0.015787	-0.020951	0.036553	-0.000600	-0.235369	-0.003976	-0.071088	-0.037816	-0.001219	-0.027827	-0.035482	-0.070046	0.004240	-0.013154	-0.075585	-0.055029	-0.012832	-0.046405	-0.025208	-0.022041	0.011846	-0.017606	-0.009495	-0.014767	0.936572	-0.024150	0.036827	-0.036147	-0.054779	-0.051501	0.025924	0.006194	-0.022834	-0.021713	0.003175	-0.041659	-0.040390	-0.006278	-0.052862	-0.012789	-0.020911	0.008403	-0.005020	-0.007090	-0.027889	0.022952	-0.006725	0.004519	-0.064774	-0.024110	0.002360	-0.043746	0.038097	-0.023051	-0.017657	0.011394	-0.034657	-0.025789	-0.051498	0.005932	0.025212	0.016690	0.023633	-0.034152	-0.002574	0.049652	-0.012660	-0.012636	0.004911	0.022975	0.025739	-0.012527	-0.048780	-0.015931	0.002795	
0.139174	-0.069461	-0.001700	-0.041628	-0.058491	-0.282056	-0.022986	0.005392	0.000389	-0.018864	-0.055850	0.054739	0.029998	-0.026465	-0.030793	0.051738	-0.041992	-0.043002	0.002886	-0.005795	0.002538	-0.036571	-0.004972	0.013309	0.004053	-0.024150	0.995607	-0.158805	-0.008156	-0.033099	-0.025001	0.014499	0.000493	0.022560	0.008819	0.051162	0.044188	0.001370	0.003928	-0.053178	-0.030504	-0.018118	-0.046865	-0.034850	-0.024167	-0.038108	-0.046614	-0.018871	-0.018837	-0.035082	0.026903	0.004511	-0.009295	0.003572	-0.008000	0.028078	0.010277	-0.062695	-0.067275	-0.013316	-0.050008	-0.036551	0.016380	0.014895	0.013102	-0.009318	-0.015924	-0.055119	-0.038691	-0.039315	-0.049216	-0.047380	0.015510	-0.021758	-0.005376	-0.004576	
-0.260305	0.135644	0.150797	0.053339	0.166238	-0.239881	-0.033156	-0.018052	0.026529	0.095100	-0.139723	-0.036617	-0.030793	0.044867	-0.141496	0.026213	-0.035923	0.141690	-0.058623	0.002947	0.010401	-0.032754	-0.096372	-0.032771	0.054214	0.036827	-0.158805	0.999581	-0.110244	-0.065542	0.007166	-0.004109	-0.035021	-0.110641	-0.091212	0.036530	-0.016512	-0.093353	-0.024049	-0.102195	-0.089478	-0.014540	0.072859	-0.031168	-0.171054	-0.086085	-0.010773	-0.081544	0.023841	-0.037267	-0.166064	0.052754	-0.095378	-0.034495	-0.061485	0.027919	-0.138871	0.111596	0.035380	0.151853	-0.015945	0.014901	0.102168	-0.090413	-0.031425	0.049421	-0.082896	-0.007975	0.085477	-0.095741	-0.103036	0.163452	0.018749	-0.025454	0.041270	-0.067682	
0.021833	0.041616	-0.044103	-0.048716	-0.047664	-0.220924	-0.045268	0.004865	-0.004178	-0.025776	0.008870	-0.009162	-0.059749	-0.047521	0.034547	-0.002533	0.001385	-0.012167	0.062703	-0.007427	0.014874	-0.017038	-0.044244	0.001625	-0.010375	-0.036147	-0.008156	-0.110244	1.104101	-0.013085	-0.011716	-0.013423	0.068550	-0.032071	-0.049767	-0.040251	0.005728	-0.116855	-0.009707	0.049277	-0.012102	-0.004465	-0.057834	-0.010460	-0.014093	-0.005048	-0.060739	0.010541	-0.062289	-0.003024	-0.014751	-0.036137	-0.031393	-0.048983	0.013387	-0.048349	0.007399	0.003855	-0.001709	-0.041809	-0.012473	-0.010286	0.072562	-0.040184	-0.034962	-0.017886	-0.052196	-0.025063	-0.045863	-0.002087	-0.049577	-0.055415	-0.026417	0.008161	0.001135	0.001405	
0.154526	-0.002968	-0.031456	0.010911	-0.061284	0.442201	-0.028405	-0.035099	-0.002550	-0.021438	-0.072011	-0.034494	-0.004792	-0.074676	0.011781	-0.032999	-0.002591	-0.043670	0.013895	-0.018785	-0.029661	0.034361	0.013523	0.024119	-0.014756	-0.054779	-0.033099	-0.065542	-0.013085	1.125905	0.009268	-0.008058	0.009704	-0.030410	-0.004629	-0.038383	-0.024901	0.075911	-0.001543	-0.052808	-0.019463	-0.030266	-0.017035	0.016810	-0.018407	-0.023618	-0.001401	0.050113	-0.012613	-0.014780	-0.021571	-0.033084	0.022984	-0.034093	-0.045414	-0.051336	-0.054673	0.001661	0.021448	-0.022668	-0.037206	0.013828	-0.023321	-0.030353	-0.038417	0.006252	-0.037723	-0.062859	-0.016034	-0.044144	-0.027222	-0.020098	0.003718	0.033980	-0.014343	0.004333	
-0.097393	0.047620	-0.064582	-0.003426	0.009289	-0.176366	-0.073828	-0.060917	-0.019352	0.024288	-0.011371	-0.027765	0.030505	-0.035352	-0.037631	-0.097472	-0.041061	-0.034236	-0.004906	-0.051200	-0.032727	-0.028982	-0.009980	-0.014384	-0.044173	-0.051501	-0.025001	0.007166	-0.011716	0.009268	1.034778	-0.031768	-0.004823	-0.016043	0.010289	-0.022152	-0.061545	-0.073004	-0.033244	0.016108	-0.028178	0.049988	0.003246	-0.022222	-0.039015	-0.013724	0.013117	-0.002218	0.022630	-0.044839	-0.001084	-0.015249	-0.013479	-0.025919	0.003988	0.007535	0.038039	0.061391	-0.011040	-0.052465	-0.010757	0.008999	-0.002957	-0.024699	0.018091	-0.012117	-0.022844	-0.033567	-0.035641	0.047851	-0.011816	-0.046910	-0.025886	-0.026375	-0.001969	-0.036894	
-0.037874	-0.072490	-0.017478	-0.046974	0.002859	0.559401	-0.040621	-0.028867	0.009236	-0.010102	0.017713	-0.052387	0.010149	0.077707	-0.052758	-0.070912	0.051501	0.003771	-0.039974	-0.008784	0.001200	-0.014582	0.027227	-0.045663	-0.040564	0.025924	0.014499	-0.004109	-0.013423	-0.008058	-0.031768	1.016601	-0.077154	-0.008497	-0.064331	-0.007469	-0.056791	-0.092899	-0.000262	-0.017928	-0.005487	-0.014841	0.017645	0.039854	-0.028829	0.022799	-0.040547	0.013694	-0.018612	-0.049555	0.037196	-0.026290	0.028615	-0.006708	0.029165	0.012907	-0.064171	-0.009981	-0.043550	0.006354	-0.036689	-0.033953	-0.003497	-0.059192	-0.028880	0.002723	-0.021428	0.057908	0.020616	-0.023180	-0.053721	0.013048	-0.049457	-0.066827	-0.057284	-0.047615	
0.064691	-0.013514	-0.026640	-0.005248	-0.007266	-0.214863	-0.032488	0.056978	-0.053431	-0.017570	0.000033	-0.026410	-0.050096	-0.025623	0.042410	0.042141	-0.019282	-0.007378	0.043441	-0.017048	0.008393	-0.043015	-0.042697	-0.015650	-0.069538	0.006194	0.000493	-0.035021	0.068550	0.009704	-0.004823	-0.077154	1.078390	-0.035673	0.008134	-0.058955	-0.043547	-0.060541	-0.026083	-0.011007	0.038749	-0.050096	0.019747	0.030539	-0.056658	0.010685	-0.011925	-0.018433	-0.003993	-0.012693	-0.009857	-0.011247	-0.068065	0.008939	-0.071143	-0.049623	-0.059080	-0.019482	-0.029837	0.001585	-0.043730	-0.031514	-0.055213	-0.034011	0.005233	-0.054288	-0.021800	-0.044518	0.001968	0.049236	-0.015744	0.023704	0.016012	-0.018639	-0.002297	-0.015704	
0.009904	0.035925	-0.051810	-0.040644	0.004067	-0.019131	-0.052838	0.011855	-0.024674	0.007148	-0.023573	0.019655	-0.095440	-0.039028	-0.000647	-0.020819	0.037529	0.020264	-0.066539	-0.001855	-0.025357	-0.024237	-0.045568	-0.044332	-0.035283	-0.022834	0.022560	-0.110641	-0.032071	-0.030410	-0.016043	-0.008497	-0.035673	1.042657	-0.055326	-0.010063	-0.028423	-0.055774	-0.033561	-0.030959	-0.045738	0.015993	-0.040493	0.015616	0.000585	-0.035829	-0.073400	-0.000831	0.010043	0.010472	-0.016750	-0.002238	-0.042087	0.046153	0.035472	-0.031392	-0.018412	0.025808	-0.063145	-0.033686	-0.054321	-0.000152	-0.010748	0.017197	-0.005940	0.043309	0.038454	-0.021106	0.044041	-0.051416	-0.017776	-0.054480	0.004283	0.017527	-0.032742	0.027070	
0.137673	-0.030463	-0.045487	0.041686	-0.025814	0.083643	-0.003896	-0.009447	-0.079796	-0.009097	-0.072539	0.009787	0.015104	-0.045050	0.007740	-0.038818	-0.012789	0.002084	-0.002041	0.045020	-0.057355	0.017302	-0.019215	0.036334	-0.081054	-0.021713	0.008819	-0.091212	-0.049767	-0.004629	0.010289	-0.064331	0.008134	-0.055326	1.252334	0.014816	-0.053907	0.091362	-0.020826	-0.014147	-0.044641	-0.041076	-0.054332	0.025927	-0.054498	-0.012562	0.013605	0.013339	-0.048946	0.046177	-0.038454	-0.021110	-0.064712	-0.051718	-0.054463	-0.010239	0.018638	-0.082074	-0.011808	-0.052245	-0.002271	-0.006275	-0.039386	-0.018564	0.053108	-0.051344	0.003785	-0.037126	-0.022913	-0.063550	-0.023905	-0.023319	-0.041851	0.014615	-0.014973	0.031837	
-0.109848	0.005753	-0.010241	-0.025862	-0.056759	-0.244372	-0.038740	-0.063112	-0.002851	-0.010223	-0.022595	0.012460	0.054611	-0.011444	-0.074279	-0.015607	-0.008981	-0.082546	-0.014805	0.036278	-0.049481	-0.001358	0.031745	-0.047616	-0.028900	0.003175	0.051162	0.036530	-0.040251	-0.038383	-0.022152	-0.007469	-0.058955	-0.010063	0.014816	1.094740	0.012562	-0.050473	-0.041044	-0.007306	-0.034621	0.005961	0.026763	0.015585	0.008663	-0.054437	0.018211	-0.000090	-0.039315	-0.020461	-0.005603	-0.025995	-0.029804	0.022456	-0.048587	-0.031031	-0.026371	-0.060233	-0.033354	-0.052782	-0.069506	-0.004724	-0.003789	-0.060258	0.014925	0.024578	-0.049536	0.023831	-0.022430	0.012985	-0.030386	-0.024364	-0.040241	0.042277	0.005262	-0.027171	
-0.008459	-0.020501	-0.015311	0.000340	0.002562	0.221152	0.036906	-0.015840	0.011130	0.020980	0.020745	-0.016158	0.009364	-0.034322	-0.076522	-0.070938	-0.062313	0.001136	0.006324	-0.041034	-0.023886	0.009623	-0.021637	0.013922	-0.033127	-0.041659	0.044188	-0.016512	0.005728	-0.024901	-0.061545	-0.056791	-0.043547	-0.028423	-0.053907	0.012562	0.942769	-0.113813	0.016104	0.008303	-0.030214	-0.023026	0.039324	0.024502	-0.017093	-0.055545	-0.005699	-0.024554	-0.008897	-0.066714	0.007546	-0.010583	-0.013814	-0.009765	-0.016207	-0.055768	-0.022743	-0.033560	-0.001926	-0.005862	0.026339	-0.043623	0.013337	-0.004730	0.019857	0.011774	-0.060209	-0.033088	-0.021064	-0.039516	0.002990	-0.012314	0.015516	-0.046583	0.022488	0.031660	
-0.251790	-0.011447	0.028357	-0.054882	0.004936	-0.188804	-0.045753	-0.117087	-0.054669	0.068774	0.045828	-0.010449	-0.175244	-0.064790	0.072523	-0.123771	0.173824	-0.091563	0.068188	-0.118093	-0.060911	0.065719	0.004906	-0.039106	-0.135835	-0.040390	0.001370	-0.093353	-0.116855	0.075911	-0.073004	-0.092899	-0.060541	-0.055774	0.091362	-0.050473	-0.113813	1.150843	-0.068536	0.046526	0.006888	-0.178590	-0.100976	-0.123912	-0.012204	-0.038155	0.143323	-0.103440	-0.025353	-0.003625	0.114092	-0.121167	0.041665	0.010991	-0.103463	0.127240	-0.079671	0.040503	0.011077	-0.000150	0.085584	-0.028360	-0.004856	-0.020219	0.158825	0.028516	-0.095368	-0.008117	-0.012964	-0.041159	0.040179	-0.023016	0.004350	0.005779	-0.008764	0.067221	
0.019930	-0.017846	0.037185	-0.057492	0.003005	-0.110142	0.027762	0.034074	-0.063793	-0.041118	-0.022027	-0.015709	-0.028099	-0.006383	-0.038647	-0.047459	-0.031094	-0.035325	-0.017569	-0.027153	0.011112	0.002281	0.041581	-0.035465	0.017951	-0.006278	0.003928	-0.024049	-0.009707	-0.001543	-0.033244	-0.000262	-0.026083	-0.033561	-0.020826	-0.041044	0.016104	-0.068536	0.928063	0.037384	0.012090	-0.044188	-0.016147	0.007609	-0.002883	-0.087092	-0.019593	0.009057	-0.015863	-0.048241	-0.006289	0.012090	-0.038825	0.001477	-0.026416	0.008682	-0.034383	-0.041061	0.028112	-0.024039	-0.028651	0.000658	-0.036858	0.014831	-0.044628	0.000823	-0.022932	0.006515	-0.029370	-0.043946	0.019403	-0.025993	-0.056908	0.009192	-0.008794	0.038125	
-0.121144	-0.017666	0.019404	-0.059720	-0.005492	-0.376174	0.014452	0.011435	-0.017151	-0.025716	0.035702	-0.032832	-0.018328	0.015640	-0.041192	-0.004072	-0.022323	-0.058255	-0.022529	0.000206	-0.017776	0.020329	-0.042187	-0.063845	0.019312	-0.052862	-0.053178	-0.102195	0.049277	-0.052808	0.016108	-0.017928	-0.011007	-0.030959	-0.014147	-0.007306	0.008303	0.046526	0.037384	1.028255	-0.020567	-0.029706	0.013916	0.005602	-0.039552	-0.033602	-0.001400	0.011838	-0.009176	0.054926	-0.040450	-0.013332	-0.037641	0.016825	0.022111	-0.015762	0.018605	-0.077454	-0.017058	0.006122	0.011145	-0.009625	-0.021806	-0.053157	-0.003960	-0.013010	-0.003405	-0.052937	-0.038116	-0.013511	-0.016247	-0.049182	-0.022535	-0.029557	-0.042303	-0.026608	
-0.045104	-0.061226	-0.011050	0.019502	-0.028751	-0.066700	-0.027107	-0.021450	-0.044294	0.069360	-0.017086	-0.021519	-0.026900	-0.063067	-0.038108	0.061015	0.018762	-0.008721	-0.033492	-0.009215	-0.015509	-0.020947	0.007941	-0.014721	-0.057660	-0.012789	-0.030504	-0.089478	-0.012102	-0.019463	-0.028178	-0.005487	0.038749	-0.045738	-0.044641	-0.034621	-0.030214	0.006888	0.012090	-0.020567	1.113924	-0.045393	-0.063549	-0.026324	0.018586	-0.066652	0.003294	-0.048789	-0.027779	0.029049	0.007953	-0.050572	0.025037	-0.030282	-0.045414	-0.030811	-0.011331	-0.030577	-0.008886	-0.030474	0.021247	-0.023445	-0.012271	-0.043772	0.025383	-0.002906	-0.026885	0.039280	0.056308	-0.041513	-0.038661	-0.038838	-0.059139	-0.025259	0.006496	0.030304	
-0.131309	0.039804	0.032046	-0.033721	-0.047661	-0.381777	-0.025570	-0.090769	0.045533	-0.017597	-0.040269	-0.005948	0.004636	-0.005248	0.007286	-0.019641	-0.016553	0.033182	-0.084421	-0.037819	-0.030440	-0.032611	-0.065479	-0.018290	0.032368	-0.020911	-0.018118	-0.014540	-0.004465	-0.030266	0.049988	-0.014841	-0.050096	0.015993	-0.041076	0.005961	-0.023026	-0.178590	-0.044188	-0.029706	-0.045393	0.960828	-0.020829	-0.000447	0.070527	-0.032105	-0.019245	-0.034533	-0.029432	-0.018053	-0.044222	0.008213	0.035119	-0.018731	0.009723	0.052587	0.008775	-0.023062	0.021301	-0.024211	-0.028042	0.006027	-0.032177	-0.037115	-0.054937	-0.029582	0.052583	-0.004599	0.019023	-0.010002	-0.048555	-0.078558	0.009340	-0.016503	-0.001039	-0.021093	
-0.017081	0.016346	-0.018048	0.081986	-0.049897	-0.218365	-0.056735	-0.001656	-0.045353	-0.020498	-0.023672	-0.046297	-0.016360	-0.026625	0.003379	-0.002231	-0.016749	0.040225	-0.021248	-0.001909	0.030498	-0.001734	-0.001118	-0.008821	-0.057285	0.008403	-0.046865	0.072859	-0.057834	-0.017035	0.003246	0.017645	0.019747	-0.040493	-0.054332	0.026763	0.039324	-0.100976	-0.016147	0.013916	-0.063549	-0.020829	1.083796	0.030249	-0.022806	-0.028107	-0.036327	-0.026766	-0.001130	0.022468	-0.044216	0.010483	-0.047983	0.006554	0.003212	0.000784	-0.022001	-0.011286	-0.052514	-0.021847	-0.017592	-0.075066	0.014333	-0.038663	-0.005684	0.023834	-0.020264	-0.079145	-0.053314	-0.009824	-0.050325	-0.035485	-0.006888	-0.003471	-0.022275	-0.065071	
0.076668	-0.027394	-0.027891	0.012135	-0.027293	-0.223445	0.012237	-0.091959	-0.000467	-0.007868	0.015174	-0.002959	-0.011056	0.013631	-0.060742	-0.044375	-0.030620	-0.019622	-0.048437	-0.025687	-0.013845	-0.044238	-0.028914	-0.025597	0.012514	-0.005020	-0.034850	-0.031168	-0.010460	0.016810	-0.022222	0.039854	0.030539	0.015616	0.025927	0.015585	0.024502	-0.123912	0.007609	0.005602	-0.026324	-0.000447	0.030249	0.942018	-0.027470	-0.014370	0.006282	-0.044584	-0.006831	-0.035177	0.002559	-0.053525	-0.009312	0.017197	-0.003111	-0.054746	-0.027331	-0.062559	-0.029192	-0.004603	-0.039646	-0.050828	-0.017698	-0.000632	-0.026214	-0.053333	-0.025492	-0.001603	-0.033209	0.017507	-0.003552	-0.027885	-0.004178	0.011765	-0.021931	-0.021626	
-0.095835	-0.049328	0.002907	-0.056197	0.030143	-0.187266	-0.040294	-0.047036	-0.017884	0.047463	0.012522	-0.008506	-0.022796	0.013000	-0.010554	0.002771	-0.009697	0.015197	0.002821	-0.024754	-0.032665	0.047717	-0.014717	0.009034	0.008769	-0.007090	-0.024167	-0.171054	-0.014093	-0.018407	-0.039015	-0.028829	-0.056658	0.000585	-0.054498	0.008663	-0.017093	-0.012204	-0.002883	-0.039552	0.018586	0.070527	-0.022806	-0.027470	0.833884	-0.025166	-0.010880	-0.030076	-0.017194	-0.021801	0.012041	0.015336	-0.053751	-0.024310	-0.010663	0.004046	0.001711	-0.000532	-0.041952	0.027646	-0.038229	-0.017310	-0.052068	-0.016446	0.001123	-0.006555	-0.013570	0.010896	-0.053874	-0.003741	-0.037126	-0.012678	-0.011361	0.030262	-0.038844	-0.014402	
-0.028448	-0.082699	-0.039274	-0.027355	-0.009440	0.186589	0.004262	-0.095577	0.042434	0.001182	-0.018482	-0.011839	-0.043619	0.011233	-0.043912	-0.037108	-0.010662	-0.068287	0.008463	-0.031217	-0.041714	0.010347	0.021275	-0.024619	-0.056225	-0.027889	-0.038108	-0.086085	-0.005048	-0.023618	-0.013724	0.022799	0.010685	-0.035829	-0.012562	-0.054437	-0.055545	-0.038155	-0.087092	-0.033602	-0.066652	-0.032105	-0.028107	-0.014370	-0.025166	1.066065	0.028638	-0.044044	0.008881	0.013588	0.051991	0.002282	0.044739	0.018474	-0.008107	-0.045968	-0.040712	-0.032774	0.034779	-0.018103	0.038370	0.065074	0.046346	-0.004945	-0.065430	-0.054417	-0.000579	-0.075624	0.022496	0.052253	0.017499	0.012859	-0.001326	-0.059540	-0.036314	-0.043704	
-0.030950	-0.034778	0.008905	-0.043715	-0.034711	-0.169411	-0.003412	0.020558	-0.055978	-0.064257	-0.066945	0.009355	-0.019781	-0.027271	-0.054492	0.024574	0.084057	-0.022261	0.002738	-0.063066	-0.055590	-0.044146	-0.019175	0.002693	0.020468	0.022952	-0.046614	-0.010773	-0.060739	-0.001401	0.013117	-0.040547	-0.011925	-0.073400	0.013605	0.018211	-0.005699	0.143323	-0.019593	-0.001400	0.003294	-0.019245	-0.036327	0.006282	-0.010880	0.028638	1.033664	0.014533	-0.018357	-0.036928	0.005148	-0.016584	0.025836	-0.005924	-0.058886	0.012843	0.027935	-0.041109	-0.021257	-0.027523	-0.026318	-0.057208	-0.027409	-0.032788	0.012148	-0.046105	-0.037982	-0.019988	-0.057181	-0.006389	0.005803	-0.052294	0.070910	-0.038990	-0.017764	0.023986	
0.140786	-0.022740	-0.059624	-0.005914	-0.058801	-0.272357	-0.043595	0.034186	0.023686	-0.030817	0.069744	0.044421	-0.014721	0.001177	0.031872	-0.050596	-0.054088	-0.044491	-0.040608	0.013075	0.005077	-0.087552	-0.051771	-0.026638	-0.000490	-0.006725	-0.018871	-0.081544	0.010541	0.050113	-0.002218	0.013694	-0.018433	-0.000831	0.013339	-0.000090	-0.024554	-0.103440	0.009057	0.011838	-0.048789	-0.034533	-0.026766	-0.044584	-0.030076	-0.044044	0.014533	0.920308	0.004503	-0.054923	-0.033766	-0.019766	-0.053354	-0.018774	-0.036347	-0.004746	-0.005913	-0.008611	-0.026346	-0.074193	-0.033701	0.010274	-0.007186	-0.004254	-0.012031	0.017159	0.000898	-0.015135	-0.004176	0.003413	0.024648	0.032085	0.017648	-0.000441	-0.020361	-0.008871	
0.093631	-0.030046	-0.012923	-0.031479	-0.029098	0.002834	-0.052032	-0.070727	0.035455	-0.013430	0.067342	0.008025	-0.005327	0.028637	-0.083689	0.010841	-0.054194	-0.008896	0.014204	0.018409	-0.002666	-0.017519	-0.069114	-0.019164	-0.020596	0.004519	-0.018837	0.023841	-0.062289	-0.012613	0.022630	-0.018612	-0.003993	0.010043	-0.048946	-0.039315	-0.008897	-0.025353	-0.015863	-0.009176	-0.027779	-0.029432	-0.001130	-0.006831	-0.017194	0.008881	-0.018357	0.004503	0.880463	0.007148	-0.006301	0.027076	0.035450	-0.023319	0.079071	-0.050491	-0.029192	-0.006011	0.035980	0.012521	-0.015367	0.002671	-0.035966	-0.038036	-0.033252	-0.048887	-0.027443	-0.027082	-0.056044	0.032088	-0.024850	-0.000028	0.012808	-0.008299	-0.015468	-0.082208	
0.156225	-0.007989	-0.045676	0.005613	-0.007573	0.641326	-0.035596	0.024295	-0.057526	-0.069751	-0.053656	-0.033796	0.015324	0.007882	0.022225	0.045206	-0.010379	0.036501	0.025081	0.009070	-0.006463	-0.008838	-0.068808	-0.069033	-0.036079	-0.064774	-0.035082	-0.037267	-0.003024	-0.014780	-0.044839	-0.049555	-0.012693	0.010472	0.046177	-0.020461	-0.066714	-0.003625	-0.048241	0.054926	0.029049	-0.018053	0.022468	-0.035177	-0.021801	0.013588	-0.036928	-0.054923	0.007148	1.005169	-0.018266	0.001421	-0.042076	0.045201	-0.016056	0.016334	-0.023934	-0.042869	-0.055516	-0.008528	0.000811	0.006324	-0.031356	-0.018567	-0.031826	-0.008279	-0.006598	-0.062407	-0.051552	0.006190	-0.045201	0.017045	-0.000654	-0.016996	0.012614	-0.031261	
0.398561	-0.049795	-0.073895	0.017753	0.002833	-0.125297	0.013618	-0.023670	-0.046447	-0.025616	-0.070028	-0.055688	-0.071371	0.005543	0.050132	-0.030026	0.043309	-0.005174	-0.025590	0.042461	-0.027662	-0.043985	-0.022760	-0.004978	0.000825	-0.024110	0.026903	-0.166064	-0.014751	-0.021571	-0.001084	0.037196	-0.009857	-0.016750	-0.038454	-0.005603	0.007546	0.114092	-0.006289	-0.040450	0.007953	-0.044222	-0.044216	0.002559	0.012041	0.051991	0.005148	-0.033766	-0.006301	-0.018266	0.987478	-0.017197	-0.031454	0.011862	-0.054368	-0.002788	-0.031450	-0.044641	0.005644	-0.008378	0.007331	-0.073151	0.004419	-0.018096	-0.009657	-0.001781	-0.045813	-0.033410	-0.015682	-0.037286	-0.032470	-0.001568	-0.025285	-0.035465	-0.020486	-0.019128	
-0.105607	0.022564	-0.006566	0.021128	-0.053321	-0.127842	-0.038662	0.041738	-0.032000	-0.000099	-0.010496	-0.036686	-0.041320	-0.038621	0.048060	0.042064	0.031607	-0.033010	0.067800	-0.009352	-0.027133	-0.018943	-0.043066	-0.022098	0.006376	0.002360	0.004511	0.052754	-0.036137	-0.033084	-0.015249	-0.026290	-0.011247	-0.002238	-0.021110	-0.025995	-0.010583	-0.121167	0.012090	-0.013332	-0.050572	0.008213	0.010483	-0.053525	0.015336	0.002282	-0.016584	-0.019766	0.027076	0.001421	-0.017197	0.909493	-0.000033	-0.033726	0.019877	-0.040078	-0.052863	0.020694	-0.080816	0.016668	-0.010332	0.011341	-0.053157	-0.024800	-0.012146	-0.015897	0.003221	-0.069484	-0.035139	-0.055548	-0.004928	0.018527	-0.009491	-0.007102	-0.020077	-0.036073	
0.017410	-0.030269	-0.005432	-0.024562	-0.031293	-0.100002	0.028576	-0.041646	-0.021214	0.024343	-0.021984	0.040515	0.017788	0.025243	-0.020647	-0.063478	-0.036318	-0.022033	-0.046249	-0.008603	-0.053689	0.009487	-0.058036	-0.054443	0.023092	-0.043746	-0.009295	-0.095378	-0.031393	0.022984	-0.013479	0.028615	-0.068065	-0.042087	-0.064712	-0.029804	-0.013814	0.041665	-0.038825	-0.037641	0.025037	0.035119	-0.047983	-0.009312	-0.053751	0.044739	0.025836	-0.053354	0.035450	-0.042076	-0.031454	-0.000033	0.962234	0.005322	0.043361	-0.010214	-0.017201	0.021850	-0.035580	0.048112	-0.042544	-0.012032	-0.019796	-0.029486	-0.045959	-0.058881	-0.029908	-0.046124	0.002545	-0.057978	0.030130	-0.044346	0.027187	-0.002763	-0.003210	0.018629	
-0.098454	0.018343	-0.002143	-0.054897	0.018072	-0.067161	-0.021229	-0.044124	-0.009445	-0.020030	-0.043545	-0.010269	-0.013897	-0.019939	-0.015097	-0.016009	0.044361	-0.017722	-0.011025	-0.008940	-0.040431	-0.082894	0.034685	-0.035306	-0.036219	0.038097	0.003572	-0.034495	-0.048983	-0.034093	-0.025919	-0.006708	0.008939	0.046153	-0.051718	0.022456	-0.009765	0.010991	0.001477	0.016825	-0.030282	-0.018731	0.006554	0.017197	-0.024310	0.018474	-0.005924	-0.018774	-0.023319	0.045201	0.011862	-0.033726	0.005322	0.938776	-0.033747	-0.057942	-0.034881	0.008025	-0.021058	-0.001662	-0.035802	-0.006947	-0.029891	-0.034235	-0.039664	-0.032292	-0.036162	0.002124	-0.007926	-0.017724	-0.003576	-0.035080	-0.039751	-0.028665	-0.037439	0.018436	
