1.1965426 0.3564853 -0.0633240 -0.0229118 -0.0378747 -0.0255875 -0.1086934 0.3435937 -0.0033142 0.3302698 0.0179780 0.0017112 0.0308450 -0.0697115 0.0458087 -0.0201461 -0.0473089 0.0235824 0.0275522 -0.0079845 -0.0529071 0.0691075 0.0048933 -0.0230617 -0.0267967 -0.0326762 -0.1243293 0.0485009 -0.0049101 0.0288490 0.0165286 0.0001209 -0.0104456 -0.0271221 0.0181340 -0.0004813 -0.1272332 -0.0219545 0.0764363 -0.0107377 -0.0847251 0.0354055 0.0129825 -0.0693470 -0.0219411 0.0124671 0.1723004 0.0274664 -0.0136606 -0.0553808 -0.0429103 0.0206632 -0.0099588 0.0264814 -0.0078183 -0.0257076 0.0119697 -0.0751849 -0.0307727 -0.0744257 -0.0511479 -0.0105057 -0.0189954 0.1552137 0.0068295 -0.0556094 -0.0240235 -0.1076723 0.0043083 -0.0081421 -0.0108136 0.0149765 0.0723755 -0.0121433 -0.0235870
0.3564853 1.1798443 -0.0692320 -0.0163835 -0.0513249 -0.0276397 -0.1252042 0.4004655 -0.0049034 0.3452811 0.0025375 -0.0173028 0.0221698 -0.0519391 0.0552307 0.0019873 -0.0730087 0.0137633 0.0371666 -0.0095949 -0.0586064 0.1004438 -0.0106140 -0.0022895 -0.0303815 -0.0490993 -0.1463927 0.0438460 -0.0235107 0.0260834 -0.0100299 -0.0041875 -0.0130659 -0.0160686 0.0513877 0.0156635 -0.1556158 -0.0271170 0.0560678 -0.0043788 -0.0844564 0.0236297 0.0115370 -0.1001948 -0.0162359 0.0212289 0.1425685 0.0117053 -0.0118525 -0.0712455 -0.0329250 0.0074500 -0.0358628 0.0329583 0.0062484 -0.0316133 0.0174253 -0.0956596 -0.0260118 -0.0803311 -0.0374782 0.0043242 -0.0309324 0.1594679 0.0314849 -0.0664819 -0.0415941 -0.1199161 0.0003408 0.0051325 -0.0356422 0.0222264 0.0610862 -0.0339992 -0.0360521
-0.0633240 -0.0692320 0.6743670 -0.0153790 -0.0279395 -0.0302808 0.0269828 -0.0685021 0.0239164 -0.0721906 -0.0016600 -0.0071536 -0.0014840 -0.0087271 -0.0169865 0.0075445 -0.0025980 -0.0174265 -0.0195606 0.0134904 -0.0195762 -0.0477914 0.0072872 -0.0074251 -0.0025641 0.0215724 0.0346315 -0.0054839 0.0195026 -0.0126619 -0.0026240 -0.0339648 -0.0340280 -0.0105171 -0.0105611 -0.0062686 0.0214080 -0.0351576 -0.0108980 -0.0199460 0.0218876 -0.0035174 0.0147517 0.0361784 0.0018384 -0.0056109 -0.0467813 -0.0181849 -0.0175319 -0.0382956 -0.0083486 0.0180960 -0.0257900 -0.0322142 -0.0148080 0.0307822 0.0214640 0.0195868 0.0283524 0.0073376 0.0092402 -0.0108052 -0.0182296 -0.0357640 -0.0021174 -0.0014765 -0.0143225 0.0351386 -0.0226196 -0.0161291 -0.0368179 0.0154216 -0.0473329 -0.0120712 -0.0145648
-0.0229118 -0.0163835 -0.0153790 0.7484803 0.0373771 0.0113379 0.0078739 -0.0360446 -0.0002667 -0.0124143 -0.0095535 0.0004379 -0.0207977 -0.0125690 -0.0200059 0.0011299 -0.0199188 -0.0104876 0.0287263 -0.0262950 -0.0039406 -0.0184938 -0.0132264 -0.0119142 0.0010750 0.0004905 0.0133219 -0.0038885 -0.0067898 -0.0283165 -0.0416057 -0.0235819 0.0048845 0.0109056 -0.0238230 -0.0162804 0.0186228 -0.0409341 -0.0143346 0.0084608 0.0191995 -0.0174010 -0.0058708 -0.0134128 0.0011200 -0.0074036 -0.0256054 0.0257411 -0.0002305 -0.0038782 -0.0074417 -0.0478309 -0.0156096 -0.0235017 0.0127156 -0.0248343 -0.0035027 0.0067794 -0.0058826 0.0058308 0.0061063 0.0060316 -0.0176859 -0.0309470 0.0057509 0.0009474 -0.0044331 -0.0059916 -0.0221608 -0.0006891 -0.0149105 -0.0025211 -0.0019585 0.0113679 -0.0477718
-0.0378747 -0.0513249 -0.0279395 0.0373771 0.7920597 -0.0201607 0.0024284 -0.0514905 0.0010150 -0.0404115 -0.0038480 -0.0007285 0.0130134 -0.0038051 0.0057769 0.0210488 0.0149683 0.0018488 -0.0135957 0.0111152 0.0022078 0.0177427 0.0031820 -0.0053319 0.0045425 -0.0137479 0.0222685 -0.0143648 0.0003421 -0.0049360 -0.0054034 -0.0204431 -0.0035644 0.0225351 -0.0588675 -0.0167870 0.0121916 -0.0024634 -0.0023418 0.0090414 -0.0082604 -0.0307303 -0.0162744 -0.0047184 -0.0108310 -0.0028740 -0.0337244 -0.0002667 0.0080208 -0.0062043 0.0068131 -0.0511436 -0.0138097 0.0161270 0.0380550 -0.0242107 -0.0260217 -0.0080125 -0.0220590 0.0007315 -0.0116249 -0.0018920 -0.0372092 -0.0234614 -0.0004507 -0.0476177 0.0124482 0.0410319 -0.0230170 -0.0478685 -0.0305222 0.0062012 0.0041200 -0.0319904 -0.0062843
-0.0255875 -0.0276397 -0.0302808 0.0113379 -0.0201607 0.6825493 0.0240319 -0.0115398 -0.0445354 -0.0167530 -0.0263642 -0.0020983 0.0340972 0.0041269 -0.0187427 -0.0053254 -0.0010412 -0.0002494 -0.0397733 -0.0244741 -0.0377685 -0.0181869 0.0089174 -0.0227283 0.0068809 -0.0367237 0.0138172 0.0239512 -0.0158523 -0.0363638 -0.0267913 -0.0147604 0.0043640 -0.0286030 0.0248551 -0.0228689 0.0038315 0.0043320 -0.0088670 0.0293532 -0.0086668 0.0096844 -0.0098725 -0.0325944 -0.0115096 -0.0292018 -0.0159887 -0.0467839 -0.0433517 0.0270388 -0.0167193 0.0021108 -0.0120523 0.0279607 -0.0026273 -0.0119337 0.0176955 0.0267363 0.0082376 -0.0013541 0.0390743 -0.0016876 -0.0222142 -0.0367763 -0.0248648 -0.0059505 -0.0171158 0.0111135 -0.0434099 0.0060071 -0.0116023 -0.0025161 0.0020752 -0.0102703 0.0088783
-0.1086934 -0.1252042 0.0269828 0.0078739 0.0024284 0.0240319 0.9443476 -0.1247448 0.0008643 -0.1195107 -0.0132495 -0.0058521 -0.0202543 0.0301952 -0.0063470 0.0131939 0.0097169 -0.0065163 -0.0326895 0.0079209 -0.0043201 -0.0288861 0.0026701 0.0002424 -0.0097909 0.0107436 0.0470921 -0.0058237 -0.0105541 -0.0178082 -0.0056578 0.0025608 -0.0100786 0.0325045 -0.0123237 -0.0153129 0.0574875 0.0014477 -0.0374979 0.0062938 0.0197654 -0.0176757 -0.0157120 0.0157649 -0.0021766 -0.0133306 -0.0489198 -0.0071602 0.0032925 0.0259006 0.0054582 -0.0128633 -0.0094648 -0.0139706 -0.0081280 -0.0056252 -0.0054626 0.0375412 0.0160395 0.0251241 -0.0051855 -0.0024966 -0.0041508 -0.0665077 -0.0020169 0.0213346 0.0101831 0.0380946 -0.0104059 0.0002785 0.0150284 -0.0150867 -0.0209532 0.0181197 0.0160733
0.3435937 0.4004655 -0.0685021 -0.0360446 -0.0514905 -0.0115398 -0.1247448 1.2592390 0.0131084 0.3765686 0.0050713 0.0005424 0.0244878 -0.0791577 0.0362271 -0.0313891 -0.0696829 0.0201665 0.0371645 -0.0067970 -0.0539842 0.0798837 0.0257721 -0.0433670 -0.0202622 -0.0385697 -0.1373018 0.0478952 -0.0149204 0.0240085 0.0144298 -0.0160293 0.0012670 -0.0614393 0.0231508 -0.0072864 -0.1510302 -0.0152157 0.0730378 -0.0174149 -0.0720738 0.0138615 0.0035297 -0.0639552 -0.0247616 -0.0110820 0.1809878 0.0392911 -0.0209463 -0.0841864 -0.0544210 0.0174886 -0.0059185 0.0234749 -0.0117201 -0.0415174 0.0455923 -0.0959536 -0.0305973 -0.0807821 -0.0485859 -0.0047709 -0.0310695 0.1840300 0.0133508 -0.0688384 -0.0230363 -0.1255872 -0.0070446 0.0221414 -0.0270993 0.0046697 0.0636132 -0.0177325 -0.0044627
-0.0033142 -0.0049034 0.0239164 -0.0002667 0.0010150 -0.0445354 0.0008643 0.0131084 0.6375591 -0.0194787 -0.0003988 -0.0262135 -0.0206764 -0.0299540 0.0103420 -0.0367440 0.0197023 -0.0033875 0.0077947 -0.0149148 -0.0151100 -0.0165868 0.0202897 -0.0094977 -0.0001727 0.0287499 -0.0031720 -0.0271423 0.0119532 0.0080666 -0.0168260 0.0080980 -0.0060051 -0.0143973 -0.0203824 -0.0404574 0.0046461 -0.0060543 0.0146023 0.0082294 -0.0344332 0.0399364 -0.0296925 0.0056527 -0.0373106 -0.0152549 -0.0000527 0.0070322 -0.0155928 0.0278200 -0.0061404 -0.0095095 -0.0188288 -0.0279105 -0.0290431 0.0028106 -0.0021246 -0.0196023 0.0128379 -0.0220916 -0.0262311 0.0158399 0.0186217 0.0201253 -0.0130340 0.0103879 -0.0063705 -0.0205863 -0.0205723 -0.0454525 -0.0330371 -0.0210826 0.0141997 -0.0286688 -0.0351303
0.3302698 0.3452811 -0.0721906 -0.0124143 -0.0404115 -0.0167530 -0.1195107 0.3765686 -0.0194787 1.1393899 0.0094639 0.0070183 0.0346498 -0.0984473 0.0455406 -0.0338048 -0.0165588 0.0123898 0.0225860 0.0034839 -0.0615949 0.0696182 0.0115538 -0.0399026 -0.0334129 -0.0464372 -0.1470203 0.0217348 -0.0403204 0.0146753 0.0313059 -0.0148691 0.0169776 -0.0512967 -0.0137875 0.0033585 -0.1466280 -0.0158780 0.0625321 0.0008985 -0.0773777 0.0287908 -0.0080683 -0.0610749 -0.0294607 -0.0134444 0.1804406 0.0300349 -0.0208241 -0.0546584 -0.0281655 0.0121372 -0.0249784 0.0285423 -0.0214291 -0.0164843 -0.0043090 -0.0733539 -0.0085699 -0.0642295 -0.0305543 0.0070213 -0.0038345 0.1535918 -0.0096057 -0.0520607 -0.0229291 -0.1146030 0.0044006 -0.0177245 0.0016983 0.0144526 0.0697129 -0.0073321 -0.0428439
0.0179780 0.0025375 -0.0016600 -0.0095535 -0.0038480 -0.0263642 -0.0132495 0.0050713 -0.0003988 0.0094639 0.7084153 0.0010181 -0.0159268 -0.0144583 -0.0139960 -0.0239414 0.0387606 0.0216522 -0.0266719 0.0096479 -0.0300343 -0.0248277 0.0240348 0.0017102 -0.0251957 0.0327265 -0.0149880 -0.0217627 -0.0056711 0.0164581 -0.0026258 0.0542451 0.0076657 0.0096621 -0.0055023 -0.0427438 -0.0140098 -0.0029004 -0.0035176 -0.0241136 -0.0205901 0.0205074 0.0070526 -0.0054054 -0.0260209 -0.0001443 0.0001209 -0.0252080 -0.0144705 -0.0226482 -0.0178375 -0.0007614 -0.0406984 -0.0348825 -0.0121534 0.0095035 -0.0211753 -0.0288371 -0.0249665 -0.0272147 0.0031249 0.0070482 -0.0303134 -0.0119329 -0.0054612 -0.0070719 -0.0072037 -0.0053406 -0.0108693 -0.0126816 -0.0180821 0.0231193 -0.0194884 0.0053382 -0.0207147
0.0017112 -0.0173028 -0.0071536 0.0004379 -0.0007285 -0.0020983 -0.0058521 0.0005424 -0.0262135 0.0070183 0.0010181 0.6747094 0.0038323 -0.0119691 0.0024348 0.0117481 0.0060309 0.0019036 -0.0107444 0.0563144 -0.0244162 -0.0095609 -0.0132284 -0.0079111 -0.0184720 -0.0228989 0.0031401 -0.0159228 0.0119814 0.0275177 -0.0293331 -0.0397546 -0.0213651 0.0103439 0.0011291 0.0134896 -0.0093247 0.0077591 -0.0321177 -0.0306649 -0.0232788 -0.0018952 -0.0074354 -0.0465850 -0.0204116 -0.0179489 0.0010332 -0.0046638 -0.0059611 -0.0108382 -0.0328234 -0.0248926 -0.0196968 -0.0197183 -0.0277341 -0.0055829 0.0147225 0.0325623 0.0090926 -0.0009221 -0.0029600 -0.0105418 0.0045164 0.0226294 -0.0059596 -0.0072380 -0.0149073 -0.0288514 0.0133781 -0.0301987 -0.0253807 -0.0162024 0.0075556 0.0271501 -0.0162575
0.0308450 0.0221698 -0.0014840 -0.0207977 0.0130134 0.0340972 -0.0202543 0.0244878 -0.0206764 0.0346498 -0.0159268 0.0038323 0.7460662 -0.0126340 0.0140378 -0.0435733 0.0132928 0.0045947 0.0141776 -0.0390186 -0.0291666 0.0140335 -0.0252528 -0.0211359 0.0135371 -0.0425802 -0.0188900 0.0152606 -0.0159183 0.0002345 0.0177858 -0.0173795 -0.0169192 -0.0262523 -0.0248694 -0.0296872 -0.0014927 0.0253968 0.0089530 -0.0046607 -0.0433155 -0.0210602 -0.0128664 0.0096295 -0.0267217 -0.0059399 0.0160574 -0.0129358 -0.0086845 0.0101195 -0.0136904 -0.0045577 -0.0196794 -0.0191778 0.0035480 -0.0092500 -0.0217887 0.0015311 -0.0191071 0.0013914 -0.0226793 -0.0265208 -0.0218052 0.0041480 0.0115018 0.0140087 0.0229929 -0.0081215 -0.0000087 0.0049752 0.0040612 -0.0129513 0.0025776 -0.0088626 0.0054645
-0.0697115 -0.0519391 -0.0087271 -0.0125690 -0.0038051 0.0041269 0.0301952 -0.0791577 -0.0299540 -0.0984473 -0.0144583 -0.0119691 -0.0126340 0.7207319 -0.0215043 0.0104503 0.0183210 -0.0292542 -0.0214248 0.0006570 -0.0076029 -0.0322451 -0.0224645 -0.0067378 0.0158100 -0.0109070 0.0229177 -0.0146588 -0.0282576 -0.0268093 -0.0346537 0.0025989 -0.0017388 -0.0037284 -0.0212642 0.0146900 0.0497776 0.0039519 -0.0303116 -0.0268989 0.0209417 -0.0189463 -0.0046214 0.0176867 -0.0023536 -0.0132983 -0.0447489 -0.0184132 0.0206571 0.0420305 0.0194261 -0.0060673 0.0181172 -0.0227960 0.0039408 -0.0067196 -0.0124344 -0.0223338 -0.0308781 0.0003031 0.0235429 -0.0215261 -0.0011849 -0.0163421 -0.0124316 0.0262024 -0.0047737 0.0263071 -0.0274362 -0.0065840 -0.0105669 -0.0265905 -0.0037112 0.0004788 -0.0078105
0.0458087 0.0552307 -0.0169865 -0.0200059 0.0057769 -0.0187427 -0.0063470 0.0362271 0.0103420 0.0455406 -0.0139960 0.0024348 0.0140378 -0.0215043 0.9032984 -0.0021726 -0.0157698 -0.0009369 -0.0092760 -0.0067944 -0.0125557 0.0455002 0.0084808 -0.0033763 -0.0239673 0.0024648 -0.0227510 -0.0018436 -0.0074336 -0.0141445 0.0015339 -0.0026020 0.0010928 -0.0091639 0.0023847 -0.0287633 -0.0277811 -0.0227755 0.0043456 0.0029458 -0.0286233 0.0002772 0.0108007 -0.0105905 0.0066608 0.0055943 -0.0018204 0.0009806 0.0091887 -0.0184815 0.0011219 -0.0217456 -0.0010774 -0.0124027 0.0074405 -0.0100552 -0.0106796 0.0039897 0.0085118 -0.0206909 -0.0277184 -0.0192227 -0.0005357 0.0213167 0.0123889 -0.0120523 -0.0412596 -0.0294626 0.0090158 -0.0055433 -0.0040075 0.0353103 0.0045623 -0.0048149 -0.0160612
-0.0201461 0.0019873 0.0075445 0.0011299 0.0210488 -0.0053254 0.0131939 -0.0313891 -0.0367440 -0.0338048 -0.0239414 0.0117481 -0.0435733 0.0104503 -0.0021726 0.7081499 -0.0119800 -0.0190134 -0.0005226 -0.0055182 -0.0189271 0.0260730 -0.0433798 0.0528274 -0.0245588 -0.0313577 0.0113919 -0.0057993 -0.0335999 -0.0083001 -0.0077061 -0.0302358 0.0002622 0.0108443 -0.0162957 0.0331293 0.0031342 -0.0153779 -0.0058855 0.0097856 -0.0149447 -0.0248023 -0.0360417 0.0142761 -0.0117446 0.0096000 -0.0139568 -0.0056833 0.0071499 0.0164389 -0.0582589 0.0055109 0.0055163 -0.0023553 -0.0288657 -0.0142288 -0.0042681 -0.0128930 -0.0189308 0.0242239 -0.0331015 -0.0394100 -0.0643641 -0.0344356 -0.0059842 -0.0423446 0.0326216 0.0214480 0.0072019 -0.0193222 -0.0410392 0.0050485 0.0070029 -0.0276695 -0.0007329
-0.0473089 -0.0730087 -0.0025980 -0.0199188 0.0149683 -0.0010412 0.0097169 -0.0696829 0.0197023 -0.0165588 0.0387606 0.0060309 0.0132928 0.0183210 -0.0157698 -0.0119800 0.6378645 0.0333345 -0.0153937 -0.0217991 0.0106836 -0.0202755 -0.0379679 0.0144137 0.0056983 -0.0051801 0.0161167 -0.0170809 -0.0259188 -0.0063926 -0.0348941 -0.0240148 0.0170353 0.0138082 -0.0150726 0.0103548 0.0054890 -0.0124872 -0.0312524 0.0033929 0.0264507 -0.0136547 -0.0090389 0.0355132 -0.0216467 -0.0086484 -0.0284746 -0.0313869 -0.0198987 0.0270481 -0.0031203 -0.0107972 -0.0218797 -0.0326145 0.0053354 0.0186563 -0.0616221 -0.0013852 -0.0149213 -0.0016936 -0.0179410 -0.0057979 0.0162450 -0.0192364 -0.0048741 -0.0146994 -0.0245557 0.0199514 -0.0084331 -0.0087351 -0.0323567 -0.0302862 -0.0492525 -0.0000720 -0.0260897
0.0235824 0.0137633 -0.0174265 -0.0104876 0.0018488 -0.0002494 -0.0065163 0.0201665 -0.0033875 0.0123898 0.0216522 0.0019036 0.0045947 -0.0292542 -0.0009369 -0.0190134 0.0333345 0.8482609 -0.0017076 -0.0361941 -0.0203027 -0.0042464 -0.0053225 -0.0321843 -0.0212300 -0.0130812 -0.0090286 -0.0158122 0.0172426 -0.0146104 -0.0206673 -0.0038295 -0.0396318 -0.0235992 0.0051141 -0.0087553 -0.0105380 -0.0327822 -0.0119215 -0.0077660 -0.0253690 0.0135513 -0.0051832 -0.0240747 -0.0124883 -0.0195967 0.0012935 -0.0258101 -0.0022153 -0.0131105 -0.0176504 -0.0140785 -0.0027710 -0.0200647 -0.0288459 -0.0084577 0.0068732 0.0199440 0.0056710 -0.0026598 -0.0173259 0.0108710 0.0275757 -0.0169669 0.0102032 0.0029805 0.0038639 0.0058348 -0.0088027 -0.0077264 0.0034725 0.0089866 -0.0140195 0.0013009 -0.0394484
0.0275522 0.0371666 -0.0195606 0.0287263 -0.0135957 -0.0397733 -0.0326895 0.0371645 0.0077947 0.0225860 -0.0266719 -0.0107444 0.0141776 -0.0214248 -0.0092760 -0.0005226 -0.0153937 -0.0017076 0.6686585 -0.0266743 -0.0231361 -0.0218728 0.0113420 0.0048379 -0.0078553 -0.0103771 -0.0175958 0.0142708 -0.0121343 -0.0098531 0.0062660 -0.0189550 -0.0149851 -0.0068344 0.0105106 -0.0202607 -0.0232494 -0.0055903 0.0123965 -0.0078452 -0.0111985 -0.0131421 -0.0175057 -0.0193711 -0.0011380 -0.0326879 0.0056426 -0.0112173 -0.0031176 -0.0043320 -0.0169397 0.0173220 -0.0031792 0.0048810 0.0081643 -0.0125663 0.0203482 0.0094781 -0.0114086 -0.0096617 -0.0261427 0.0012965 0.0086038 -0.0034188 -0.0358879 -0.0195335 -0.0242920 -0.0146404 0.0116869 -0.0136048 -0.0029488 -0.0042220 0.0037540 -0.0140647 -0.0023850
-0.0079845 -0.0095949 0.0134904 -0.0262950 0.0111152 -0.0244741 0.0079209 -0.0067970 -0.0149148 0.0034839 0.0096479 0.0563144 -0.0390186 0.0006570 -0.0067944 -0.0055182 -0.0217991 -0.0361941 -0.0266743 0.7441987 0.0415494 -0.0036335 -0.0258020 0.0089505 -0.0264885 0.0477184 0.0107753 0.0131277 -0.0210571 -0.0024037 -0.0021159 -0.0003626 -0.0263817 -0.0324789 -0.0475000 0.0001800 -0.0096133 -0.0191177 -0.0234456 0.0116266 -0.0355079 -0.0118063 -0.0107099 -0.0321192 -0.0005002 -0.0356078 0.0069886 0.0204929 -0.0229012 0.0050047 0.0211735 0.0021542 -0.0203708 -0.0309479 -0.0215703 -0.0149929 0.0193486 -0.0115726 -0.0319420 0.0104194 -0.0098342 -0.0050330 -0.0153160 0.0142405 -0.0260047 -0.0067426 -0.0390210 0.0092210 -0.0276369 0.0015563 0.0070055 0.0072726 -0.0125677 -0.0453557 -0.0099201
-0.0529071 -0.0586064 -0.0195762 -0.0039406 0.0022078 -0.0377685 -0.0043201 -0.0539842 -0.0151100 -0.0615949 -0.0300343 -0.0244162 -0.0291666 -0.0076029 -0.0125557 -0.0189271 0.0106836 -0.0203027 -0.0231361 0.0415494 0.7100831 -0.0060591 0.0229680 -0.0057147 0.0188567 -0.0114114 0.0271777 -0.0333762 0.0332712 0.0056776 -0.0179244 -0.0425212 -0.0168524 0.0056316 -0.0418319 0.0226451 0.0395150 0.0008147 -0.0518579 -0.0153389 -0.0352818 -0.0399795 -0.0202659 -0.0008475 -0.0391764 -0.0185482 -0.0492557 0.0238639 -0.0064864 -0.0349959 -0.0046092 -0.0011408 -0.0202711 -0.0233224 -0.0018684 0.0118395 0.0065861 0.0157057 0.0136789 0.0146739 0.0007313 0.0034905 0.0472272 -0.0116514 0.0125843 -0.0040596 -0.0187312 -0.0095380 -0.0321100 -0.0097176 -0.0132237 0.0611475 -0.0390299 -0.0108370 -0.0463375
0.0691075 0.1004438 -0.0477914 -0.0184938 0.0177427 -0.0181869 -0.0288861 0.0798837 -0.0165868 0.0696182 -0.0248277 -0.0095609 0.0140335 -0.0322451 0.0455002 0.0260730 -0.0202755 -0.0042464 -0.0218728 -0.0036335 -0.0060591 0.6185395 -0.0284486 -0.0169731 -0.0166612 0.0055770 -0.0416936 -0.0350019 0.0057687 -0.0250575 0.0448979 -0.0605253 -0.0166897 0.0018807 -0.0058633 -0.0110635 -0.0331042 -0.0265574 0.0174522 0.0055439 -0.0245389 -0.0290256 -0.0064488 -0.0054774 0.0181552 0.0182077 0.0231008 -0.0132586 -0.0208664 0.0008925 -0.0410062 -0.0038978 0.0125709 -0.0067823 -0.0434085 -0.0422319 -0.0016981 -0.0050021 -0.0332957 -0.0169770 -0.0197553 0.0113598 0.0017336 0.0177803 -0.0100419 -0.0278129 -0.0199096 -0.0196002 0.0080279 0.0403370 -0.0118482 -0.0430644 -0.0097454 0.0053863 0.0173173
0.0048933 -0.0106140 0.0072872 -0.0132264 0.0031820 0.0089174 0.0026701 0.0257721 0.0202897 0.0115538 0.0240348 -0.0132284 -0.0252528 -0.0224645 0.0084808 -0.0433798 -0.0379679 -0.0053225 0.0113420 -0.0258020 0.0229680 -0.0284486 0.6295565 -0.0159404 -0.0106588 0.0053600 -0.0088505 -0.0461452 0.0313391 -0.0153276 -0.0238652 -0.0085281 0.0091647 -0.0254752 -0.0153402 -0.0082023 -0.0116984 -0.0158601 -0.0177366 -0.0191775 0.0001735 0.0309643 0.0088790 0.0061138 -0.0066983 -0.0247445 0.0358620 -0.0301342 -0.0397770 -0.0010766 -0.0011034 -0.0172546 0.0099498 -0.0094155 0.0003993 -0.0069467 -0.0036964 -0.0265431 0.0082881 -0.0395027 0.0238312 0.0217371 -0.0011656 0.0002908 -0.0172615 -0.0047841 -0.0072422 -0.0329462 -0.0156605 -0.0167211 -0.0120244 -0.0162201 0.0048150 -0.0069680 -0.0213024
-0.0230617 -0.0022895 -0.0074251 -0.0119142 -0.0053319 -0.0227283 0.0002424 -0.0433670 -0.0094977 -0.0399026 0.0017102 -0.0079111 -0.0211359 -0.0067378 -0.0033763 0.0528274 0.0144137 -0.0321843 0.0048379 0.0089505 -0.0057147 -0.0169731 -0.0159404 0.5856099 -0.0400054 0.0115701 -0.0033161 -0.0002678 -0.0233266 0.0008652 -0.0132885 -0.0216433 -0.0072207 -0.0042025 -0.0185177 -0.0115816 -0.0053779 -0.0154586 -0.0266472 -0.0137350 -0.0139137 -0.0015623 -0.0163671 0.0318540 -0.0011813 0.0398229 -0.0376298 -0.0018987 0.0093217 0.0044457 -0.0125939 -0.0228095 -0.0175533 -0.0026685 -0.0159907 -0.0254448 -0.0056055 -0.0221693 0.0285557 0.0461656 -0.0113603 0.0144332 -0.0101281 -0.0135086 -0.0211780 0.0056594 0.0064457 -0.0130017 0.0044494 -0.0341588 -0.0314929 -0.0088235 -0.0405362 0.0167597 -0.0081769
-0.0267967 -0.0303815 -0.0025641 0.0010750 0.0045425 0.0068809 -0.0097909 -0.0202622 -0.0001727 -0.0334129 -0.0251957 -0.0184720 0.0135371 0.0158100 -0.0239673 -0.0245588 0.0056983 -0.0212300 -0.0078553 -0.0264885 0.0188567 -0.0166612 -0.0106588 -0.0400054 0.5746601 -0.0069986 0.0078474 -0.0464276 -0.0276013 -0.0263355 -0.0109830 -0.0018219 -0.0292333 -0.0045522 0.0238758 0.0182872 0.0101945 0.0095125 0.0084315 -0.0098486 -0.0263360 0.0037377 -0.0348154 -0.0325706 0.0070886 -0.0163390 -0.0210036 -0.0133727 -0.0136972 0.0295556 0.0253489 -0.0285558 0.0057478 -0.0087517 0.0193707 0.0082294 -0.0209403 -0.0137926 -0.0107273 -0.0346294 -0.0093731 -0.0083835 0.0017333 -0.0084918 -0.0171287 0.0281777 0.0148396 -0.0074172 -0.0160772 0.0249705 -0.0000857 0.0115197 -0.0227346 -0.0055737 -0.0171233
-0.0326762 -0.0490993 0.0215724 0.0004905 -0.0137479 -0.0367237 0.0107436 -0.0385697 0.0287499 -0.0464372 0.0327265 -0.0228989 -0.0425802 -0.0109070 0.0024648 -0.0313577 -0.0051801 -0.0130812 -0.0103771 0.0477184 -0.0114114 0.0055770 0.0053600 0.0115701 -0.0069986 0.6496674 0.0130755 0.0040875 -0.0298752 -0.0038338 0.0193203 0.0000428 0.0089185 -0.0275558 0.0384684 -0.0257692 0.0161072 0.0083183 -0.0121167 0.0168518 -0.0176052 -0.0138605 0.0039620 0.0155643 -0.0298596 -0.0143992 -0.0232292 -0.0217599 -0.0076224 -0.0165063 0.0010627 -0.0052106 -0.0443943 -0.0096739 -0.0362893 -0.0148898 -0.0227835 -0.0045705 -0.0011972 -0.0172186 0.0126403 0.0132308 0.0044237 -0.0269599 -0.0334833 -0.0030538 -0.0301880 0.0041390 -0.0158650 0.0042187 -0.0237857 0.0051053 -0.0413452 -0.0110368 -0.0235221
-0.1243293 -0.1463927 0.0346315 0.0133219 0.0222685 0.0138172 0.0470921 -0.1373018 -0.0031720 -0.1470203 -0.0149880 0.0031401 -0.0188900 0.0229177 -0.0227510 0.0113919 0.0161167 -0.0090286 -0.0175958 0.0107753 0.0271777 -0.0416936 -0.0088505 -0.0033161 0.0078474 0.0130755 1.0230513 -0.0306955 -0.0008204 0.0004777 -0.0091198 0.0050018 -0.0063226 0.0186474 -0.0108171 -0.0014595 0.0542942 0.0033914 -0.0358589 -0.0054739 0.0313239 -0.0141961 -0.0118794 0.0254466 -0.0107706 -0.0146091 -0.0759733 -0.0068445 0.0055121 0.0103843 0.0282729 -0.0204374 0.0014174 -0.0120234 0.0066401 0.0051437 0.0016978 0.0355796 0.0264848 0.0269705 0.0237982 0.0107977 -0.0042579 -0.0638749 -0.0059021 0.0273186 0.0038314 0.0572200 -0.0130282 -0.0035888 0.0121519 0.0037928 -0.0394495 0.0055857 0.0109415
0.0485009 0.0438460 -0.0054839 -0.0038885 -0.0143648 0.0239512 -0.0058237 0.0478952 -0.0271423 0.0217348 -0.0217627 -0.0159228 0.0152606 -0.0146588 -0.0018436 -0.0057993 -0.0170809 -0.0158122 0.0142708 0.0131277 -0.0333762 -0.0350019 -0.0461452 -0.0002678 -0.0464276 0.0040875 -0.0306955 0.6409170 -0.0134953 0.0116943 -0.0051846 0.0086882 -0.0292392 -0.0273509 -0.0458981 -0.0324496 -0.0210482 0.0221030 0.0880068 -0.0141910 -0.0332924 -0.0042184 -0.0053357 0.0065790 -0.0153316 -0.0478824 0.0012202 0.0348302 -0.0285540 -0.0134149 -0.0150204 0.0124163 0.0060428 -0.0087239 -0.0039981 -0.0245348 0.0139136 -0.0027261 -0.0241868 -0.0330781 -0.0271268 -0.0273925 -0.0188029 0.0072835 -0.0061591 -0.0364467 -0.0109619 -0.0225005 0.0144640 0.0094507 0.0035533 0.0021874 0.0159033 -0.0101067 -0.0009010
-0.0049101 -0.0235107 0.0195026 -0.0067898 0.0003421 -0.0158523 -0.0105541 -0.0149204 0.0119532 -0.0403204 -0.0056711 0.0119814 -0.0159183 -0.0282576 -0.0074336 -0.0335999 -0.0259188 0.0172426 -0.0121343 -0.0210571 0.0332712 0.0057687 0.0313391 -0.0233266 -0.0276013 -0.0298752 -0.0008204 -0.0134953 0.7974367 -0.0236152 0.0143349 0.0239645 -0.0197077 0.0024892 -0.0248180 -0.0177493 0.0110519 -0.0462836 -0.0228760 -0.0332941 -0.0074345 -0.0036326 0.0149358 -0.0020442 -0.0084202 -0.0049730 -0.0059127 -0.0098452 0.0362094 0.0159810 -0.0411447 0.0286734 -0.0033550 -0.0214794 -0.0055559 -0.0115901 -0.0090662 -0.0232206 0.0135186 -0.0165633 -0.0130235 0.0006166 -0.0028521 0.0109250 -0.0120247 -0.0191928 -0.0240332 -0.0352039 -0.0065114 -0.0211429 0.0159303 -0.0068758 0.0017736 0.0030162 -0.0116776
0.0288490 0.0260834 -0.0126619 -0.0283165 -0.0049360 -0.0363638 -0.0178082 0.0240085 0.0080666 0.0146753 0.0164581 0.0275177 0.0002345 -0.0268093 -0.0141445 -0.0083001 -0.0063926 -0.0146104 -0.0098531 -0.0024037 0.0056776 -0.0250575 -0.0153276 0.0008652 -0.0263355 -0.0038338 0.0004777 0.0116943 -0.0236152 0.6949477 0.0230512 0.0300211 0.0022928 0.0032813 -0.0088985 -0.0104874 -0.0129162 -0.0147189 0.0078133 0.0299114 0.0095107 0.0084305 0.0121320 -0.0530144 -0.0296494 -0.0033796 0.0115385 0.0304551 -0.0421585 -0.0196833 -0.0350363 0.0055286 -0.0441447 -0.0307722 -0.0300232 0.0092689 -0.0316881 -0.0474358 -0.0374628 -0.0072437 -0.0013938 -0.0282774 -0.0015472 0.0146182 -0.0105133 0.0009077 -0.0047597 -0.0114994 0.0044125 -0.0228903 0.0291525 -0.0269027 -0.0125954 -0.0084472 -0.0191793
0.0165286 -0.0100299 -0.0026240 -0.0416057 -0.0054034 -0.0267913 -0.0056578 0.0144298 -0.0168260 0.0313059 -0.0026258 -0.0293331 0.0177858 -0.0346537 0.0015339 -0.0077061 -0.0348941 -0.0206673 0.0062660 -0.0021159 -0.0179244 0.0448979 -0.0238652 -0.0132885 -0.0109830 0.0193203 -0.0091198 -0.0051846 0.0143349 0.0230512 0.5429181 -0.0237736 0.0149722 -0.0413028 -0.0272950 -0.0294059 -0.0065885 0.0175965 0.0104117 -0.0304849 0.0066771 0.0077506 -0.0212043 -0.0166074 -0.0014334 -0.0241925 -0.0000658 0.0108348 -0.0013491 0.0116192 -0.0185133 -0.0000419 -0.0079518 -0.0209736 0.0098364 -0.0019638 -0.0125235 -0.0181757 -0.0266065 -0.0262821 -0.0178569 -0.0186813 -0.0006636 -0.0095734 -0.0077458 -0.0119896 0.0172948 -0.0009304 0.0253094 -0.0282617 0.0077856 0.0132803 -0.0323420 0.0009026 0.0254132
0.0001209 -0.0041875 -0.0339648 -0.0235819 -0.0204431 -0.0147604 0.0025608 -0.0160293 0.0080980 -0.0148691 0.0542451 -0.0397546 -0.0173795 0.0025989 -0.0026020 -0.0302358 -0.0240148 -0.0038295 -0.0189550 -0.0003626 -0.0425212 -0.0605253 -0.0085281 -0.0216433 -0.0018219 0.0000428 0.0050018 0.0086882 0.0239645 0.0300211 -0.0237736 0.6907673 -0.0064196 -0.0193152 0.0333080 0.0076476 -0.0044936 0.0114331 0.0135546 -0.0129984 -0.0317671 0.0022669 0.0175509 -0.0304155 -0.0311521 0.0098125 -0.0160008 0.0150094 0.0066748 -0.0169098 -0.0302443 0.0087968 -0.0091210 -0.0444061 0.0040549 -0.0114308 -0.0201812 -0.0053935 -0.0173758 -0.0052103 -0.0157936 0.0092192 -0.0256240 -0.0424378 -0.0089939 0.0136164 0.0073034 -0.0200827 0.0091779 -0.0030891 0.0472115 -0.0042061 -0.0121497 -0.0401094 0.0024920
-0.0104456 -0.0130659 -0.0340280 0.0048845 -0.0035644 0.0043640 -0.0100786 0.0012670 -0.0060051 0.0169776 0.0076657 -0.0213651 -0.0169192 -0.0017388 0.0010928 0.0002622 0.0170353 -0.0396318 -0.0149851 -0.0263817 -0.0168524 -0.0166897 0.0091647 -0.0072207 -0.0292333 0.0089185 -0.0063226 -0.0292392 -0.0197077 0.0022928 0.0149722 -0.0064196 0.6394851 0.0067227 0.0136448 0.0095480 -0.0033672 -0.0158982 -0.0305332 0.0107412 -0.0182124 -0.0533948 0.0303470 -0.0335848 0.0159967 -0.0596712 -0.0238332 -0.0083612 0.0050541 0.0155025 -0.0262701 0.0089963 0.0421434 0.0000675 -0.0218050 -0.0171809 -0.0233434 -0.0018857 0.0103668 -0.0277111 0.0134201 -0.0075221 0.0209816 -0.0014640 -0.0246317 -0.0296016 -0.0091967 0.0034338 -0.0325586 0.0111831 -0.0295647 -0.0008241 0.0046275 -0.0029821 0.0117454
-0.0271221 -0.0160686 -0.0105171 0.0109056 0.0225351 -0.0286030 0.0325045 -0.0614393 -0.0143973 -0.0512967 0.0096621 0.0103439 -0.0262523 -0.0037284 -0.0091639 0.0108443 0.0138082 -0.0235992 -0.0068344 -0.0324789 0.0056316 0.0018807 -0.0254752 -0.0042025 -0.0045522 -0.0275558 0.0186474 -0.0273509 0.0024892 0.0032813 -0.0413028 -0.0193152 0.0067227 0.8055151 -0.0246749 -0.0130857 0.0096751 0.0150723 -0.0123828 -0.0233880 -0.0254616 0.0145333 0.0041905 -0.0377674 -0.0332189 0.0194590 -0.0083008 -0.0207779 0.0079142 -0.0051767 -0.0525287 -0.0405400 0.0107967 -0.0432248 -0.0180885 0.0404297 -0.0251604 -0.0097520 -0.0630204 -0.0170897 -0.0205114 0.0003380 -0.0331969 0.0135184 -0.0119715 -0.0034641 -0.0370396 0.0477541 0.0182689 0.0191380 -0.0016085 -0.0117516 0.0130862 -0.0226382 0.0080913
0.0181340 0.0513877 -0.0105611 -0.0238230 -0.0588675 0.0248551 -0.0123237 0.0231508 -0.0203824 -0.0137875 -0.0055023 0.0011291 -0.0248694 -0.0212642 0.0023847 -0.0162957 -0.0150726 0.0051141 0.0105106 -0.0475000 -0.0418319 -0.0058633 -0.0153402 -0.0185177 0.0238758 0.0384684 -0.0108171 -0.0458981 -0.0248180 -0.0088985 -0.0272950 0.0333080 0.0136448 -0.0246749 0.6145939 0.0093182 -0.0143517 -0.0140506 0.0123593 -0.0147966 -0.0165005 0.0022728 0.0160413 -0.0120181 0.0122625 0.0054475 0.0016503 -0.0215733 -0.0125951 -0.0229491 -0.0033935 -0.0130413 0.0016565 -0.0301623 0.0089526 0.0044387 -0.0145951 -0.0016906 0.0113177 -0.0255460 -0.0175605 -0.0182585 -0.0123692 -0.0010728 -0.0338796 0.0014922 -0.0130028 -0.0324308 -0.0018894 -0.0008920 0.0034679 -0.0232559 0.0095472 -0.0031734 0.0109946
-0.0004813 0.0156635 -0.0062686 -0.0162804 -0.0167870 -0.0228689 -0.0153129 -0.0072864 -0.0404574 0.0033585 -0.0427438 0.0134896 -0.0296872 0.0146900 -0.0287633 0.0331293 0.0103548 -0.0087553 -0.0202607 0.0001800 0.0226451 -0.0110635 -0.0082023 -0.0115816 0.0182872 -0.0257692 -0.0014595 -0.0324496 -0.0177493 -0.0104874 -0.0294059 0.0076476 0.0095480 -0.0130857 0.0093182 0.6061307 0.0017303 -0.0458548 -0.0086507 -0.0254799 -0.0228071 -0.0236835 -0.0309642 -0.0218011 0.0113587 0.0315203 -0.0086285 -0.0382774 -0.0432005 0.0056409 -0.0134578 -0.0243420 0.0006753 -0.0262758 -0.0340864 -0.0234449 -0.0178748 0.0110545 -0.0096245 0.0097299 -0.0092281 -0.0090079 0.0267537 0.0373887 0.0348061 -0.0315942 -0.0215463 0.0021468 0.0059496 -0.0041371 0.0015277 -0.0147001 0.0227938 0.0134476 0.0249808
-0.1272332 -0.1556158 0.0214080 0.0186228 0.0121916 0.0038315 0.0574875 -0.1510302 0.0046461 -0.1466280 -0.0140098 -0.0093247 -0.0014927 0.0497776 -0.0277811 0.0031342 0.0054890 -0.0105380 -0.0232494 -0.0096133 0.0395150 -0.0331042 -0.0116984 -0.0053779 0.0101945 0.0161072 0.0542942 -0.0210482 0.0110519 -0.0129162 -0.0065885 -0.0044936 -0.0033672 0.0096751 -0.0143517 0.0017303 1.0397232 0.0034685 -0.0383104 0.0081630 0.0243803 -0.0317728 -0.0170152 0.0210438 0.0102580 0.0032261 -0.0811475 -0.0041291 0.0000932 0.0254248 0.0186260 -0.0255739 -0.0043622 -0.0051934 0.0246512 0.0063678 0.0035372 0.0375843 0.0099542 0.0409035 0.0159902 0.0014478 0.0088693 -0.0507060 -0.0074341 0.0217795 0.0043269 0.0441080 0.0015626 -0.0110692 0.0058286 -0.0185714 -0.0343615 0.0015589 0.0114481
-0.0219545 -0.0271170 -0.0351576 -0.0409341 -0.0024634 0.0043320 0.0014477 -0.0152157 -0.0060543 -0.0158780 -0.0029004 0.0077591 0.0253968 0.0039519 -0.0227755 -0.0153779 -0.0124872 -0.0327822 -0.0055903 -0.0191177 0.0008147 -0.0265574 -0.0158601 -0.0154586 0.0095125 0.0083183 0.0033914 0.0221030 -0.0462836 -0.0147189 0.0175965 0.0114331 -0.0158982 0.0150723 -0.0140506 -0.0458548 0.0034685 0.6602874 0.0089365 -0.0285515 0.0219181 -0.0155986 -0.0110550 0.0095669 -0.0354445 -0.0177354 -0.0148438 -0.0102776 -0.0113768 0.0269793 -0.0255758 -0.0494182 0.0025886 0.0164389 0.0015119 -0.0141362 -0.0092898 0.0014791 0.0003110 -0.0199541 0.0158705 -0.0474701 -0.0151118 -0.0110994 -0.0174349 0.0087346 0.0168661 0.0114287 -0.0317952 -0.0099714 -0.0015213 -0.0180619 -0.0147909 0.0002352 0.0180286
0.0764363 0.0560678 -0.0108980 -0.0143346 -0.0023418 -0.0088670 -0.0374979 0.0730378 0.0146023 0.0625321 -0.0035176 -0.0321177 0.0089530 -0.0303116 0.0043456 -0.0058855 -0.0312524 -0.0119215 0.0123965 -0.0234456 -0.0518579 0.0174522 -0.0177366 -0.0266472 0.0084315 -0.0121167 -0.0358589 0.0880068 -0.0228760 0.0078133 0.0104117 0.0135546 -0.0305332 -0.0123828 0.0123593 -0.0086507 -0.0383104 0.0089365 0.6547195 -0.0039912 -0.0555346 -0.0121804 -0.0019007 -0.0318500 -0.0163081 -0.0073953 0.0164424 -0.0073848 -0.0096213 -0.0444352 0.0072937 -0.0246482 0.0273965 0.0116598 -0.0366679 -0.0371308 -0.0052359 -0.0026945 -0.0143898 -0.0268973 -0.0125792 -0.0439431 -0.0406171 0.0094750 -0.0248678 -0.0171819 0.0208541 -0.0219885 0.0061935 0.0124678 0.0029483 -0.0230558 -0.0052744 -0.0084864 0.0065264
-0.0107377 -0.0043788 -0.0199460 0.0084608 0.0090414 0.0293532 0.0062938 -0.0174149 0.0082294 0.0008985 -0.0241136 -0.0306649 -0.0046607 -0.0268989 0.0029458 0.0097856 0.0033929 -0.0077660 -0.0078452 0.0116266 -0.0153389 0.0055439 -0.0191775 -0.0137350 -0.0098486 0.0168518 -0.0054739 -0.0141910 -0.0332941 0.0299114 -0.0304849 -0.0129984 0.0107412 -0.0233880 -0.0147966 -0.0254799 0.0081630 -0.0285515 -0.0039912 0.7209870 0.0049436 -0.0051416 0.0003995 0.0288942 0.0106657 0.0389697 0.0035590 0.0073404 -0.0199099 -0.0069893 0.0062572 -0.0089057 -0.0231105 0.0079821 -0.0306141 0.0191142 -0.0006056 -0.0139606 -0.0049645 -0.0094062 -0.0215366 0.0019367 -0.0239423 -0.0150596 -0.0057177 -0.0407417 -0.0456170 0.0174248 0.0209059 -0.0132558 -0.0524391 -0.0510388 -0.0017514 -0.0231785 -0.0267766
-0.0847251 -0.0844564 0.0218876 0.0191995 -0.0082604 -0.0086668 0.0197654 -0.0720738 -0.0344332 -0.0773777 -0.0205901 -0.0232788 -0.0433155 0.0209417 -0.0286233 -0.0149447 0.0264507 -0.0253690 -0.0111985 -0.0355079 -0.0352818 -0.0245389 0.0001735 -0.0139137 -0.0263360 -0.0176052 0.0313239 -0.0332924 -0.0074345 0.0095107 0.0066771 -0.0317671 -0.0182124 -0.0254616 -0.0165005 -0.0228071 0.0243803 0.0219181 -0.0555346 0.0049436 0.6742837 -0.0284087 -0.0177577 0.0164142 0.0107654 -0.0109229 -0.0433484 0.0155418 0.0166686 0.0149117 0.0276576 0.0037401 0.0107915 0.0116472 0.0197244 -0.0133718 -0.0290338 0.0234422 -0.0199302 0.0309133 0.0130929 -0.0083638 0.0055952 -0.0863092 0.0138128 0.0469016 0.0268289 0.0278262 0.0023158 0.0149820 0.0166781 -0.0512097 -0.0116611 -0.0082405 -0.0461431
0.0354055 0.0236297 -0.0035174 -0.0174010 -0.0307303 0.0096844 -0.0176757 0.0138615 0.0399364 0.0287908 0.0205074 -0.0018952 -0.0210602 -0.0189463 0.0002772 -0.0248023 -0.0136547 0.0135513 -0.0131421 -0.0118063 -0.0399795 -0.0290256 0.0309643 -0.0015623 0.0037377 -0.0138605 -0.0141961 -0.0042184 -0.0036326 0.0084305 0.0077506 0.0022669 -0.0533948 0.0145333 0.0022728 -0.0236835 -0.0317728 -0.0155986 -0.0121804 -0.0051416 -0.0284087 0.6773139 0.0009854 -0.0137031 -0.0086422 -0.0066645 0.0262090 0.0005473 -0.0046973 -0.0051113 0.0075618 -0.0025758 -0.0026877 -0.0125550 -0.0266748 0.0237628 -0.0183894 -0.0426153 0.0088791 -0.0391193 -0.0269790 -0.0012180 -0.0125578 0.0118651 0.0074059 0.0071710 -0.0182370 -0.0329860 0.0085364 -0.0655741 -0.0018356 -0.0193371 0.0392352 -0.0235443 -0.0591324
0.0129825 0.0115370 0.0147517 -0.0058708 -0.0162744 -0.0098725 -0.0157120 0.0035297 -0.0296925 -0.0080683 0.0070526 -0.0074354 -0.0128664 -0.0046214 0.0108007 -0.0360417 -0.0090389 -0.0051832 -0.0175057 -0.0107099 -0.0202659 -0.0064488 0.0088790 -0.0163671 -0.0348154 0.0039620 -0.0118794 -0.0053357 0.0149358 0.0121320 -0.0212043 0.0175509 0.0303470 0.0041905 0.0160413 -0.0309642 -0.0170152 -0.0110550 -0.0019007 0.0003995 -0.0177577 0.0009854 0.7847144 -0.0015317 0.0255296 0.0291412 -0.0178490 0.0070828 0.0194370 -0.0136029 -0.0079768 0.0021457 -0.0115083 -0.0172021 -0.0383118 -0.0206726 -0.0267330 -0.0186971 -0.0231947 -0.0075392 -0.0295861 -0.0272142 -0.0250714 -0.0081640 -0.0110046 -0.0213354 -0.0041437 -0.0191495 -0.0027355 -0.0188004 -0.0333428 0.0021799 -0.0081473 -0.0007170 -0.0004476
-0.0693470 -0.1001948 0.0361784 -0.0134128 -0.0047184 -0.0325944 0.0157649 -0.0639552 0.0056527 -0.0610749 -0.0054054 -0.0465850 0.0096295 0.0176867 -0.0105905 0.0142761 0.0355132 -0.0240747 -0.0193711 -0.0321192 -0.0008475 -0.0054774 0.0061138 0.0318540 -0.0325706 0.0155643 0.0254466 0.0065790 -0.0020442 -0.0530144 -0.0166074 -0.0304155 -0.0335848 -0.0377674 -0.0120181 -0.0218011 0.0210438 0.0095669 -0.0318500 0.0288942 0.0164142 -0.0137031 -0.0015317 0.5524796 0.0206094 -0.0181530 -0.0504433 -0.0175798 0.0102913 -0.0202853 0.0245820 -0.0238529 0.0207873 -0.0286498 -0.0050561 0.0229453 -0.0210037 0.0180403 0.0220372 0.0207153 0.0012176 -0.0296870 0.0144604 -0.0585410 0.0016993 0.0283324 -0.0116748 0.0129021 0.0020231 -0.0449812 -0.0437484 0.0070843 0.0035943 0.0054195 -0.0300033
-0.0219411 -0.0162359 0.0018384 0.0011200 -0.0108310 -0.0115096 -0.0021766 -0.0247616 -0.0373106 -0.0294607 -0.0260209 -0.0204116 -0.0267217 -0.0023536 0.0066608 -0.0117446 -0.0216467 -0.0124883 -0.0011380 -0.0005002 -0.0391764 0.0181552 -0.0066983 -0.0011813 0.0070886 -0.0298596 -0.0107706 -0.0153316 -0.0084202 -0.0296494 -0.0014334 -0.0311521 0.0159967 -0.0332189 0.0122625 0.0113587 0.0102580 -0.0354445 -0.0163081 0.0106657 0.0107654 -0.0086422 0.0255296 0.0206094 0.5878953 -0.0082066 -0.0344000 -0.0295259 0.0061207 0.0053017 0.0428259 0.0435748 0.0252693 -0.0122152 -0.0303775 -0.0492526 0.0080518 0.0135269 -0.0054451 -0.0164930 0.0144150 -0.0122907 -0.0290567 -0.0247820 0.0002817 0.0115687 -0.0390738 0.0159529 -0.0114724 0.0132985 -0.0187461 -0.0257743 -0.0193741 -0.0000049 -0.0344151
0.0124671 0.0212289 -0.0056109 -0.0074036 -0.0028740 -0.0292018 -0.0133306 -0.0110820 -0.0152549 -0.0134444 -0.0001443 -0.0179489 -0.0059399 -0.0132983 0.0055943 0.0096000 -0.0086484 -0.0195967 -0.0326879 -0.0356078 -0.0185482 0.0182077 -0.0247445 0.0398229 -0.0163390 -0.0143992 -0.0146091 -0.0478824 -0.0049730 -0.0033796 -0.0241925 0.0098125 -0.0596712 0.0194590 0.0054475 0.0315203 0.0032261 -0.0177354 -0.0073953 0.0389697 -0.0109229 -0.0066645 0.0291412 -0.0181530 -0.0082066 0.7153591 -0.0073648 -0.0230479 -0.0168694 0.0060425 -0.0089449 0.0477248 -0.0259846 -0.0060537 0.0137247 -0.0147732 0.0080617 -0.0281647 -0.0336661 -0.0331149 -0.0058870 -0.0162702 -0.0017297 0.0081770 -0.0319307 -0.0020131 -0.0209592 -0.0514203 -0.0104197 -0.0104913 -0.0078478 -0.0066256 0.0198746 -0.0459830 0.0063336
0.1723004 0.1425685 -0.0467813 -0.0256054 -0.0337244 -0.0159887 -0.0489198 0.1809878 -0.0000527 0.1804406 0.0001209 0.0010332 0.0160574 -0.0447489 -0.0018204 -0.0139568 -0.0284746 0.0012935 0.0056426 0.0069886 -0.0492557 0.0231008 0.0358620 -0.0376298 -0.0210036 -0.0232292 -0.0759733 0.0012202 -0.0059127 0.0115385 -0.0000658 -0.0160008 -0.0238332 -0.0083008 0.0016503 -0.0086285 -0.0811475 -0.0148438 0.0164424 0.0035590 -0.0433484 0.0262090 -0.0178490 -0.0504433 -0.0344000 -0.0073648 0.8855157 0.0093360 -0.0065100 -0.0251326 -0.0334517 -0.0036985 -0.0209605 0.0095426 0.0007758 0.0054062 -0.0008501 -0.0751269 -0.0240336 -0.0341726 -0.0313865 0.0106856 -0.0050923 0.0666671 0.0135592 -0.0480665 -0.0192316 -0.0365503 0.0080112 -0.0272858 -0.0008011 -0.0013593 0.0431904 0.0125986 -0.0129324
0.0274664 0.0117053 -0.0181849 0.0257411 -0.0002667 -0.0467839 -0.0071602 0.0392911 0.0070322 0.0300349 -0.0252080 -0.0046638 -0.0129358 -0.0184132 0.0009806 -0.0056833 -0.0313869 -0.0258101 -0.0112173 0.0204929 0.0238639 -0.0132586 -0.0301342 -0.0018987 -0.0133727 -0.0217599 -0.0068445 0.0348302 -0.0098452 0.0304551 0.0108348 0.0150094 -0.0083612 -0.0207779 -0.0215733 -0.0382774 -0.0041291 -0.0102776 -0.0073848 0.0073404 0.0155418 0.0005473 0.0070828 -0.0175798 -0.0295259 -0.0230479 0.0093360 0.7458496 -0.0116266 -0.0269822 0.0189552 -0.0134291 -0.0021061 -0.0206050 -0.0214397 0.0120720 0.0128955 -0.0125108 -0.0081607 -0.0177802 0.0059137 -0.0295739 -0.0163627 0.0183687 -0.0365335 -0.0696134 -0.0094283 -0.0212716 0.0076254 -0.0051345 -0.0017698 -0.0235500 -0.0129306 -0.0282663 -0.0020086
-0.0136606 -0.0118525 -0.0175319 -0.0002305 0.0080208 -0.0433517 0.0032925 -0.0209463 -0.0155928 -0.0208241 -0.0144705 -0.0059611 -0.0086845 0.0206571 0.0091887 0.0071499 -0.0198987 -0.0022153 -0.0031176 -0.0229012 -0.0064864 -0.0208664 -0.0397770 0.0093217 -0.0136972 -0.0076224 0.0055121 -0.0285540 0.0362094 -0.0421585 -0.0013491 0.0066748 0.0050541 0.0079142 -0.0125951 -0.0432005 0.0000932 -0.0113768 -0.0096213 -0.0199099 0.0166686 -0.0046973 0.0194370 0.0102913 0.0061207 -0.0168694 -0.0065100 -0.0116266 0.6451322 -0.0094778 -0.0049840 -0.0231050 0.0295935 -0.0035348 0.0093599 -0.0179248 0.0004623 -0.0299043 -0.0158807 -0.0108418 -0.0283430 0.0025104 -0.0416467 -0.0376037 0.0085854 -0.0020964 -0.0174526 -0.0036389 0.0092274 -0.0179734 0.0145681 -0.0089903 0.0333158 -0.0054721 -0.0282038
-0.0553808 -0.0712455 -0.0382956 -0.0038782 -0.0062043 0.0270388 0.0259006 -0.0841864 0.0278200 -0.0546584 -0.0226482 -0.0108382 0.0101195 0.0420305 -0.0184815 0.0164389 0.0270481 -0.0131105 -0.0043320 0.0050047 -0.0349959 0.0008925 -0.0010766 0.0044457 0.0295556 -0.0165063 0.0103843 -0.0134149 0.0159810 -0.0196833 0.0116192 -0.0169098 0.0155025 -0.0051767 -0.0229491 0.0056409 0.0254248 0.0269793 -0.0444352 -0.0069893 0.0149117 -0.0051113 -0.0136029 -0.0202853 0.0053017 0.0060425 -0.0251326 -0.0269822 -0.0094778 0.6458625 -0.0263037 0.0030980 -0.0237182 -0.0332034 0.0110498 -0.0070744 -0.0415477 0.0293456 -0.0173621 -0.0238634 0.0046093 -0.0209229 -0.0032399 -0.0316100 -0.0166108 -0.0040966 -0.0048454 -0.0125441 -0.0323644 0.0037548 0.0035339 -0.0637766 -0.0257364 -0.0216930 0.0050065
