0.00000000099999999997 0.00000000099999999997 0.00000000099999999997 0.99999999700000008485 
0.00000000099999999998 0.00000000099999999998 0.00000000099999999998 0.99999999700000008485 
0.27348818383326517489 0.00000000099999999998 0.00000000099999999998 0.72651181416673482616 
0.00000000099999999996 0.00000000099999999996 0.00000000099999999996 0.99999999700000008485 
0.00000000099999999997 0.00000000099999999997 0.00000000099999999997 0.99999999700000008485 
0.00000000099999999996 0.00000000099999999996 0.00000000099999999996 0.99999999699999997382 
0.00000000100000000000 0.00000000100000000000 0.07632755071930588664 0.92367244728069397564 
0.00000000099999999996 0.00000000099999999996 0.00000000099999999996 0.99999999699999997382 
0.00000000099999999998 0.99999999699999997382 0.00000000099999999998 0.00000000099999999998 
0.24476446761452555489 0.37000742617100418341 0.10775058119417664504 0.27747752502029360278 
0.00000000099999999997 0.00000000099999999997 0.00000000099999999997 0.99999999699999997382 
0.00000000099999999998 0.00000000099999999998 0.00000000099999999998 0.99999999699999997382 
0.00000000099999999998 0.00000000099999999998 0.00000000099999999998 0.99999999700000008485 
0.00000000099999999999 0.99999999699999997382 0.00000000099999999999 0.00000000099999999999 
0.07477324951656275087 0.22089909091750348225 0.26062655844005855332 0.44370110112587524132 
0.00000000099999999999 0.00000000099999999999 0.00000000406166741428 0.99999999393833260974 
0.00000000100000000000 0.15265403244147640605 0.40959333679107989834 0.43775262976744372390 
0.99999999700000008485 0.00000000099999999997 0.00000000099999999997 0.00000000099999999997 
0.76962780294109811585 0.00000000099999999998 0.00000000099999999998 0.23037219505890196847 
0.99999999700000008485 0.00000000099999999997 0.00000000099999999997 0.00000000099999999997 
0.71718418106014525382 0.00000000099999999999 0.28281581693985469173 0.00000000099999999999 
0.99999999700000008485 0.00000000099999999997 0.00000000099999999997 0.00000000099999999997 
0.99999999699999997382 0.00000000099999999998 0.00000000099999999998 0.00000000099999999998 
0.52862652502285278899 0.47137347297714721206 0.00000000099999999999 0.00000000099999999999 
0.99999999700000008485 0.00000000099999999997 0.00000000099999999997 0.00000000099999999997 
0.99999999699999997382 0.00000000099999999997 0.00000000099999999997 0.00000000099999999997 
0.99999999699999997382 0.00000000099999999996 0.00000000099999999996 0.00000000099999999996 
0.60986711947611627060 0.00000000099999999999 0.10241400317328236413 0.28771887635060144905 
0.99999999699999997382 0.00000000099999999996 0.00000000099999999996 0.00000000099999999996 
0.99999999700000008485 0.00000000099999999996 0.00000000099999999996 0.00000000099999999996 
0.80178164532656426289 0.19821835267343584919 0.00000000099999999999 0.00000000099999999999 
0.99999999699999997382 0.00000000099999999999 0.00000000099999999999 0.00000000099999999999 
0.99999999700000008485 0.00000000099999999997 0.00000000099999999997 0.00000000099999999997 
0.62232651207199185528 0.00000000100000000000 0.37767348592800809026 0.00000000100000000000 
0.99999999700000008485 0.00000000099999999998 0.00000000099999999998 0.00000000099999999998 
0.99999999700000008485 0.00000000099999999997 0.00000000099999999997 0.00000000099999999997 
0.99999999699999997382 0.00000000099999999998 0.00000000099999999998 0.00000000099999999998 
0.00000102028673369518 0.00000000100000000000 0.35319523666800045625 0.64680374204526580595 
0.00000978011067727716 0.23105238687860982227 0.06129162269784396710 0.70764621031286889519 
0.00000000099999999999 0.00000000099999999999 0.00000000099999999999 0.99999999700000008485 
0.00000000099999999998 0.00000000099999999998 0.99999999699999997382 0.00000000099999999998 
0.00000000100000000000 0.00000022684129726326 0.37806766876588315807 0.62193210339281945753 
0.00000000100000000000 0.13320594878720790066 0.42035408678041868979 0.44643996343237341007 
0.00000000099999999996 0.99999999699999997382 0.00000000099999999996 0.00000000099999999996 
0.00000000100000000000 0.00000000100000000000 0.43205789870911148753 0.56794209929088856903 
0.00000000100000000000 0.00000000100000000000 0.42193699451199506711 0.57806300348800498945 
0.00000000099999999999 0.00000000099999999999 0.99999997386141092903 0.00000002413858892258 
0.00000000099999999999 0.20300996031636223127 0.79699003768363774203 0.00000000099999999999 
0.00000000099999999999 0.00000000099999999999 0.51775002059398045340 0.48224997740601954765 
0.00000000099999999999 0.31365944271038198599 0.68634055528961790404 0.00000000099999999999 
0.00000000099999999999 0.00000000099999999999 0.55697810516821255611 0.44302189283178733392 
0.00000000099999999999 0.00000172609398869823 0.67329640399749568491 0.32670186890851543593 
0.00000000100000000000 0.18776655253839674709 0.41388815707968479307 0.39834528938191837710 
0.00000000100000000000 0.14180721989225333890 0.54796139802570753563 0.31023138108203907048 
0.00000000100000000000 0.00000000100000000000 0.57067821867862011942 0.42932177932137971510 
0.77704354716436552231 0.00000000099999999998 0.00000000099999999998 0.22295645083563461752 
0.00000000099999999998 0.00000000099999999998 0.99999999699999986280 0.00000000099999999998 
0.54211776053219640215 0.28481624318881926250 0.17306599527898428037 0.00000000100000000000 
0.67653194697130225599 0.00000000100000000000 0.15282849950032761921 0.17063955252837012533 
0.53052497458972103228 0.00000000099999999999 0.46947502341027891326 0.00000000099999999999 
0.60295493980731296180 0.00000000100000000000 0.39704505819268703926 0.00000000100000000000 
0.69829706082596965100 0.00000000100000000000 0.07812034703288799065 0.22358259114114245603 
0.35913706291002434057 0.00000000100000000000 0.42104050670842740889 0.21982242938154825107 
0.47657738183250691888 0.29359551802870126336 0.22982709913879176278 0.00000000100000000000 
0.00000000099999999998 0.00000000099999999998 0.99999999699999986280 0.00000000099999999998 
0.36118979769460246576 0.00000000099999999999 0.63881020030539747978 0.00000000099999999999 
0.39205508998241866969 0.11020149620051611361 0.49774341281706507845 0.00000000100000000000 
0.34415390269353490771 0.45695606385822801210 0.19889003244823705296 0.00000000100000000000 
0.33923131515443649686 0.17285906783834589784 0.47261986193846966531 0.01528975506874775785 
0.39165251584612631452 0.14231184320068901439 0.46489663346068416105 0.00113900749250057834 
0.00000000099999999998 0.00000000099999999998 0.99999999699999986280 0.00000000099999999998 
0.39019225911235699833 0.11397591622331200434 0.49583182366433098398 0.00000000100000000000 
0.00000000099999999998 0.00000000099999999998 0.99999999699999997382 0.00000000099999999998 
0.08560736922365952406 0.00000000099999999998 0.91439262877634053250 0.00000000099999999998 
0.00000000099999999997 0.99999999699999997382 0.00000000099999999997 0.00000000099999999997 
0.00000000099999999996 0.99999999699999997382 0.00000000099999999996 0.00000000099999999996 
0.00000000100000000000 0.33661402998143535870 0.24195885494928898174 0.42142711406927552131 
0.00000000099999999998 0.34121748307618338103 0.65878251492381656451 0.00000000099999999998 
0.00000000099999999996 0.00000000099999999996 0.99999999699999997382 0.00000000099999999996 
0.00000000099999999998 0.00000000099999999998 0.00000000099999999998 0.99999999700000008485 
0.00000000099999999996 0.99999999699999997382 0.00000000099999999996 0.00000000099999999996 
0.00000000099999999998 0.99999999700000008485 0.00000000099999999998 0.00000000099999999998 
0.00000000099999999998 0.99999999700000008485 0.00000000099999999998 0.00000000099999999998 
0.00000000099999999995 0.99999999699999997382 0.00000000099999999995 0.00000000099999999995 
0.00000000099999999999 0.43746449360784506188 0.56253522970585112528 0.00000027568630374199 
0.00000000099999999998 0.00000000099999999998 0.00000000099999999998 0.99999999700000008485 
0.00000000100000000000 0.21594828091134296577 0.52486886810198207787 0.25918284998667512342 
0.00000000099999999997 0.99999999700000008485 0.00000000099999999997 0.00000000099999999997 
0.00000000099999999996 0.99999999700000008485 0.00000000099999999996 0.00000000099999999996 
0.00000000099999999997 0.99999999700000008485 0.00000000099999999997 0.00000000099999999997 
