0.99999999800000005656 0.00000000099999999998 0.00000000099999999998 
0.99980556618043547878 0.00000000099999999999 0.00019443281956466009 
0.62761046229048411682 0.00000000099999999999 0.37238953670951602248 
0.99999999799999994554 0.00000000099999999998 0.00000000099999999998 
0.99739347300300573718 0.00000000099999999998 0.00260652599699426682 
0.99999999800000005656 0.00000000099999999998 0.00000000099999999998 
0.86239044313306589817 0.08808445035960758840 0.04952510650732648567 
0.99999999800000005656 0.00000000099999999997 0.00000000099999999997 
0.51960628318221757649 0.22036184429652894146 0.26003187252125353757 
0.44342581068401076827 0.28939978937829402561 0.26717439993769509510 
0.68141642316570982807 0.00000000099999999998 0.31858357583429014470 
0.99780574195242510704 0.00000000099999999999 0.00219425704757495940 
0.75985297158188436217 0.00000000099999999999 0.24014702741811572162 
0.79135935301151161259 0.20864052355587453524 0.00000012343261401078 
0.66787364246594005390 0.31090022893817792493 0.02122612859588204198 
0.96133268382158310050 0.03866731517841678900 0.00000000100000000000 
0.41576025581812398046 0.58423974318187610333 0.00000000100000000000 
0.00000000099999999998 0.00000000099999999998 0.99999999800000005656 
0.00007348304359063600 0.00000000099999999998 0.99992651595640946738 
0.00000000099999999998 0.00000000099999999998 0.99999999799999994554 
0.00000000099999999999 0.26370113305265918680 0.73629886594734084149 
0.00000000099999999998 0.00000000099999999998 0.99999999799999994554 
0.00000000099999999998 0.00000000099999999998 0.99999999799999994554 
0.00000135593766770703 0.19602117460807164107 0.80397746945426062926 
0.00000000099999999998 0.00000000099999999998 0.99999999799999994554 
0.00000000099999999998 0.00000000099999999998 0.99999999799999994554 
0.00000000099999999998 0.00000000099999999998 0.99999999800000005656 
0.20678147840480581854 0.13203006168986636260 0.66118845990532781887 
0.00000000099999999997 0.00000000099999999997 0.99999999800000005656 
0.00000000099999999997 0.00000000099999999997 0.99999999800000005656 
0.21030275654313843048 0.00004531645403991429 0.78965192700282171856 
0.00000000099999999999 0.00000000099999999999 0.99999999799999994554 
0.00000000099999999998 0.00000000099999999998 0.99999999800000005656 
0.00000000100000000000 0.37930190318884277056 0.62069809581115731323 
0.15588464389801803822 0.00000000099999999999 0.84411535510198199006 
0.00000000099999999998 0.00000000099999999998 0.99999999800000005656 
0.00000183353867916103 0.00000000099999999999 0.99999816546132092032 
0.50911749832879904520 0.37901709695048912963 0.11186540472071179741 
0.94297676298477883794 0.05702323601522111401 0.00000000100000000000 
0.99999999799999994554 0.00000000099999999999 0.00000000099999999999 
0.00000000099999999999 0.99999999800000005656 0.00000000099999999999 
0.56300049571751897837 0.40795825325769313752 0.02904125102478791534 
0.54896154717791623145 0.45103845182208368580 0.00000000100000000000 
0.79727546549276617771 0.20272453350723371179 0.00000000100000000000 
0.48319251334319701652 0.44050312571312977283 0.07630436094367312738 
0.48571749137631992088 0.43109746837811707687 0.08318504024556303000 
0.00000000100000000000 0.99999999800000005656 0.00000000100000000000 
0.00000000100000000000 0.99999999799999994554 0.00000000100000000000 
0.44856145671589181534 0.55143854228410804641 0.00000000100000000000 
0.00000000099999999999 0.99999999799999994554 0.00000000099999999999 
0.37637845907492439856 0.62362153992507551870 0.00000000100000000000 
0.25353574564029746075 0.74646425335970256754 0.00000000100000000000 
0.48329244319288078291 0.51670755580711924537 0.00000000100000000000 
0.37782308852797341636 0.62217690848230911005 0.00000000298971745832 
0.34275484496727709471 0.65724515403272298908 0.00000000100000000000 
0.00000000099999999998 0.00000000099999999998 0.99999999799999994554 
0.00000000100000000000 0.54967910283557486206 0.45032089616442522173 
0.00000000100000000000 0.28595706033218110109 0.71404293866781887168 
0.05059277809563119538 0.18866177456102445342 0.76074544734334437202 
0.00000000100000000000 0.33573559839514149905 0.66426440060485847372 
0.00000000100000000000 0.38021476240887502884 0.61978523659112494393 
0.21248507045968129114 0.04727151279325492172 0.74024341674706384264 
0.16432022621941791418 0.33397656377320200649 0.50170321000738005157 
0.00004843354569487790 0.35772736437885577221 0.64222420207544939075 
0.00000000100000000000 0.42697339072654744152 0.57302660827345242023 
0.00000000100000000000 0.54447533499367462007 0.45552466400632546373 
0.00000000100000000000 0.56819956579052566248 0.43180043320947447683 
0.00557037376502399467 0.39479954468636302423 0.59963008154861308086 
0.00000381116181857232 0.53711806751569024510 0.46287812132249128716 
0.00000488469063401094 0.53438414911467257973 0.46561096619469338753 
0.00000000099999999999 0.77318011889173854367 0.22681988010826145685 
0.00000000100000000000 0.57580814126319412871 0.42419185773680584406 
0.00000000099999999999 0.93575031498160166077 0.06424968401839833976 
0.00000000099999999999 0.82540868854684046330 0.17459131045315950947 
0.67704555951886224996 0.32276314353885965369 0.00019129694227813587 
0.99999999800000005656 0.00000000099999999998 0.00000000099999999998 
0.58322711205121746669 0.41677288694878245057 0.00000000100000000000 
0.00000000099999999999 0.99999999800000005656 0.00000000099999999999 
0.00000000099999999997 0.99999999799999994554 0.00000000099999999997 
0.99999999799999994554 0.00000000099999999998 0.00000000099999999998 
0.69819766326036647452 0.07988636775930257894 0.22191596898033094654 
0.65829825219988535867 0.34170174680011455859 0.00000000100000000000 
0.69516422365018415430 0.30483577534981581847 0.00000000100000000000 
0.99999999800000005656 0.00000000099999999998 0.00000000099999999998 
0.34348866737977101771 0.65651133162022889955 0.00000000099999999999 
0.99999999800000005656 0.00000000099999999998 0.00000000099999999998 
0.28611363258948468991 0.71388636641051517184 0.00000000099999999999 
0.87509182439545318832 0.12490817460454678445 0.00000000099999999999 
0.57319722305136033835 0.42680277594863952340 0.00000000100000000000 
0.62227683523058785475 0.37772266800995069058 0.00000049675946149388 
