0.8866520 0.0168319 0.0091026 0.0159187 0.0045720 0.0177218 0.0110467 0.0110365 -0.0003335 -0.0024776 0.0119317 0.0123076 -0.0057285 0.0016938 0.0159087 -0.0178996 -0.0248799 0.0021089 -0.0044441 -0.0056039 -0.0146675 0.0109408 0.0061216 -0.0027247 -0.0073501 0.0102139 0.0020681 -0.0011666 -0.0007866 -0.0008913 0.0023754 0.0154934 -0.0084082 -0.0101858 0.0108428 0.0141197 0.0091764 -0.0105442 0.0047941 0.0101992 -0.0380242 -0.0083785 -0.0116005 -0.0243260 -0.0047369 -0.0179998 -0.0372650 -0.0310929 -0.0040225 -0.0218733 -0.0323645 -0.0280353 -0.0227916 -0.0170245 -0.0242564 0.0159127 -0.0019960 -0.0001008 -0.0023328 -0.0028648 0.0012815 0.0020601 -0.0057161 -0.0075537 -0.0003390 -0.0232642 -0.0243003 -0.0050196 -0.0126630 -0.0103308 -0.0276898 -0.0277373 -0.0404675 -0.0258273 -0.0002798 0.0000957 -0.0182930 -0.0275676 -0.0339331 0.0073226 0.0059524 -0.0064583 -0.0075175 -0.0025616 -0.0247611 0.0144608 -0.0280624 0.0047868 -0.0040127 -0.0125957
0.0168319 0.9794661 0.0205394 0.0172674 0.0270482 0.0264865 0.0191389 0.0184658 0.0021551 -0.0051712 0.0197218 0.0244321 0.0109898 0.0026604 0.0047234 -0.0001492 -0.0358854 0.0278694 0.0366104 0.0329597 0.0143176 0.0262888 0.0277248 0.0084207 0.0288880 0.0311369 0.0309558 0.0195503 0.0424458 0.0347328 0.0189074 0.0282642 0.0274868 -0.0108225 0.0292371 0.0300151 0.0267977 -0.0094827 0.0085161 0.0035414 -0.0642110 -0.0152191 -0.0258899 -0.0270818 -0.0152876 -0.0183668 -0.0518961 -0.0569519 -0.0135834 -0.0516138 -0.0346445 -0.0459745 -0.0235282 -0.0287635 -0.0390497 0.0308136 0.0082237 -0.0012503 0.0178473 0.0089486 0.0054204 0.0296198 0.0176107 -0.0061361 0.0227516 -0.0150793 -0.0198483 -0.0100752 -0.0206355 -0.0161294 -0.0409529 -0.0161355 -0.0371305 -0.0334414 -0.0050361 0.0032178 -0.0302097 -0.0583708 -0.0596890 0.0124228 0.0102163 -0.0142270 -0.0136864 0.0086715 -0.0489046 0.0240732 -0.0454481 0.0005930 -0.0283678 -0.0173806
0.0091026 0.0205394 0.7830667 0.0066482 0.0055019 0.0151744 0.0133839 0.0042497 -0.0065059 -0.0043421 0.0035908 0.0145978 0.0149090 -0.0025656 -0.0091549 -0.0022870 -0.0154075 0.0042085 0.0057181 -0.0099676 -0.0077579 -0.0017749 -0.0000051 -0.0081277 -0.0007940 -0.0118924 -0.0060818 0.0072695 0.0038641 0.0107265 0.0041347 0.0089400 -0.0093934 -0.0022845 0.0185940 0.0100067 0.0185878 -0.0024056 0.0044354 0.0058052 -0.0406748 -0.0086853 -0.0277647 -0.0221352 -0.0047605 -0.0093861 -0.0372062 -0.0380442 -0.0121497 -0.0516373 -0.0327196 -0.0342986 -0.0185718 -0.0189401 -0.0215195 0.0156204 -0.0191134 -0.0084160 0.0027741 -0.0073943 -0.0017103 -0.0079398 -0.0108719 -0.0053519 -0.0092188 -0.0227356 -0.0208495 -0.0027315 -0.0263577 -0.0358840 -0.0417134 -0.0253116 -0.0365074 -0.0465540 0.0014878 0.0048859 -0.0143991 -0.0337849 -0.0224987 -0.0048742 0.0003214 -0.0085754 -0.0106860 -0.0094748 -0.0445507 0.0155960 -0.0188234 -0.0062221 -0.0172030 -0.0187260
0.0159187 0.0172674 0.0066482 0.8773004 0.0048233 0.0003624 0.0109565 0.0084566 0.0048824 -0.0108153 0.0140449 0.0103328 0.0018917 0.0050065 0.0003192 0.0027075 -0.0279155 -0.0082323 0.0150449 -0.0161274 -0.0229303 0.0033694 -0.0005934 -0.0109002 -0.0067755 -0.0114472 -0.0031920 -0.0034830 0.0070132 -0.0026088 -0.0079920 0.0022739 -0.0092650 -0.0145001 0.0107525 -0.0024224 0.0051606 -0.0121937 0.0128801 0.0062279 -0.0342531 -0.0027883 -0.0058007 -0.0080891 -0.0163138 -0.0155915 -0.0257826 -0.0330044 -0.0228976 -0.0321312 -0.0330591 -0.0232324 -0.0099801 -0.0300387 -0.0222561 0.0120232 0.0110632 -0.0022100 -0.0027809 -0.0003407 -0.0183719 -0.0088599 -0.0145037 -0.0018663 0.0000439 -0.0046798 -0.0243303 -0.0065168 -0.0196520 -0.0063286 -0.0350558 -0.0173692 -0.0231915 -0.0422014 0.0007633 0.0040002 -0.0159757 -0.0323590 -0.0483335 0.0069691 -0.0087455 -0.0095560 -0.0088936 0.0016542 -0.0185847 0.0104950 -0.0087804 -0.0011985 -0.0104112 -0.0086015
0.0045720 0.0270482 0.0055019 0.0048233 0.9248875 0.0265146 0.0190399 0.0245782 0.0023221 -0.0125028 0.0148137 0.0218788 0.0001507 -0.0004358 0.0022618 0.0004292 -0.0269478 0.0155972 0.0164279 0.0275733 0.0042367 0.0101164 0.0237404 0.0023765 0.0185119 0.0223643 0.0256737 0.0066583 0.0296654 0.0191818 0.0017820 0.0164707 0.0209410 -0.0130863 0.0280953 0.0256121 0.0252530 -0.0078698 0.0028868 0.0022665 -0.0566398 -0.0089299 -0.0267520 -0.0290641 -0.0156082 -0.0117965 -0.0384412 -0.0450693 -0.0131508 -0.0402303 -0.0280488 -0.0425241 -0.0213610 -0.0338044 -0.0405333 0.0222549 0.0064660 -0.0048649 0.0150737 -0.0051875 0.0009173 0.0231704 0.0152417 -0.0122403 0.0134417 -0.0223293 -0.0276880 -0.0067212 -0.0198443 -0.0181912 -0.0425644 -0.0180454 -0.0332030 -0.0322074 -0.0009400 -0.0030237 -0.0355182 -0.0531927 -0.0589762 0.0078463 0.0032012 -0.0148748 -0.0124986 0.0103498 -0.0424629 0.0220772 -0.0354947 0.0000814 -0.0236293 -0.0140602
0.0177218 0.0264865 0.0151744 0.0003624 0.0265146 0.8777896 0.0226626 0.0137006 -0.0017893 -0.0018274 0.0088676 0.0218560 0.0180006 0.0060854 -0.0064691 -0.0092657 -0.0170949 0.0211704 0.0103880 0.0188398 -0.0069357 0.0142519 0.0124038 0.0001356 -0.0069683 0.0044979 0.0054234 0.0082045 0.0098850 0.0090200 -0.0014932 0.0171442 0.0028579 -0.0104171 0.0217624 0.0126575 0.0169907 -0.0082815 0.0099582 0.0052669 -0.0554635 -0.0123712 -0.0119211 -0.0209055 0.0045437 -0.0012014 -0.0353188 -0.0533815 -0.0268859 -0.0464257 -0.0289140 -0.0425362 -0.0177606 -0.0275285 -0.0384235 0.0212784 0.0010513 -0.0060992 -0.0112606 -0.0053824 -0.0278693 0.0200715 0.0052599 -0.0129053 -0.0053828 -0.0258439 -0.0324722 -0.0050406 -0.0177797 -0.0219357 -0.0445982 -0.0225784 -0.0372253 -0.0502419 -0.0117075 -0.0013054 -0.0223818 -0.0520608 -0.0550666 -0.0037396 0.0040471 -0.0109917 -0.0136362 0.0163023 -0.0445216 0.0229169 -0.0416104 0.0062946 -0.0213180 -0.0090588
0.0110467 0.0191389 0.0133839 0.0109565 0.0190399 0.0226626 0.9828303 0.0111899 0.0003858 -0.0100903 0.0121581 0.0166272 0.0048110 -0.0024029 -0.0001815 -0.0004916 -0.0216729 0.0171520 0.0227732 0.0215270 0.0086043 0.0179900 0.0210684 0.0053189 0.0173512 0.0231002 0.0117176 0.0136855 0.0236111 0.0212250 0.0098519 0.0157655 0.0117984 -0.0081472 0.0200039 0.0167729 0.0149901 -0.0098161 0.0028416 0.0041663 -0.0418412 -0.0116317 -0.0094617 -0.0152008 -0.0036107 -0.0104223 -0.0331077 -0.0375058 -0.0065140 -0.0348609 -0.0146179 -0.0245619 -0.0112737 -0.0228153 -0.0194776 0.0205682 0.0044195 -0.0023535 0.0130210 0.0120099 -0.0012083 0.0206600 0.0114862 -0.0047951 0.0162997 -0.0077172 -0.0177105 -0.0112379 -0.0163887 -0.0159473 -0.0261897 -0.0131992 -0.0264081 -0.0241901 -0.0077631 0.0019412 -0.0153640 -0.0372920 -0.0427338 0.0070099 0.0025031 -0.0118065 -0.0090275 0.0015516 -0.0304054 0.0158715 -0.0304158 -0.0009533 -0.0179760 -0.0102703
0.0110365 0.0184658 0.0042497 0.0084566 0.0245782 0.0137006 0.0111899 0.8694466 0.0044762 -0.0158833 0.0034772 0.0178556 0.0047163 -0.0016680 0.0023378 0.0855682 -0.0291906 -0.0027043 -0.0005378 0.0026440 -0.0257806 0.0099189 0.0072712 -0.0038090 0.0047450 0.0166668 0.0054870 0.0038948 -0.0179112 0.0030720 -0.0045371 0.0150538 -0.0165768 -0.0163427 0.0187815 0.0115357 0.0166959 -0.0081964 0.0020157 0.0021945 -0.0432306 -0.0014129 -0.0174267 -0.0228730 -0.0086630 -0.0079983 -0.0355806 -0.0359779 -0.0171436 -0.0306657 -0.0239612 -0.0192734 -0.0248467 -0.0215197 -0.0319401 0.0095153 -0.0060936 -0.0018905 0.0052908 -0.0119247 -0.0203667 0.0045884 -0.0010758 -0.0003689 0.0040543 -0.0049680 -0.0357872 -0.0092725 -0.0265014 -0.0271094 -0.0373132 -0.0255279 -0.0375402 -0.0246334 -0.0072837 0.0048580 -0.0240541 -0.0580549 -0.0431733 0.0023098 0.0094722 -0.0107713 -0.0087680 -0.0022386 -0.0274983 0.0201892 -0.0274554 -0.0019266 -0.0205096 -0.0057121
-0.0003335 0.0021551 -0.0065059 0.0048824 0.0023221 -0.0017893 0.0003858 0.0044762 0.9173329 -0.0061752 0.0076857 -0.0011221 0.0100547 0.0021491 -0.0004115 -0.0014570 -0.0020543 0.0072432 -0.0131569 -0.0135738 -0.0002978 -0.0050080 0.0003523 0.0053845 -0.0118169 0.0033865 -0.0147372 -0.0000858 -0.0059905 -0.0044125 -0.0113044 -0.0095877 -0.0099248 0.0056141 0.0031575 -0.0048293 -0.0022005 -0.0179596 -0.0095771 0.0028044 -0.0087803 0.0086625 -0.0141496 -0.0045658 -0.0121360 -0.0124517 -0.0097276 -0.0033514 -0.0203888 -0.0038690 -0.0178338 -0.0096084 -0.0225576 -0.0072507 -0.0224026 0.0024009 0.0017737 0.0017736 -0.0076721 -0.0140142 -0.0124807 -0.0043693 -0.0084876 -0.0025783 -0.0011414 -0.0088612 -0.0028345 0.0052267 0.0095283 -0.0014065 -0.0201039 -0.0164112 -0.0095501 -0.0125904 0.0038463 -0.0075874 -0.0056505 -0.0004348 -0.0161781 -0.0000708 -0.0023035 0.0028135 0.0011562 -0.0044794 -0.0143847 -0.0002014 -0.0161700 0.0012268 -0.0045958 -0.0036404
-0.0024776 -0.0051712 -0.0043421 -0.0108153 -0.0125028 -0.0018274 -0.0100903 -0.0158833 -0.0061752 0.8604412 -0.0009293 -0.0092792 -0.0232644 0.0058701 -0.0143204 -0.0032458 -0.0030366 -0.0261735 -0.0127116 -0.0071511 -0.0173054 -0.0165977 -0.0212022 -0.0138084 0.0042070 -0.0074990 -0.0218022 -0.0240782 -0.0017465 -0.0056799 -0.0274289 -0.0126582 -0.0001174 -0.0113146 -0.0210788 -0.0072504 -0.0110017 -0.0041904 -0.0147944 -0.0121841 0.0063163 -0.0126261 -0.0046415 0.0223388 0.0044914 -0.0036211 -0.0084761 -0.0010072 -0.0157644 -0.0079321 -0.0160759 -0.0069463 -0.0215584 -0.0048327 0.0084508 -0.0146006 -0.0115053 -0.0051343 -0.0112380 -0.0357965 -0.0201668 -0.0121850 -0.0100669 0.0044682 -0.0191431 -0.0203670 -0.0074736 0.0013530 -0.0024503 0.0034941 -0.0078367 -0.0141390 0.0020628 -0.0051594 0.0023360 -0.0128950 -0.0049096 0.0082089 -0.0049382 -0.0082547 -0.0031847 0.0104832 0.0132277 -0.0034740 -0.0040074 -0.0043341 0.0014944 -0.0054210 0.0128196 -0.0065681
0.0119317 0.0197218 0.0035908 0.0140449 0.0148137 0.0088676 0.0121581 0.0034772 0.0076857 -0.0009293 0.8440333 0.0175732 0.0048503 0.0007853 -0.0029156 -0.0133781 -0.0220444 0.0105146 0.0052380 0.0081150 -0.0100280 0.0042834 0.0070414 -0.0029248 0.0065981 0.0052043 -0.0164715 -0.0062219 0.0036414 0.0148555 -0.0156255 0.0014525 0.0180550 -0.0164041 0.0182092 0.0130849 0.0168534 -0.0089787 -0.0020174 0.0082573 -0.0507262 -0.0110203 -0.0175217 -0.0254719 -0.0310575 -0.0060576 -0.0521283 -0.0423283 -0.0280347 -0.0352987 -0.0350307 -0.0440466 -0.0214912 -0.0177862 -0.0179377 0.0205364 0.0024227 -0.0008476 -0.0013286 -0.0020511 -0.0037471 0.0116668 -0.0045464 -0.0061968 0.0101476 -0.0131386 -0.0140980 -0.0072301 -0.0200637 -0.0265949 -0.0313355 -0.0299553 -0.0340797 -0.0400393 -0.0158097 0.0003249 -0.0182773 -0.0539901 -0.0457621 0.0205516 0.0062767 -0.0114947 -0.0133386 0.0039729 -0.0260348 0.0156379 -0.0359938 0.0056648 -0.0276260 -0.0181137
0.0123076 0.0244321 0.0145978 0.0103328 0.0218788 0.0218560 0.0166272 0.0178556 -0.0011221 -0.0092792 0.0175732 0.9860390 0.0129182 0.0005631 -0.0013614 0.0001947 -0.0267951 0.0268109 0.0257923 0.0323375 0.0076269 0.0256504 0.0272648 0.0066166 0.0263107 0.0256998 0.0261106 0.0159210 0.0314161 0.0292805 0.0219054 0.0252431 0.0197978 -0.0081004 0.0266329 0.0261663 0.0209570 -0.0145771 0.0028623 0.0100755 -0.0565077 -0.0108616 -0.0174510 -0.0236572 -0.0129912 -0.0139748 -0.0465764 -0.0510227 -0.0118372 -0.0418152 -0.0248839 -0.0413764 -0.0229255 -0.0281422 -0.0313017 0.0224418 0.0120161 -0.0028891 0.0123943 0.0118466 -0.0044731 0.0304306 0.0169193 -0.0048779 0.0175259 -0.0094895 -0.0179113 -0.0114021 -0.0169886 -0.0099957 -0.0366680 -0.0199383 -0.0370234 -0.0307070 -0.0057793 0.0016191 -0.0233345 -0.0534709 -0.0489860 0.0111577 0.0073076 -0.0107634 -0.0118845 0.0087302 -0.0469793 0.0204943 -0.0367121 -0.0041639 -0.0226570 -0.0133589
-0.0057285 0.0109898 0.0149090 0.0018917 0.0001507 0.0180006 0.0048110 0.0047163 0.0100547 -0.0232644 0.0048503 0.0129182 0.8408656 -0.0132883 -0.0168020 0.0001714 -0.0207463 -0.0141568 0.0126316 -0.0039017 -0.0387450 0.0026182 0.0014876 -0.0060417 0.0003419 -0.0022248 -0.0063812 -0.0003590 -0.0198715 0.0012189 0.0029317 -0.0087625 -0.0020927 -0.0121054 0.0020634 -0.0006423 0.0005975 -0.0117633 -0.0027963 0.0059911 -0.0343265 -0.0004647 0.0132469 -0.0036466 0.0035601 -0.0165692 -0.0357943 -0.0247789 -0.0173343 -0.0188161 -0.0030392 -0.0232491 -0.0209482 -0.0122246 -0.0197775 0.0116690 -0.0190983 -0.0047885 -0.0013477 -0.0048417 -0.0135924 -0.0115539 -0.0102469 -0.0115842 -0.0150635 -0.0207213 -0.0105571 -0.0048481 -0.0207465 -0.0171528 -0.0427434 -0.0281293 -0.0410315 -0.0360957 -0.0005445 -0.0119175 -0.0187265 -0.0378913 -0.0347107 0.0023338 -0.0069754 -0.0091898 -0.0026096 -0.0040166 -0.0124418 0.0087069 -0.0290016 -0.0051618 -0.0085653 -0.0132292
0.0016938 0.0026604 -0.0025656 0.0050065 -0.0004358 0.0060854 -0.0024029 -0.0016680 0.0021491 0.0058701 0.0007853 0.0005631 -0.0132883 0.9729968 0.0020296 -0.0005193 -0.0050080 0.0036317 -0.0008884 -0.0016078 -0.0105014 -0.0075744 -0.0022124 0.0037447 -0.0079311 -0.0034664 -0.0028555 -0.0099912 -0.0066251 -0.0096722 0.0002482 -0.0041809 -0.0012063 -0.0025983 -0.0048027 -0.0037545 -0.0016256 -0.0056829 -0.0017672 -0.0036294 -0.0056806 0.0013993 -0.0097156 0.0008122 -0.0035511 -0.0063896 -0.0117661 -0.0039457 -0.0033471 -0.0011206 -0.0128002 -0.0111674 -0.0032471 -0.0083666 -0.0068860 0.0012953 -0.0022727 0.0000407 0.0023986 -0.0105327 -0.0098125 -0.0016667 -0.0008756 -0.0016428 -0.0108126 -0.0085789 -0.0002782 0.0048071 -0.0042889 -0.0024665 0.0042087 -0.0039983 -0.0037569 -0.0012146 0.0043707 -0.0030528 -0.0024879 -0.0023313 -0.0012409 0.0007356 -0.0001953 0.0036030 0.0026884 -0.0037355 -0.0105255 0.0000408 -0.0083097 -0.0008579 -0.0001307 0.0007837
0.0159087 0.0047234 -0.0091549 0.0003192 0.0022618 -0.0064691 -0.0001815 0.0023378 -0.0004115 -0.0143204 -0.0029156 -0.0013614 -0.0168020 0.0020296 0.9160261 0.0100361 -0.0229415 -0.0150557 -0.0150490 -0.0148946 -0.0098382 -0.0024902 -0.0098541 -0.0172183 -0.0115078 -0.0125888 0.0097860 -0.0108148 -0.0081840 -0.0044012 -0.0090547 -0.0088824 -0.0152167 -0.0132639 -0.0037696 -0.0024604 0.0049954 -0.0153237 -0.0082669 0.0097167 0.0003381 -0.0052268 -0.0043749 -0.0035831 -0.0108417 0.0003398 -0.0037034 0.0053077 -0.0107750 -0.0005117 -0.0074203 0.0002582 0.0030656 -0.0094393 0.0044087 -0.0025340 -0.0092577 -0.0065277 -0.0137992 -0.0092546 -0.0230239 0.0005363 -0.0022080 -0.0011694 -0.0132736 -0.0186048 -0.0119823 -0.0039968 -0.0233383 -0.0273269 -0.0171620 -0.0051638 -0.0156087 -0.0099110 -0.0048381 0.0007447 -0.0080332 -0.0008277 -0.0132491 -0.0146328 -0.0149632 -0.0005415 -0.0015307 0.0072510 -0.0228635 -0.0032333 -0.0137277 -0.0008208 -0.0009868 -0.0082867
-0.0178996 -0.0001492 -0.0022870 0.0027075 0.0004292 -0.0092657 -0.0004916 0.0855682 -0.0014570 -0.0032458 -0.0133781 0.0001947 0.0001714 -0.0005193 0.0100361 0.8652205 -0.0098259 -0.0099815 -0.0014731 -0.0274709 -0.0171959 -0.0133545 -0.0211027 0.0005367 -0.0094884 -0.0100097 -0.0190216 -0.0087147 -0.0228588 -0.0124095 -0.0092986 -0.0171069 -0.0136912 -0.0137530 -0.0055636 -0.0034159 -0.0043398 -0.0028175 -0.0149653 -0.0082619 0.0001849 -0.0092586 -0.0046372 -0.0071442 -0.0138714 -0.0075150 -0.0072198 -0.0099762 -0.0072659 -0.0187274 -0.0069879 -0.0110976 -0.0155091 -0.0317451 -0.0125410 -0.0064428 -0.0202611 0.0004457 -0.0101534 -0.0223490 -0.0097479 -0.0189419 -0.0097311 -0.0004432 -0.0069890 0.0071192 -0.0177954 -0.0057416 -0.0146681 -0.0142383 -0.0228470 -0.0106666 -0.0084453 -0.0181436 -0.0115209 -0.0004909 0.0031946 -0.0092177 -0.0099665 0.0042791 -0.0050639 0.0006797 -0.0029965 -0.0066775 -0.0111645 0.0030290 -0.0048271 -0.0110198 -0.0102760 0.0034446
-0.0248799 -0.0358854 -0.0154075 -0.0279155 -0.0269478 -0.0170949 -0.0216729 -0.0291906 -0.0020543 -0.0030366 -0.0220444 -0.0267951 -0.0207463 -0.0050080 -0.0229415 -0.0098259 0.8862702 -0.0540340 -0.0369001 -0.0241217 -0.0285531 -0.0420648 -0.0370404 -0.0139986 -0.0281384 -0.0546420 -0.0437636 -0.0291245 -0.0473676 -0.0477839 -0.0274509 -0.0440955 -0.0406345 0.0008414 -0.0420717 -0.0272107 -0.0339578 0.0151216 -0.0073296 -0.0179709 0.0529581 0.0102641 0.0123740 0.0196531 0.0076766 -0.0035566 0.0444077 0.0608665 0.0040316 0.0431211 0.0215681 0.0415581 0.0145492 0.0283817 0.0324849 -0.0302304 -0.0289333 -0.0061297 -0.0246005 -0.0185091 -0.0235320 -0.0292047 -0.0268996 -0.0087915 -0.0225801 0.0030405 0.0095914 0.0084132 -0.0061918 0.0064499 0.0301230 -0.0079463 0.0323095 0.0305455 0.0013418 -0.0179637 0.0288767 0.0524513 0.0371771 -0.0305700 -0.0174329 0.0144880 0.0124994 -0.0156840 0.0188884 -0.0292903 0.0237567 -0.0080888 0.0091567 0.0220099
0.0021089 0.0278694 0.0042085 -0.0082323 0.0155972 0.0211704 0.0171520 -0.0027043 0.0072432 -0.0261735 0.0105146 0.0268109 -0.0141568 0.0036317 -0.0150557 -0.0099815 -0.0540340 0.8716393 0.0407893 0.0337282 -0.0061362 0.0358900 0.0215970 0.0101362 0.0210652 0.0172373 0.0257961 0.0134961 0.0232638 0.0315307 0.0146316 0.0242575 0.0123650 -0.0059042 0.0340918 0.0245644 0.0155759 -0.0175880 -0.0167228 -0.0078778 -0.0693907 -0.0180611 -0.0379667 -0.0316961 -0.0275289 -0.0198464 -0.0474442 -0.0528362 -0.0086499 -0.0488719 -0.0429264 -0.0521435 -0.0311537 -0.0556280 -0.0435229 0.0258717 0.0039574 -0.0014006 0.0034690 0.0192298 0.0004646 0.0294515 0.0101849 -0.0111566 0.0046186 -0.0120653 -0.0208717 -0.0153780 -0.0172437 -0.0217819 -0.0487654 -0.0152111 -0.0247473 -0.0349663 -0.0122538 -0.0207360 -0.0440089 -0.0529194 -0.0511985 -0.0010154 0.0073928 -0.0186145 -0.0174617 0.0082549 -0.0517851 0.0215927 -0.0382234 -0.0055367 -0.0302683 -0.0252160
-0.0044441 0.0366104 0.0057181 0.0150449 0.0164279 0.0103880 0.0227732 -0.0005378 -0.0131569 -0.0127116 0.0052380 0.0257923 0.0126316 -0.0008884 -0.0150490 -0.0014731 -0.0369001 0.0407893 0.8042488 0.0288794 0.0116087 0.0222495 0.0235760 0.0032790 0.0234001 0.0239300 0.0160207 0.0022841 0.0274127 0.0196829 -0.0027382 0.0190625 0.0148242 -0.0078504 0.0307867 0.0238326 0.0232846 -0.0204054 -0.0127394 -0.0157705 -0.0732875 -0.0275572 -0.0391491 -0.0369302 -0.0255346 -0.0211081 -0.0585385 -0.0688543 -0.0184265 -0.0560576 -0.0405235 -0.0577979 -0.0329277 -0.0345723 -0.0415183 0.0285459 0.0105050 0.0002425 0.0118450 -0.0108057 -0.0130632 0.0043186 0.0061319 -0.0096076 0.0143443 -0.0225650 -0.0265084 -0.0133876 -0.0144389 -0.0178216 -0.0501698 -0.0212210 -0.0353125 -0.0267607 -0.0061323 -0.0017167 -0.0428102 -0.0708678 -0.0622467 -0.0007335 0.0022787 -0.0287519 -0.0223204 -0.0037131 -0.0424608 0.0242932 -0.0557284 -0.0158574 -0.0375311 -0.0223064
-0.0056039 0.0329597 -0.0099676 -0.0161274 0.0275733 0.0188398 0.0215270 0.0026440 -0.0135738 -0.0071511 0.0081150 0.0323375 -0.0039017 -0.0016078 -0.0148946 -0.0274709 -0.0241217 0.0337282 0.0288794 0.8277473 0.0082215 0.0169713 0.0242966 0.0020381 0.0121558 0.0162989 0.0190654 0.0290650 0.0374600 0.0285729 0.0105404 0.0193408 0.0278390 -0.0074384 0.0322546 0.0264023 0.0251582 -0.0296264 -0.0075401 0.0006850 -0.0716060 -0.0372762 -0.0250661 -0.0454913 -0.0260680 -0.0296888 -0.0420169 -0.0730015 -0.0127468 -0.0375501 -0.0317311 -0.0489172 -0.0296233 -0.0450066 -0.0399599 0.0367203 0.0037829 -0.0006035 0.0029434 -0.0108935 -0.0059078 0.0234364 0.0010802 -0.0051693 -0.0090250 -0.0290223 -0.0175882 -0.0130772 -0.0166904 -0.0346144 -0.0567308 -0.0237984 -0.0363166 -0.0199269 -0.0298769 -0.0187215 -0.0174669 -0.0741345 -0.0545953 -0.0144393 -0.0053205 -0.0170777 -0.0219766 -0.0124281 -0.0457734 0.0246285 -0.0486053 -0.0199798 -0.0402924 -0.0166765
-0.0146675 0.0143176 -0.0077579 -0.0229303 0.0042367 -0.0069357 0.0086043 -0.0257806 -0.0002978 -0.0173054 -0.0100280 0.0076269 -0.0387450 -0.0105014 -0.0098382 -0.0171959 -0.0285531 -0.0061362 0.0116087 0.0082215 0.8293939 0.0016210 0.0265989 0.0114863 0.0163820 0.0137183 -0.0024533 -0.0040856 0.0186354 0.0232470 -0.0058266 -0.0065660 -0.0038900 0.0094567 0.0224502 0.0116873 0.0130148 -0.0033079 -0.0114270 -0.0195479 -0.0386091 0.0024068 -0.0392498 -0.0292603 -0.0125365 -0.0547293 -0.0216784 -0.0245031 -0.0106564 -0.0454564 -0.0350295 -0.0320953 -0.0224748 -0.0362368 -0.0349023 0.0118233 0.0045417 0.0031159 0.0081842 -0.0192783 0.0021886 0.0205400 0.0161105 -0.0076684 -0.0053881 -0.0030280 -0.0064448 -0.0104266 -0.0107235 -0.0080467 -0.0012278 -0.0090856 -0.0049676 -0.0048685 -0.0034807 -0.0145259 -0.0246999 -0.0239050 -0.0315481 -0.0197881 -0.0026522 -0.0114392 -0.0197141 -0.0317461 -0.0346003 0.0018927 -0.0325455 -0.0077752 -0.0183020 -0.0181760
0.0109408 0.0262888 -0.0017749 0.0033694 0.0101164 0.0142519 0.0179900 0.0099189 -0.0050080 -0.0165977 0.0042834 0.0256504 0.0026182 -0.0075744 -0.0024902 -0.0133545 -0.0420648 0.0358900 0.0222495 0.0169713 0.0016210 0.9113263 0.0321176 0.0086687 0.0178406 0.0334654 0.0385090 0.0132187 0.0236369 0.0474673 0.0142033 0.0289892 0.0206618 0.0043515 0.0283805 0.0252392 0.0324921 -0.0167699 0.0069874 0.0083414 -0.0607152 -0.0213971 -0.0193174 -0.0262818 -0.0119853 -0.0222071 -0.0560285 -0.0572297 -0.0368376 -0.0621146 -0.0344208 -0.0402973 -0.0388582 -0.0349204 -0.0500729 0.0279842 0.0201647 -0.0040692 0.0080260 0.0073727 -0.0053580 0.0182429 -0.0002017 -0.0081082 0.0115619 -0.0123832 -0.0254303 -0.0080143 -0.0140964 -0.0177219 -0.0277110 -0.0161908 -0.0434753 -0.0332917 -0.0125489 -0.0135888 -0.0338891 -0.0647652 -0.0494866 0.0113970 -0.0050773 -0.0144104 -0.0209967 0.0049639 -0.0518439 0.0267622 -0.0512569 -0.0138320 -0.0329994 -0.0237426
0.0061216 0.0277248 -0.0000051 -0.0005934 0.0237404 0.0124038 0.0210684 0.0072712 0.0003523 -0.0212022 0.0070414 0.0272648 0.0014876 -0.0022124 -0.0098541 -0.0211027 -0.0370404 0.0215970 0.0235760 0.0242966 0.0265989 0.0321176 0.8907133 0.0128162 0.0157802 0.0463720 0.0328091 0.0071277 0.0325267 0.0352967 0.0115478 0.0335462 0.0140797 -0.0048378 0.0362956 0.0302183 0.0346539 -0.0148182 -0.0051774 -0.0040691 -0.0702850 -0.0276245 -0.0300391 -0.0472274 -0.0149077 -0.0272398 -0.0587397 -0.0659121 -0.0174922 -0.0380825 -0.0338475 -0.0580809 -0.0330288 -0.0384447 -0.0421387 0.0288853 0.0051538 0.0040187 -0.0024772 0.0165264 0.0001254 0.0170000 0.0054886 -0.0078163 0.0224691 -0.0125438 -0.0308703 -0.0133007 -0.0296302 -0.0308069 -0.0362576 -0.0158513 -0.0517790 -0.0261564 -0.0149862 -0.0113168 -0.0365196 -0.0611693 -0.0617192 0.0038083 -0.0019168 -0.0236141 -0.0223105 -0.0033830 -0.0596489 0.0221900 -0.0432924 -0.0069955 -0.0287229 -0.0212271
-0.0027247 0.0084207 -0.0081277 -0.0109002 0.0023765 0.0001356 0.0053189 -0.0038090 0.0053845 -0.0138084 -0.0029248 0.0066166 -0.0060417 0.0037447 -0.0172183 0.0005367 -0.0139986 0.0101362 0.0032790 0.0020381 0.0114863 0.0086687 0.0128162 0.9251602 0.0158529 0.0016515 0.0160181 0.0070974 0.0126026 0.0006249 0.0085565 0.0094390 0.0125805 0.0029723 0.0138959 0.0054244 0.0066917 -0.0094688 0.0009700 0.0012773 -0.0241065 -0.0059178 -0.0238905 -0.0132234 -0.0069620 -0.0159783 -0.0346122 -0.0311544 -0.0211289 -0.0242274 -0.0232076 -0.0344436 -0.0210025 -0.0221710 -0.0244045 -0.0012348 0.0069301 -0.0006581 0.0135699 -0.0087791 -0.0032400 0.0080856 -0.0073863 -0.0051384 0.0109839 -0.0062243 -0.0025831 0.0024817 -0.0007934 -0.0124138 -0.0145505 -0.0136889 -0.0118581 -0.0226751 0.0030118 -0.0100670 -0.0099233 -0.0239876 -0.0266965 -0.0031761 0.0072024 -0.0071657 -0.0039290 -0.0016643 -0.0308490 0.0053875 -0.0176700 -0.0093282 -0.0112501 -0.0026239
-0.0073501 0.0288880 -0.0007940 -0.0067755 0.0185119 -0.0069683 0.0173512 0.0047450 -0.0118169 0.0042070 0.0065981 0.0263107 0.0003419 -0.0079311 -0.0115078 -0.0094884 -0.0281384 0.0210652 0.0234001 0.0121558 0.0163820 0.0178406 0.0157802 0.0158529 0.8177466 0.0122859 0.0164547 0.0103074 0.0247583 0.0353156 0.0098934 0.0054045 0.0148769 -0.0197242 0.0207443 0.0382691 0.0273165 -0.0092262 -0.0179837 -0.0072773 -0.0560259 -0.0230267 -0.0284674 -0.0320261 -0.0150778 -0.0325082 -0.0477118 -0.0538405 -0.0299904 -0.0579937 -0.0295738 -0.0554738 -0.0245987 -0.0243082 -0.0427537 0.0261636 0.0010180 -0.0024491 -0.0002005 -0.0021388 -0.0016238 0.0152330 0.0025019 -0.0151187 0.0262656 -0.0240340 -0.0088573 -0.0059413 -0.0367843 -0.0335977 -0.0349169 0.0008158 -0.0254113 -0.0278587 -0.0077928 -0.0265802 -0.0370342 -0.0630778 -0.0558060 0.0001027 -0.0063230 -0.0251318 -0.0174680 -0.0014063 -0.0510503 0.0197372 -0.0416935 -0.0124908 -0.0368520 -0.0294810
0.0102139 0.0311369 -0.0118924 -0.0114472 0.0223643 0.0044979 0.0231002 0.0166668 0.0033865 -0.0074990 0.0052043 0.0256998 -0.0022248 -0.0034664 -0.0125888 -0.0100097 -0.0546420 0.0172373 0.0239300 0.0162989 0.0137183 0.0334654 0.0463720 0.0016515 0.0122859 0.8369407 0.0239005 -0.0028025 0.0277991 0.0387356 -0.0002389 0.0295909 0.0390870 -0.0159761 0.0329952 0.0333260 0.0214431 -0.0168618 -0.0042695 -0.0113021 -0.0780790 -0.0152935 -0.0440918 -0.0441551 -0.0348306 -0.0300122 -0.0642929 -0.0598903 -0.0312657 -0.0537375 -0.0518020 -0.0472421 -0.0441536 -0.0191073 -0.0437427 0.0280116 0.0017237 -0.0046913 0.0182958 0.0066277 -0.0107102 0.0161279 0.0094695 -0.0110651 0.0145100 -0.0085088 -0.0106619 -0.0101632 -0.0266624 -0.0082111 -0.0359223 -0.0266950 -0.0480676 -0.0310424 -0.0160590 -0.0040071 -0.0365152 -0.0707537 -0.0680643 -0.0065933 -0.0030451 -0.0209875 -0.0225180 -0.0049193 -0.0481693 0.0306260 -0.0526640 -0.0183217 -0.0296947 -0.0224764
0.0020681 0.0309558 -0.0060818 -0.0031920 0.0256737 0.0054234 0.0117176 0.0054870 -0.0147372 -0.0218022 -0.0164715 0.0261106 -0.0063812 -0.0028555 0.0097860 -0.0190216 -0.0437636 0.0257961 0.0160207 0.0190654 -0.0024533 0.0385090 0.0328091 0.0160181 0.0164547 0.0239005 0.8364400 0.0150681 0.0267346 0.0451381 0.0109958 0.0278930 0.0320620 -0.0019016 0.0394278 0.0302869 0.0283046 -0.0315137 0.0002393 -0.0084580 -0.0536011 -0.0329364 -0.0210338 -0.0419151 -0.0433104 -0.0126672 -0.0597496 -0.0520946 -0.0369524 -0.0560082 -0.0495907 -0.0492709 -0.0391801 -0.0307940 -0.0444695 0.0312294 -0.0051704 -0.0135052 0.0117089 0.0163928 -0.0223627 0.0129305 -0.0030595 -0.0034950 0.0054349 -0.0076317 -0.0241831 -0.0110965 -0.0273359 -0.0041408 -0.0343404 -0.0272442 -0.0446480 -0.0295703 -0.0177325 -0.0075256 -0.0426388 -0.0743939 -0.0444029 -0.0003142 -0.0052652 -0.0254609 -0.0196179 0.0046535 -0.0625056 0.0246078 -0.0368038 -0.0137924 -0.0325984 -0.0302257
-0.0011666 0.0195503 0.0072695 -0.0034830 0.0066583 0.0082045 0.0136855 0.0038948 -0.0000858 -0.0240782 -0.0062219 0.0159210 -0.0003590 -0.0099912 -0.0108148 -0.0087147 -0.0291245 0.0134961 0.0022841 0.0290650 -0.0040856 0.0132187 0.0071277 0.0070974 0.0103074 -0.0028025 0.0150681 0.8254485 0.0132947 0.0151856 0.0083704 0.0025583 0.0163111 -0.0014228 0.0178315 0.0210267 0.0172674 -0.0128342 -0.0097428 -0.0087543 -0.0454189 -0.0183823 -0.0199668 -0.0322805 -0.0135971 -0.0229123 -0.0324534 -0.0471623 -0.0100068 -0.0370677 -0.0237347 -0.0220552 -0.0189614 -0.0363341 -0.0247767 0.0138580 -0.0039576 0.0001102 0.0094541 0.0131521 -0.0011050 -0.0001638 0.0141508 -0.0073202 0.0058340 -0.0207036 -0.0110975 -0.0102030 -0.0200179 -0.0193625 -0.0236468 -0.0177483 -0.0155036 -0.0175002 -0.0151517 -0.0109722 -0.0226934 -0.0293359 -0.0385275 0.0009416 0.0026477 -0.0152772 -0.0176723 -0.0085497 -0.0409682 0.0172648 -0.0319291 -0.0039024 -0.0180211 -0.0268035
-0.0007866 0.0424458 0.0038641 0.0070132 0.0296654 0.0098850 0.0236111 -0.0179112 -0.0059905 -0.0017465 0.0036414 0.0314161 -0.0198715 -0.0066251 -0.0081840 -0.0228588 -0.0473676 0.0232638 0.0274127 0.0374600 0.0186354 0.0236369 0.0325267 0.0126026 0.0247583 0.0277991 0.0267346 0.0132947 0.8682081 0.0400463 0.0157724 0.0110959 0.0313428 -0.0040696 0.0415872 0.0302811 0.0380155 -0.0282270 -0.0002637 0.0058248 -0.0812681 -0.0262684 -0.0308103 -0.0390435 -0.0334749 -0.0391250 -0.0569661 -0.0696216 -0.0108788 -0.0518530 -0.0536445 -0.0595228 -0.0320005 -0.0572417 -0.0482798 0.0341185 0.0080977 -0.0046069 0.0146574 0.0141436 0.0038034 0.0438667 0.0229497 -0.0116116 -0.0062954 -0.0152878 -0.0222129 -0.0150167 -0.0189419 -0.0279669 -0.0378167 -0.0176762 -0.0382562 -0.0279240 -0.0212745 -0.0113998 -0.0457901 -0.0673842 -0.0679765 -0.0045491 -0.0100686 -0.0263910 -0.0219121 -0.0121100 -0.0564484 0.0235523 -0.0631589 -0.0148841 -0.0418142 -0.0197091
-0.0008913 0.0347328 0.0107265 -0.0026088 0.0191818 0.0090200 0.0212250 0.0030720 -0.0044125 -0.0056799 0.0148555 0.0292805 0.0012189 -0.0096722 -0.0044012 -0.0124095 -0.0477839 0.0315307 0.0196829 0.0285729 0.0232470 0.0474673 0.0352967 0.0006249 0.0353156 0.0387356 0.0451381 0.0151856 0.0400463 0.8885355 0.0043835 0.0275249 0.0266496 0.0260379 0.0380635 0.0359070 0.0423236 -0.0159127 -0.0054252 -0.0100672 -0.0789771 -0.0323045 -0.0341722 -0.0336011 -0.0309741 -0.0319469 -0.0592926 -0.0714363 -0.0264909 -0.0703047 -0.0371684 -0.0522566 -0.0309112 -0.0340675 -0.0463879 0.0310619 0.0064542 -0.0023274 0.0155524 0.0167587 -0.0061610 0.0219935 -0.0045773 -0.0098507 0.0169031 -0.0165300 -0.0267866 -0.0190778 -0.0283793 -0.0186363 -0.0308095 -0.0209503 -0.0520657 -0.0439040 -0.0184126 -0.0152930 -0.0383358 -0.0776663 -0.0719993 0.0005619 0.0003194 -0.0197136 -0.0231976 -0.0030145 -0.0701787 0.0248635 -0.0584158 -0.0024289 -0.0374537 -0.0289783
0.0023754 0.0189074 0.0041347 -0.0079920 0.0017820 -0.0014932 0.0098519 -0.0045371 -0.0113044 -0.0274289 -0.0156255 0.0219054 0.0029317 0.0002482 -0.0090547 -0.0092986 -0.0274509 0.0146316 -0.0027382 0.0105404 -0.0058266 0.0142033 0.0115478 0.0085565 0.0098934 -0.0002389 0.0109958 0.0083704 0.0157724 0.0043835 0.8361594 0.0128861 0.0089089 -0.0042272 0.0170856 0.0263333 0.0176105 -0.0080856 -0.0044767 0.0021575 -0.0540651 -0.0013486 -0.0340314 -0.0257055 -0.0305029 -0.0223604 -0.0523807 -0.0491726 -0.0203245 -0.0364640 -0.0334864 -0.0497959 -0.0183062 -0.0331503 -0.0468635 0.0225366 0.0062749 0.0032873 0.0082024 0.0135050 -0.0011983 -0.0036743 0.0163106 -0.0048997 0.0096410 -0.0000928 -0.0226118 -0.0101870 -0.0230449 0.0011161 -0.0168763 -0.0142343 -0.0232537 -0.0183983 -0.0044608 -0.0067449 -0.0317954 -0.0458455 -0.0404114 -0.0105508 -0.0140399 -0.0145818 -0.0148274 -0.0057689 -0.0336269 0.0157155 -0.0404142 -0.0073679 -0.0299355 -0.0206538
0.0154934 0.0282642 0.0089400 0.0022739 0.0164707 0.0171442 0.0157655 0.0150538 -0.0095877 -0.0126582 0.0014525 0.0252431 -0.0087625 -0.0041809 -0.0088824 -0.0171069 -0.0440955 0.0242575 0.0190625 0.0193408 -0.0065660 0.0289892 0.0335462 0.0094390 0.0054045 0.0295909 0.0278930 0.0025583 0.0110959 0.0275249 0.0128861 0.8974158 0.0269945 -0.0151136 0.0297900 0.0228828 0.0333949 -0.0275084 -0.0031324 -0.0036956 -0.0533528 -0.0255561 -0.0218439 -0.0263103 -0.0154641 -0.0212096 -0.0533295 -0.0574280 -0.0344370 -0.0513469 -0.0491306 -0.0575870 -0.0346092 -0.0343366 -0.0383557 0.0218489 0.0179418 0.0019314 0.0117367 0.0146027 0.0000159 0.0202317 -0.0046948 -0.0007852 0.0190062 -0.0048207 -0.0230725 -0.0111884 -0.0319475 0.0070076 -0.0327211 -0.0033864 -0.0305625 -0.0338154 -0.0057226 0.0000813 -0.0342519 -0.0627130 -0.0551414 -0.0002885 0.0037061 -0.0176076 -0.0145326 0.0070145 -0.0533067 0.0221072 -0.0477732 -0.0058227 -0.0220688 -0.0275173
-0.0084082 0.0274868 -0.0093934 -0.0092650 0.0209410 0.0028579 0.0117984 -0.0165768 -0.0099248 -0.0001174 0.0180550 0.0197978 -0.0020927 -0.0012063 -0.0152167 -0.0136912 -0.0406345 0.0123650 0.0148242 0.0278390 -0.0038900 0.0206618 0.0140797 0.0125805 0.0148769 0.0390870 0.0320620 0.0163111 0.0313428 0.0266496 0.0089089 0.0269945 0.8116803 0.0122586 0.0195462 0.0267939 0.0287527 -0.0161687 -0.0068527 -0.0103703 -0.0599220 -0.0273918 -0.0357492 -0.0313615 -0.0296774 -0.0216304 -0.0675109 -0.0599359 -0.0354488 -0.0427075 -0.0547823 -0.0419401 -0.0269935 -0.0246292 -0.0341466 0.0179165 -0.0069609 0.0025641 0.0084898 -0.0006335 -0.0087888 -0.0077476 -0.0019758 -0.0120224 0.0085087 -0.0167790 -0.0152055 -0.0124422 -0.0120786 -0.0090674 -0.0289587 -0.0252676 -0.0383743 -0.0085040 -0.0153284 -0.0279317 -0.0363552 -0.0659635 -0.0457747 -0.0026362 -0.0102598 -0.0179198 -0.0155114 -0.0079723 -0.0499926 0.0194606 -0.0371549 -0.0044384 -0.0279450 -0.0298967
-0.0101858 -0.0108225 -0.0022845 -0.0145001 -0.0130863 -0.0104171 -0.0081472 -0.0163427 0.0056141 -0.0113146 -0.0164041 -0.0081004 -0.0121054 -0.0025983 -0.0132639 -0.0137530 0.0008414 -0.0059042 -0.0078504 -0.0074384 0.0094567 0.0043515 -0.0048378 0.0029723 -0.0197242 -0.0159761 -0.0019016 -0.0014228 -0.0040696 0.0260379 -0.0042272 -0.0151136 0.0122586 0.9149723 -0.0029699 -0.0011918 -0.0046047 -0.0241867 -0.0169196 -0.0049746 0.0032644 -0.0076208 -0.0156945 0.0017631 -0.0153320 -0.0219619 -0.0019816 0.0000220 -0.0170600 -0.0077344 0.0051711 -0.0056080 -0.0154951 -0.0170184 -0.0052545 -0.0036815 0.0020043 0.0016848 -0.0080112 -0.0068886 -0.0090282 -0.0021881 -0.0186735 -0.0009904 -0.0106899 0.0053007 -0.0070803 0.0025046 0.0070620 -0.0024592 0.0086024 -0.0032136 0.0085590 0.0028365 -0.0013471 -0.0191149 -0.0181362 -0.0000321 0.0138563 -0.0060175 -0.0184199 0.0013575 -0.0021446 -0.0266605 -0.0022555 -0.0120237 0.0036938 -0.0079584 0.0021628 -0.0124941
0.0108428 0.0292371 0.0185940 0.0107525 0.0280953 0.0217624 0.0200039 0.0187815 0.0031575 -0.0210788 0.0182092 0.0266329 0.0020634 -0.0048027 -0.0037696 -0.0055636 -0.0420717 0.0340918 0.0307867 0.0322546 0.0224502 0.0283805 0.0362956 0.0138959 0.0207443 0.0329952 0.0394278 0.0178315 0.0415872 0.0380635 0.0170856 0.0297900 0.0195462 -0.0029699 0.9585411 0.0336797 0.0321658 -0.0217161 0.0078367 0.0047267 -0.0681984 -0.0106269 -0.0258222 -0.0405311 -0.0205221 -0.0144551 -0.0605336 -0.0624163 -0.0089909 -0.0639116 -0.0432448 -0.0444570 -0.0265511 -0.0358200 -0.0369606 0.0288227 0.0085915 0.0003945 0.0150615 0.0151931 0.0022922 0.0293493 0.0106284 -0.0086387 0.0156164 -0.0105516 -0.0193177 -0.0095155 -0.0201763 -0.0295294 -0.0412222 -0.0230833 -0.0430001 -0.0411690 -0.0100868 0.0032866 -0.0279358 -0.0628966 -0.0638157 0.0162884 0.0019541 -0.0211043 -0.0152647 0.0006815 -0.0549528 0.0245745 -0.0441770 -0.0042631 -0.0324701 -0.0246550
0.0141197 0.0300151 0.0100067 -0.0024224 0.0256121 0.0126575 0.0167729 0.0115357 -0.0048293 -0.0072504 0.0130849 0.0261663 -0.0006423 -0.0037545 -0.0024604 -0.0034159 -0.0272107 0.0245644 0.0238326 0.0264023 0.0116873 0.0252392 0.0302183 0.0054244 0.0382691 0.0333260 0.0302869 0.0210267 0.0302811 0.0359070 0.0263333 0.0228828 0.0267939 -0.0011918 0.0336797 0.9194591 0.0320478 -0.0131414 0.0035471 0.0060073 -0.0651256 -0.0296671 -0.0206731 -0.0440531 -0.0155080 -0.0174745 -0.0580010 -0.0551889 -0.0283314 -0.0533865 -0.0367874 -0.0452750 -0.0299568 -0.0374347 -0.0388910 0.0266793 0.0095169 -0.0010387 0.0207475 0.0070055 -0.0064074 0.0267039 0.0032309 -0.0047090 0.0209357 -0.0085218 -0.0168828 -0.0108855 -0.0154974 -0.0162251 -0.0407293 -0.0255659 -0.0304677 -0.0398267 -0.0108798 -0.0027085 -0.0283987 -0.0637765 -0.0648659 0.0105632 -0.0012071 -0.0166352 -0.0194207 0.0005542 -0.0522187 0.0209386 -0.0438763 -0.0056828 -0.0329322 -0.0191854
0.0091764 0.0267977 0.0185878 0.0051606 0.0252530 0.0169907 0.0149901 0.0166959 -0.0022005 -0.0110017 0.0168534 0.0209570 0.0005975 -0.0016256 0.0049954 -0.0043398 -0.0339578 0.0155759 0.0232846 0.0251582 0.0130148 0.0324921 0.0346539 0.0066917 0.0273165 0.0214431 0.0283046 0.0172674 0.0380155 0.0423236 0.0176105 0.0333949 0.0287527 -0.0046047 0.0321658 0.0320478 0.9437853 -0.0214538 0.0111467 0.0071193 -0.0666653 -0.0178245 -0.0247682 -0.0369399 -0.0232057 -0.0218153 -0.0515754 -0.0578394 -0.0242295 -0.0560223 -0.0397037 -0.0439616 -0.0261364 -0.0366573 -0.0397538 0.0278974 0.0127471 -0.0014001 0.0191574 0.0102429 0.0065506 0.0188328 0.0250385 -0.0107936 0.0235504 -0.0126339 -0.0257733 -0.0076978 -0.0146398 -0.0075021 -0.0354692 -0.0147609 -0.0334903 -0.0325631 -0.0120353 -0.0059892 -0.0384732 -0.0584897 -0.0531220 0.0120947 0.0094105 -0.0167482 -0.0152649 0.0026165 -0.0575266 0.0226366 -0.0390988 -0.0087735 -0.0310766 -0.0129835
-0.0105442 -0.0094827 -0.0024056 -0.0121937 -0.0078698 -0.0082815 -0.0098161 -0.0081964 -0.0179596 -0.0041904 -0.0089787 -0.0145771 -0.0117633 -0.0056829 -0.0153237 -0.0028175 0.0151216 -0.0175880 -0.0204054 -0.0296264 -0.0033079 -0.0167699 -0.0148182 -0.0094688 -0.0092262 -0.0168618 -0.0315137 -0.0128342 -0.0282270 -0.0159127 -0.0080856 -0.0275084 -0.0161687 -0.0241867 -0.0217161 -0.0131414 -0.0214538 0.8671290 0.0108505 0.0035535 0.0213085 -0.0028774 0.0162688 -0.0165604 -0.0004171 0.0032823 0.0061074 0.0144871 0.0014643 0.0106462 0.0189893 0.0226726 0.0165549 0.0049481 0.0005875 -0.0206715 -0.0078250 -0.0072929 -0.0082040 -0.0243986 -0.0169940 -0.0224210 -0.0139591 -0.0012603 -0.0245925 -0.0055260 -0.0157548 -0.0061426 -0.0140981 -0.0332674 -0.0139393 -0.0154793 -0.0042206 0.0000750 -0.0023437 0.0053185 0.0137073 0.0084226 0.0070653 0.0022214 -0.0112658 0.0012582 0.0025567 -0.0191807 0.0026854 -0.0052171 0.0060683 0.0094716 -0.0090513 -0.0052950
0.0047941 0.0085161 0.0044354 0.0128801 0.0028868 0.0099582 0.0028416 0.0020157 -0.0095771 -0.0147944 -0.0020174 0.0028623 -0.0027963 -0.0017672 -0.0082669 -0.0149653 -0.0073296 -0.0167228 -0.0127394 -0.0075401 -0.0114270 0.0069874 -0.0051774 0.0009700 -0.0179837 -0.0042695 0.0002393 -0.0097428 -0.0002637 -0.0054252 -0.0044767 -0.0031324 -0.0068527 -0.0169196 0.0078367 0.0035471 0.0111467 0.0108505 0.8900474 0.0066172 -0.0215987 0.0073391 -0.0076728 -0.0153736 -0.0071974 -0.0063203 -0.0236985 -0.0306116 -0.0148584 -0.0229864 -0.0080196 -0.0138398 -0.0065957 -0.0187366 -0.0242233 0.0004198 0.0071638 -0.0022222 0.0056313 -0.0141911 -0.0210054 0.0008450 -0.0035540 0.0061154 -0.0084268 -0.0144717 -0.0205359 -0.0057036 -0.0112353 -0.0264153 -0.0062311 -0.0078166 -0.0272419 -0.0278079 -0.0132692 0.0156485 -0.0113200 -0.0044624 -0.0298015 -0.0018416 0.0004085 0.0024472 0.0015522 0.0043720 -0.0235745 0.0082740 -0.0148887 0.0024763 -0.0128703 -0.0087528
0.0101992 0.0035414 0.0058052 0.0062279 0.0022665 0.0052669 0.0041663 0.0021945 0.0028044 -0.0121841 0.0082573 0.0100755 0.0059911 -0.0036294 0.0097167 -0.0082619 -0.0179709 -0.0078778 -0.0157705 0.0006850 -0.0195479 0.0083414 -0.0040691 0.0012773 -0.0072773 -0.0113021 -0.0084580 -0.0087543 0.0058248 -0.0100672 0.0021575 -0.0036956 -0.0103703 -0.0049746 0.0047267 0.0060073 0.0071193 0.0035535 0.0066172 0.9201465 -0.0141356 -0.0001767 -0.0018628 -0.0141440 -0.0120452 -0.0166463 -0.0200466 -0.0211838 -0.0023568 -0.0191038 -0.0131832 -0.0113324 -0.0095324 -0.0162414 -0.0154902 0.0039843 0.0045401 -0.0061518 -0.0040435 0.0032621 -0.0120994 0.0032823 0.0031423 -0.0123981 0.0015343 -0.0103999 -0.0212545 -0.0087774 -0.0023610 -0.0203385 -0.0259618 -0.0135938 -0.0146064 -0.0129278 -0.0038284 0.0047401 -0.0176724 -0.0219518 -0.0307874 0.0000541 -0.0085693 -0.0011578 0.0033352 0.0095549 -0.0270780 0.0095146 -0.0083431 0.0032135 -0.0040246 0.0037099
-0.0380242 -0.0642110 -0.0406748 -0.0342531 -0.0566398 -0.0554635 -0.0418412 -0.0432306 -0.0087803 0.0063163 -0.0507262 -0.0565077 -0.0343265 -0.0056806 0.0003381 0.0001849 0.0529581 -0.0693907 -0.0732875 -0.0716060 -0.0386091 -0.0607152 -0.0702850 -0.0241065 -0.0560259 -0.0780790 -0.0536011 -0.0454189 -0.0812681 -0.0789771 -0.0540651 -0.0533528 -0.0599220 0.0032644 -0.0681984 -0.0651256 -0.0666653 0.0213085 -0.0215987 -0.0141356 1.1225308 0.0082666 0.0504188 0.0462998 0.0236238 0.0457471 0.1386404 0.1409628 0.0370419 0.1118419 0.0986927 0.1048248 0.0589233 0.0771513 0.1024649 -0.0703821 -0.0218331 -0.0097828 -0.0409119 -0.0333076 -0.0182168 -0.0704945 -0.0487545 0.0000761 -0.0521977 0.0157180 0.0299803 0.0093935 0.0264707 0.0187507 0.0736810 0.0072223 0.0674859 0.0524334 0.0076498 -0.0205897 0.0401572 0.1252293 0.1148604 -0.0296392 -0.0210240 0.0262800 0.0183808 -0.0303343 0.1050849 -0.0479906 0.0815477 -0.0015381 0.0577211 0.0193314
