0.000000	0.209783	0.242147	0.247081	0.257022	0.254003	0.224959	0.247690	0.245849	0.260246	0.242836	0.212880	0.250656	0.251921	0.262313	0.260679	0.249491	0.253350	0.245827	0.245939	0.253111	0.251336	0.254029	0.256459	0.254307	0.247860	0.250371	0.252010	0.252492	0.248614	0.256033	0.243917	0.247993	0.263310	0.256426	0.240029	0.247735	0.248589	0.240582	0.257361	0.275673	0.249630	0.260194	0.262191	0.241142	0.247841	0.284330	0.277265	0.249380	0.257944	0.264512	0.265736	0.252040	0.254977	0.268617	0.250353	0.250152	0.250107	0.251024	0.257637	0.249258	0.252556	0.258473	0.253172	0.253669	0.254808	0.253840	0.247448	0.261889	0.263149	0.267318	0.263443	0.276262	0.259583	0.244731	0.247780	0.251506	0.262348	0.245198	0.254032	0.248339	0.262350	0.261347	0.252138	0.260617	0.217852	0.264839	0.238989	0.263770	0.257727	
0.209783	0.000000	0.215667	0.202010	0.196026	0.193582	0.165072	0.203762	0.222772	0.250000	0.230167	0.132316	0.228208	0.184534	0.256617	0.237234	0.284314	0.238661	0.215876	0.218935	0.253673	0.223345	0.235849	0.218092	0.206628	0.219585	0.212745	0.228401	0.220157	0.224449	0.223197	0.221080	0.220058	0.294521	0.196375	0.206146	0.210996	0.223969	0.232334	0.264957	0.361233	0.246363	0.298618	0.265868	0.255792	0.260274	0.331507	0.338983	0.278622	0.299720	0.302062	0.319654	0.250000	0.296260	0.319648	0.193133	0.283582	0.256030	0.243986	0.315789	0.238281	0.264947	0.271122	0.240713	0.292593	0.292176	0.288306	0.250000	0.307921	0.279612	0.332979	0.289602	0.327189	0.314050	0.210337	0.204771	0.296254	0.344059	0.156044	0.233367	0.203934	0.253763	0.262940	0.223913	0.312953	0.161364	0.321016	0.215305	0.296296	0.272618	
0.242147	0.215667	0.000000	0.243675	0.254965	0.247472	0.227207	0.248736	0.248682	0.257943	0.246862	0.212749	0.248660	0.266619	0.257280	0.248837	0.251598	0.249813	0.244091	0.247741	0.252467	0.246711	0.251912	0.252165	0.250635	0.245676	0.246519	0.244853	0.248463	0.250411	0.249076	0.245439	0.246757	0.256611	0.237656	0.243482	0.242049	0.253288	0.250975	0.248233	0.269543	0.247985	0.259254	0.254083	0.240665	0.254832	0.259456	0.270384	0.248332	0.262437	0.259680	0.264058	0.254829	0.255844	0.258416	0.244510	0.259292	0.244913	0.252030	0.256280	0.247166	0.255770	0.256369	0.259365	0.252697	0.252975	0.254461	0.235571	0.263842	0.254899	0.267999	0.259870	0.267259	0.257300	0.240571	0.247386	0.260290	0.265628	0.246724	0.257783	0.246444	0.266355	0.253362	0.247997	0.261136	0.235486	0.267427	0.248817	0.265382	0.254913	
0.247081	0.202010	0.243675	0.000000	0.256081	0.250123	0.244030	0.247628	0.256926	0.267073	0.244121	0.222500	0.257902	0.252698	0.261068	0.252977	0.252295	0.260870	0.252811	0.253968	0.250816	0.242315	0.257847	0.261761	0.256943	0.257603	0.245933	0.257850	0.251654	0.252121	0.255599	0.260641	0.258380	0.262772	0.257232	0.256376	0.253333	0.260072	0.246220	0.251951	0.275576	0.248847	0.255441	0.255495	0.248740	0.252747	0.271232	0.272846	0.251679	0.270707	0.268344	0.264996	0.254791	0.261880	0.270059	0.250319	0.257464	0.246112	0.254469	0.265943	0.254958	0.266164	0.261500	0.266361	0.261404	0.254466	0.267634	0.264151	0.264516	0.256973	0.266328	0.263689	0.265109	0.272506	0.248768	0.250446	0.263524	0.270294	0.242136	0.258624	0.252519	0.257178	0.260889	0.250430	0.271675	0.243737	0.272278	0.242411	0.269160	0.256033	
0.257022	0.196026	0.254965	0.256081	0.000000	0.244995	0.208291	0.247674	0.250813	0.264974	0.251602	0.216630	0.253899	0.257304	0.259145	0.255934	0.261479	0.248504	0.252050	0.244637	0.251408	0.259028	0.254893	0.251161	0.258400	0.254027	0.249782	0.257788	0.239842	0.252525	0.251744	0.261183	0.247349	0.273652	0.239709	0.254859	0.246769	0.255524	0.249880	0.262831	0.295395	0.259813	0.268023	0.275870	0.254589	0.257923	0.276647	0.282282	0.258628	0.277165	0.271529	0.277066	0.268554	0.275892	0.287371	0.252628	0.268887	0.246313	0.251064	0.268873	0.254945	0.258394	0.250744	0.277970	0.273315	0.264727	0.273372	0.263688	0.267382	0.258602	0.274799	0.278681	0.275644	0.277002	0.247988	0.246967	0.277184	0.277694	0.236035	0.263741	0.254541	0.269100	0.250465	0.253567	0.266564	0.227480	0.266106	0.246349	0.263036	0.272048	
0.254003	0.193582	0.247472	0.250123	0.244995	0.000000	0.215777	0.250803	0.260682	0.256209	0.248330	0.206474	0.250741	0.260039	0.258585	0.248108	0.254469	0.245536	0.241170	0.243091	0.247506	0.236847	0.252153	0.246080	0.255034	0.249726	0.250118	0.245378	0.248105	0.256813	0.250118	0.250594	0.248559	0.266349	0.253048	0.245476	0.246881	0.251542	0.249528	0.244332	0.270692	0.258176	0.259247	0.253394	0.244161	0.246684	0.262274	0.276853	0.250707	0.266343	0.259806	0.265221	0.256457	0.267255	0.264715	0.247652	0.258346	0.246848	0.256071	0.263404	0.250509	0.252065	0.248454	0.258567	0.260364	0.254650	0.261588	0.244706	0.262852	0.248169	0.265901	0.260842	0.272408	0.262274	0.256898	0.244802	0.258977	0.263024	0.241209	0.259962	0.243336	0.258228	0.250480	0.250627	0.263474	0.231042	0.273419	0.241698	0.270355	0.257214	
0.224959	0.165072	0.227207	0.244030	0.208291	0.215777	0.000000	0.233846	0.245581	0.266766	0.241328	0.148741	0.266082	0.240688	0.266892	0.248619	0.257069	0.253956	0.234738	0.238060	0.262545	0.237768	0.237261	0.247104	0.230044	0.248170	0.245627	0.238237	0.238620	0.239032	0.253285	0.258920	0.239385	0.273099	0.232829	0.242512	0.249097	0.277737	0.247439	0.269683	0.341438	0.263919	0.283721	0.267934	0.234488	0.276169	0.324689	0.339141	0.287867	0.311900	0.284389	0.284683	0.265106	0.319352	0.304985	0.227633	0.291581	0.261056	0.260469	0.281919	0.262887	0.254606	0.262093	0.246260	0.273984	0.278660	0.295337	0.280788	0.279412	0.287582	0.312062	0.299419	0.314861	0.301067	0.235849	0.231788	0.282114	0.295455	0.183178	0.263199	0.249804	0.307992	0.277017	0.255909	0.301059	0.191753	0.278523	0.246792	0.275758	0.278424	
0.247690	0.203762	0.248736	0.247628	0.247674	0.250803	0.233846	0.000000	0.252220	0.258192	0.252787	0.223260	0.255097	0.267816	0.263087	0.235619	0.257451	0.253222	0.250651	0.250461	0.257090	0.247318	0.255247	0.257022	0.254685	0.248302	0.249421	0.257316	0.255760	0.260806	0.248026	0.247519	0.250000	0.260437	0.248021	0.254839	0.244665	0.259767	0.253490	0.252871	0.283928	0.252349	0.268083	0.255929	0.255251	0.255061	0.270520	0.270003	0.249227	0.263362	0.267469	0.261313	0.263878	0.265923	0.265939	0.261835	0.259217	0.237530	0.250877	0.264543	0.256817	0.264280	0.265398	0.265546	0.261122	0.256363	0.259090	0.257946	0.273118	0.261010	0.264461	0.261850	0.269609	0.266142	0.253342	0.244619	0.261380	0.271105	0.237392	0.261325	0.247281	0.260842	0.267665	0.263055	0.268566	0.233865	0.273422	0.261844	0.272835	0.256140	
0.245849	0.222772	0.248682	0.256926	0.250813	0.260682	0.245581	0.252220	0.000000	0.269950	0.252543	0.239064	0.248728	0.263902	0.260719	0.264451	0.265769	0.254322	0.253909	0.244946	0.258614	0.258026	0.259957	0.250420	0.260810	0.260142	0.260887	0.256864	0.258775	0.255592	0.260766	0.258374	0.249462	0.260331	0.253491	0.257674	0.246182	0.264950	0.260043	0.266489	0.281515	0.251718	0.269269	0.275272	0.253571	0.263881	0.276245	0.274757	0.254056	0.268474	0.264974	0.263634	0.272370	0.266021	0.270018	0.262130	0.258996	0.249634	0.254965	0.264478	0.269617	0.267542	0.260144	0.271127	0.269374	0.257553	0.267311	0.249586	0.258565	0.261252	0.280567	0.269984	0.270092	0.264446	0.250406	0.251821	0.263412	0.264840	0.253796	0.274090	0.259330	0.260448	0.263420	0.258124	0.261441	0.249138	0.269172	0.254337	0.272268	0.272539	
0.260246	0.250000	0.257943	0.267073	0.264974	0.256209	0.266766	0.258192	0.269950	0.000000	0.259369	0.250409	0.255270	0.257923	0.263871	0.256330	0.256710	0.258378	0.255551	0.253419	0.252217	0.257581	0.257327	0.264449	0.256336	0.255556	0.250219	0.257702	0.250774	0.255621	0.259015	0.254785	0.251636	0.262211	0.267374	0.252874	0.259607	0.261171	0.263547	0.263120	0.276815	0.263411	0.262683	0.256238	0.248583	0.254092	0.274050	0.274525	0.257507	0.262215	0.269615	0.268293	0.262085	0.260397	0.269741	0.269067	0.262797	0.259834	0.254312	0.265918	0.256429	0.262206	0.258542	0.261343	0.265794	0.258927	0.261670	0.267959	0.264293	0.260174	0.271333	0.261818	0.269086	0.270439	0.247241	0.258450	0.267643	0.265810	0.258026	0.267427	0.254821	0.245813	0.262001	0.264691	0.268641	0.238286	0.262836	0.261957	0.261932	0.261188	
0.242836	0.230167	0.246862	0.244121	0.251602	0.248330	0.241328	0.252787	0.252543	0.259369	0.000000	0.223309	0.255135	0.268603	0.260676	0.262454	0.258233	0.255146	0.247079	0.248879	0.255092	0.252545	0.257513	0.257451	0.251629	0.260389	0.259211	0.263912	0.251575	0.254932	0.259875	0.261751	0.247976	0.270044	0.253175	0.253767	0.250896	0.257394	0.256156	0.249049	0.279370	0.251849	0.261176	0.260512	0.254514	0.248899	0.275730	0.273441	0.255932	0.270757	0.268239	0.270875	0.263714	0.258940	0.267391	0.257292	0.264780	0.240425	0.256233	0.254616	0.254939	0.257306	0.264313	0.252389	0.254545	0.261447	0.260101	0.260156	0.274363	0.267091	0.266051	0.266985	0.276232	0.264375	0.242722	0.250652	0.261176	0.263866	0.235532	0.254226	0.253479	0.261593	0.266785	0.255312	0.261245	0.228892	0.264668	0.249835	0.274034	0.262493	
0.212880	0.132316	0.212749	0.222500	0.216630	0.206474	0.148741	0.223260	0.239064	0.250409	0.223309	0.000000	0.228112	0.216463	0.263352	0.215958	0.265580	0.240069	0.233095	0.206813	0.246377	0.223433	0.225464	0.233974	0.226143	0.251419	0.228525	0.226101	0.233253	0.223906	0.229217	0.251008	0.249800	0.292727	0.205549	0.207792	0.219331	0.243331	0.244952	0.243164	0.332126	0.239357	0.279966	0.271170	0.236422	0.252846	0.311243	0.320876	0.272199	0.304442	0.295874	0.296064	0.262447	0.292171	0.311237	0.219725	0.252262	0.238829	0.266355	0.273775	0.263710	0.256983	0.276342	0.245860	0.275828	0.284190	0.276836	0.276252	0.293586	0.272654	0.316478	0.285942	0.332710	0.313709	0.223517	0.222132	0.258386	0.307150	0.166667	0.244444	0.214834	0.247845	0.251678	0.224527	0.319763	0.171674	0.273161	0.239083	0.269932	0.251791	
0.250656	0.228208	0.248660	0.257902	0.253899	0.250741	0.266082	0.255097	0.248728	0.255270	0.255135	0.228112	0.000000	0.267023	0.263811	0.259572	0.260250	0.257658	0.246934	0.246818	0.260200	0.249657	0.257868	0.261112	0.252901	0.252524	0.254841	0.258183	0.257691	0.255424	0.251815	0.251912	0.251977	0.262887	0.254293	0.251527	0.239166	0.257061	0.256446	0.257608	0.278194	0.252694	0.260745	0.262233	0.257559	0.260976	0.281021	0.272614	0.261878	0.260163	0.269130	0.264691	0.262787	0.261279	0.266332	0.257331	0.268344	0.248429	0.251955	0.256798	0.259938	0.259833	0.256301	0.258567	0.253069	0.258202	0.253523	0.264353	0.267370	0.259469	0.269798	0.262087	0.278759	0.264523	0.248921	0.248584	0.266054	0.271189	0.254868	0.264710	0.253176	0.257513	0.249022	0.261148	0.266323	0.246396	0.266750	0.249084	0.267928	0.263217	
0.251921	0.184534	0.266619	0.252698	0.257304	0.260039	0.240688	0.267816	0.263902	0.257923	0.268603	0.216463	0.267023	0.000000	0.284594	0.250932	0.274088	0.260536	0.260653	0.255556	0.277104	0.257131	0.276646	0.256036	0.269039	0.254761	0.254122	0.265602	0.264822	0.264928	0.269272	0.277119	0.259523	0.278454	0.277530	0.265438	0.255411	0.268759	0.267139	0.278149	0.302791	0.276824	0.286029	0.281225	0.268232	0.272399	0.307349	0.296491	0.268284	0.280337	0.306396	0.288998	0.271665	0.287100	0.284374	0.256917	0.278719	0.255583	0.264463	0.279969	0.272075	0.272866	0.281470	0.277027	0.291845	0.281836	0.280854	0.266667	0.281503	0.275089	0.268228	0.278805	0.281032	0.283819	0.256057	0.256172	0.290165	0.287813	0.203106	0.271035	0.279255	0.246050	0.271170	0.266018	0.299891	0.235661	0.291683	0.272587	0.267411	0.277623	
0.262313	0.256617	0.257280	0.261068	0.259145	0.258585	0.266892	0.263087	0.260719	0.263871	0.260676	0.263352	0.263811	0.284594	0.000000	0.259908	0.264408	0.261690	0.260600	0.255431	0.253761	0.258125	0.266827	0.266529	0.263231	0.257094	0.258125	0.264267	0.263738	0.263608	0.262787	0.267423	0.265984	0.269597	0.279699	0.265592	0.259349	0.268964	0.262318	0.266848	0.271579	0.262020	0.269001	0.264051	0.258295	0.262909	0.280944	0.269014	0.261344	0.270799	0.263966	0.266642	0.264599	0.269303	0.269031	0.268596	0.267506	0.262003	0.258936	0.265939	0.264133	0.267188	0.265540	0.269485	0.269905	0.270063	0.275355	0.271310	0.275218	0.265778	0.272185	0.267721	0.279353	0.264991	0.253533	0.265446	0.263841	0.263573	0.270306	0.272931	0.263409	0.250497	0.255142	0.267527	0.269936	0.259480	0.276931	0.267994	0.268822	0.267695	
0.260679	0.237234	0.248837	0.252977	0.255934	0.248108	0.248619	0.235619	0.264451	0.256330	0.262454	0.215958	0.259572	0.250932	0.259908	0.000000	0.258285	0.258974	0.244119	0.249310	0.254141	0.243859	0.251007	0.256290	0.256194	0.253000	0.247728	0.256952	0.250590	0.252854	0.254257	0.253917	0.249636	0.263330	0.258913	0.250327	0.251477	0.253872	0.256963	0.251638	0.265622	0.258069	0.260754	0.256267	0.252219	0.259495	0.270022	0.266117	0.248794	0.268064	0.264058	0.258114	0.248339	0.262073	0.259719	0.261286	0.261599	0.247972	0.245592	0.261218	0.258837	0.258050	0.256737	0.264389	0.261343	0.248085	0.261032	0.253597	0.263174	0.255638	0.255487	0.265057	0.266972	0.255471	0.252834	0.248980	0.257558	0.263087	0.246966	0.264014	0.257776	0.253125	0.263061	0.254952	0.263444	0.247738	0.255650	0.257028	0.259393	0.256861	
0.249491	0.284314	0.251598	0.252295	0.261479	0.254469	0.257069	0.257451	0.265769	0.256710	0.258233	0.265580	0.260250	0.274088	0.264408	0.258285	0.000000	0.259714	0.256172	0.258036	0.258608	0.252355	0.259832	0.251511	0.262567	0.261964	0.260921	0.268107	0.262459	0.250000	0.259270	0.253464	0.255675	0.262823	0.267760	0.247134	0.261194	0.253434	0.254829	0.257377	0.262342	0.249088	0.253629	0.261642	0.252218	0.257122	0.261756	0.250325	0.254373	0.261344	0.249046	0.250298	0.250889	0.253237	0.253215	0.258554	0.256253	0.267386	0.253946	0.253472	0.256429	0.259008	0.253484	0.274966	0.256688	0.252423	0.258050	0.265603	0.267089	0.256985	0.249653	0.254514	0.260376	0.250074	0.252350	0.252398	0.254683	0.260493	0.275728	0.265161	0.255278	0.248497	0.243750	0.260376	0.258192	0.272521	0.259713	0.257053	0.254307	0.254563	
0.253350	0.238661	0.249813	0.260870	0.248504	0.245536	0.253956	0.253222	0.254322	0.258378	0.255146	0.240069	0.257658	0.260536	0.261690	0.258974	0.259714	0.000000	0.242887	0.239437	0.245275	0.234008	0.253070	0.247477	0.249361	0.251847	0.250151	0.251096	0.246960	0.250000	0.248298	0.254121	0.247447	0.260877	0.248687	0.251974	0.250720	0.257504	0.258552	0.261941	0.280947	0.259153	0.258972	0.265973	0.250000	0.249772	0.273488	0.266103	0.250982	0.265011	0.268432	0.266480	0.266284	0.264237	0.265456	0.259828	0.254710	0.252274	0.249675	0.257301	0.251168	0.246755	0.252553	0.260809	0.257746	0.251455	0.259774	0.254427	0.267176	0.256079	0.265388	0.254769	0.267522	0.250923	0.247764	0.250677	0.264005	0.263524	0.232298	0.265384	0.251400	0.263291	0.251976	0.256049	0.264692	0.241110	0.269804	0.256081	0.273385	0.266387	
0.245827	0.215876	0.244091	0.252811	0.252050	0.241170	0.234738	0.250651	0.253909	0.255551	0.247079	0.233095	0.246934	0.260653	0.260600	0.244119	0.256172	0.242887	0.000000	0.238115	0.239685	0.238405	0.239219	0.254223	0.243403	0.244470	0.239818	0.243494	0.239931	0.248617	0.243251	0.248797	0.236471	0.252492	0.250068	0.249211	0.244733	0.252000	0.250429	0.260417	0.275427	0.255975	0.256098	0.260429	0.246794	0.257940	0.270148	0.266419	0.246346	0.260627	0.256139	0.260398	0.256997	0.255589	0.262570	0.246038	0.253443	0.239956	0.238541	0.259292	0.252301	0.254856	0.248683	0.252329	0.252215	0.246728	0.250579	0.249573	0.258994	0.250282	0.264794	0.264225	0.259794	0.256722	0.243169	0.240390	0.262441	0.266099	0.237067	0.254951	0.248956	0.261919	0.253899	0.256545	0.262812	0.239766	0.264697	0.251289	0.265848	0.256271	
0.245939	0.218935	0.247741	0.253968	0.244637	0.243091	0.238060	0.250461	0.244946	0.253419	0.248879	0.206813	0.246818	0.255556	0.255431	0.249310	0.258036	0.239437	0.238115	0.000000	0.239977	0.243614	0.250665	0.244094	0.248161	0.241972	0.249787	0.246349	0.240218	0.246784	0.247290	0.248295	0.246324	0.259173	0.238199	0.244041	0.241314	0.252974	0.251136	0.258150	0.275043	0.252870	0.254459	0.262640	0.249293	0.254485	0.257854	0.265606	0.249858	0.257535	0.255542	0.267348	0.253640	0.259571	0.263317	0.245472	0.253669	0.231341	0.245544	0.254070	0.250710	0.247917	0.253919	0.260915	0.257917	0.249236	0.259674	0.261751	0.264585	0.251307	0.265149	0.261878	0.269763	0.253078	0.249265	0.251522	0.256031	0.270816	0.230017	0.258761	0.250620	0.270895	0.250000	0.255909	0.265627	0.229908	0.255949	0.253184	0.267779	0.256150	
0.253111	0.253673	0.252467	0.250816	0.251408	0.247506	0.262545	0.257090	0.258614	0.252217	0.255092	0.246377	0.260200	0.277104	0.253761	0.254141	0.258608	0.245275	0.239685	0.239977	0.000000	0.249700	0.242145	0.237948	0.245054	0.237582	0.246624	0.257551	0.247138	0.252578	0.248256	0.245430	0.252364	0.246000	0.246873	0.244679	0.258658	0.251575	0.253085	0.260163	0.281050	0.247097	0.258866	0.257074	0.239164	0.256414	0.261693	0.270901	0.245417	0.266136	0.269331	0.256541	0.257156	0.260776	0.259392	0.258372	0.252964	0.237194	0.243140	0.253777	0.247731	0.245906	0.252417	0.267047	0.250148	0.253622	0.253593	0.252997	0.258934	0.247990	0.256356	0.255049	0.258924	0.253800	0.248631	0.254494	0.261693	0.258112	0.269868	0.259213	0.258629	0.267490	0.262174	0.258318	0.258465	0.255069	0.263290	0.250377	0.255104	0.256747	
0.251336	0.223345	0.246711	0.242315	0.259028	0.236847	0.237768	0.247318	0.258026	0.257581	0.252545	0.223433	0.249657	0.257131	0.258125	0.243859	0.252355	0.234008	0.238405	0.243614	0.249700	0.000000	0.246317	0.245849	0.245750	0.246729	0.245599	0.246019	0.240014	0.249773	0.242897	0.246197	0.246960	0.257554	0.245140	0.245452	0.232343	0.260250	0.241752	0.252750	0.275448	0.252791	0.256639	0.252948	0.244688	0.252703	0.271973	0.266017	0.256437	0.270098	0.268994	0.262318	0.264165	0.256584	0.269023	0.258910	0.250107	0.250788	0.245926	0.250711	0.251937	0.256873	0.256774	0.256203	0.259092	0.249066	0.256076	0.251636	0.257996	0.252743	0.261739	0.262337	0.267774	0.263492	0.249466	0.243508	0.258850	0.259563	0.252610	0.254697	0.249532	0.254875	0.258952	0.245383	0.263598	0.231579	0.267480	0.252952	0.269883	0.265139	
0.254029	0.235849	0.251912	0.257847	0.254893	0.252153	0.237261	0.255247	0.259957	0.257327	0.257513	0.225464	0.257868	0.276646	0.266827	0.251007	0.259832	0.253070	0.239219	0.250665	0.242145	0.246317	0.000000	0.252294	0.258459	0.246853	0.239956	0.250693	0.243891	0.255918	0.249842	0.253767	0.243078	0.272744	0.241122	0.245055	0.244984	0.259007	0.261314	0.262890	0.291175	0.255686	0.263811	0.261949	0.259891	0.263484	0.275207	0.286374	0.256467	0.259016	0.266462	0.266813	0.272471	0.266572	0.271310	0.261333	0.266292	0.253786	0.255427	0.266387	0.255460	0.259728	0.259687	0.256316	0.253401	0.251825	0.259062	0.247899	0.268400	0.257201	0.263421	0.260645	0.273049	0.258494	0.255403	0.253135	0.268728	0.267323	0.242656	0.262604	0.260079	0.264875	0.280246	0.251848	0.274528	0.237482	0.273137	0.254197	0.263680	0.264908	
0.256459	0.218092	0.252165	0.261761	0.251161	0.246080	0.247104	0.257022	0.250420	0.264449	0.257451	0.233974	0.261112	0.256036	0.266529	0.256290	0.251511	0.247477	0.254223	0.244094	0.237948	0.245849	0.252294	0.000000	0.246691	0.253157	0.247135	0.258030	0.239158	0.260784	0.253125	0.247539	0.243444	0.262470	0.237109	0.255243	0.241326	0.254644	0.253142	0.266074	0.266242	0.250414	0.265259	0.268161	0.244330	0.255185	0.277631	0.285767	0.255955	0.269513	0.262957	0.271773	0.269928	0.260343	0.266261	0.272147	0.262257	0.247797	0.249329	0.265117	0.245287	0.252486	0.265971	0.259798	0.260831	0.255593	0.253243	0.242192	0.254751	0.254080	0.264686	0.263875	0.264309	0.261156	0.243868	0.244932	0.264799	0.256098	0.248073	0.258679	0.243627	0.257410	0.240000	0.249759	0.275782	0.227758	0.271978	0.258354	0.261208	0.260658	
0.254307	0.206628	0.250635	0.256943	0.258400	0.255034	0.230044	0.254685	0.260810	0.256336	0.251629	0.226143	0.252901	0.269039	0.263231	0.256194	0.262567	0.249361	0.243403	0.248161	0.245054	0.245750	0.258459	0.246691	0.000000	0.254657	0.251103	0.249300	0.250287	0.255319	0.253531	0.257694	0.252192	0.264500	0.252046	0.240698	0.239902	0.255914	0.259596	0.260184	0.288161	0.254112	0.265535	0.264978	0.251696	0.259084	0.263667	0.272976	0.259038	0.267391	0.262939	0.266480	0.268896	0.259005	0.268496	0.249511	0.264356	0.237708	0.252303	0.258520	0.255080	0.252821	0.255951	0.265264	0.251928	0.255739	0.258398	0.242060	0.269581	0.254985	0.263317	0.262376	0.270674	0.259066	0.246914	0.251098	0.268163	0.270084	0.244266	0.256991	0.247328	0.268047	0.275697	0.253036	0.261393	0.253272	0.268610	0.251401	0.269991	0.266742	
0.247860	0.219585	0.245676	0.257603	0.254027	0.249726	0.248170	0.248302	0.260142	0.255556	0.260389	0.251419	0.252524	0.254761	0.257094	0.253000	0.261964	0.251847	0.244470	0.241972	0.237582	0.246729	0.246853	0.253157	0.254657	0.000000	0.246389	0.253557	0.245826	0.250527	0.249105	0.249750	0.240057	0.261154	0.253903	0.248252	0.246322	0.253671	0.254874	0.258133	0.278900	0.250534	0.263401	0.267702	0.254969	0.257246	0.276190	0.268347	0.258613	0.268982	0.274865	0.265364	0.254375	0.261450	0.266907	0.262899	0.254616	0.246565	0.252084	0.255559	0.250821	0.258088	0.256486	0.260036	0.259640	0.253307	0.259930	0.248282	0.264723	0.246023	0.252800	0.265909	0.268277	0.264492	0.251670	0.248435	0.266609	0.266491	0.252735	0.260323	0.249961	0.269570	0.259632	0.256469	0.269828	0.239102	0.264549	0.255471	0.263959	0.259189	
0.250371	0.212745	0.246519	0.245933	0.249782	0.250118	0.245627	0.249421	0.260887	0.250219	0.259211	0.228525	0.254841	0.254122	0.258125	0.247728	0.260921	0.250151	0.239818	0.249787	0.246624	0.245599	0.239956	0.247135	0.251103	0.246389	0.000000	0.257681	0.245637	0.242698	0.252905	0.244396	0.242424	0.251301	0.238965	0.241672	0.237065	0.263416	0.257134	0.254636	0.276248	0.258387	0.253837	0.259610	0.249253	0.254692	0.272151	0.267857	0.255801	0.263877	0.270727	0.266944	0.265741	0.256219	0.263470	0.252701	0.256840	0.261064	0.246637	0.254727	0.256037	0.255012	0.255505	0.244340	0.256977	0.252154	0.266140	0.245810	0.266450	0.251991	0.259136	0.261922	0.265247	0.252954	0.249607	0.245401	0.263897	0.271764	0.257768	0.256406	0.255970	0.279359	0.256981	0.247200	0.270737	0.243083	0.266824	0.256026	0.266549	0.260124	
0.252010	0.228401	0.244853	0.257850	0.257788	0.245378	0.238237	0.257316	0.256864	0.257702	0.263912	0.226101	0.258183	0.265602	0.264267	0.256952	0.268107	0.251096	0.243494	0.246349	0.257551	0.246019	0.250693	0.258030	0.249300	0.253557	0.257681	0.000000	0.251046	0.252380	0.248662	0.251177	0.248046	0.265158	0.246721	0.242926	0.230295	0.259701	0.262169	0.263838	0.287091	0.257840	0.262684	0.256382	0.251326	0.262874	0.281101	0.277633	0.253636	0.263709	0.263876	0.267900	0.257933	0.265188	0.265212	0.249299	0.261306	0.249139	0.258121	0.264165	0.251888	0.262418	0.249655	0.262889	0.259907	0.252114	0.265788	0.252879	0.268233	0.252946	0.268941	0.267620	0.266953	0.259483	0.249949	0.251995	0.264675	0.261307	0.251448	0.260368	0.259839	0.277007	0.272686	0.259247	0.275754	0.237900	0.267942	0.245552	0.267689	0.267280	
0.252492	0.220157	0.248463	0.251654	0.239842	0.248105	0.238620	0.255760	0.258775	0.250774	0.251575	0.233253	0.257691	0.264822	0.263738	0.250590	0.262459	0.246960	0.239931	0.240218	0.247138	0.240014	0.243891	0.239158	0.250287	0.245826	0.245637	0.251046	0.000000	0.248101	0.243142	0.248485	0.243340	0.252695	0.249519	0.250107	0.227310	0.257259	0.245611	0.257348	0.276421	0.249498	0.266472	0.259988	0.249893	0.251890	0.267442	0.272842	0.254433	0.258514	0.265013	0.266756	0.252772	0.263097	0.267462	0.252717	0.259134	0.243082	0.244793	0.255382	0.243818	0.249184	0.253980	0.264013	0.259126	0.250736	0.261036	0.258412	0.264885	0.256370	0.265029	0.259625	0.265507	0.259210	0.249109	0.241820	0.259108	0.265333	0.234653	0.262300	0.253258	0.269185	0.267873	0.254642	0.267073	0.247700	0.266582	0.253051	0.268966	0.259056	
0.248614	0.224449	0.250411	0.252121	0.252525	0.256813	0.239032	0.260806	0.255592	0.255621	0.254932	0.223906	0.255424	0.264928	0.263608	0.252854	0.250000	0.250000	0.248617	0.246784	0.252578	0.249773	0.255918	0.260784	0.255319	0.250527	0.242698	0.252380	0.248101	0.000000	0.254485	0.245316	0.247944	0.259869	0.255920	0.249447	0.239205	0.260474	0.260027	0.261691	0.281652	0.253189	0.264880	0.257478	0.250374	0.257785	0.276556	0.281823	0.259349	0.267469	0.262841	0.266283	0.257338	0.271022	0.271594	0.255790	0.255142	0.253516	0.256014	0.251043	0.256992	0.258305	0.256342	0.269568	0.260440	0.248499	0.263263	0.268447	0.277726	0.258605	0.266433	0.263694	0.270731	0.268356	0.248810	0.247260	0.263455	0.273123	0.253623	0.259884	0.255970	0.256615	0.275562	0.258171	0.275208	0.248276	0.267890	0.249486	0.270998	0.262458	
0.256033	0.223197	0.249076	0.255599	0.251744	0.250118	0.253285	0.248026	0.260766	0.259015	0.259875	0.229217	0.251815	0.269272	0.262787	0.254257	0.259270	0.248298	0.243251	0.247290	0.248256	0.242897	0.249842	0.253125	0.253531	0.249105	0.252905	0.248662	0.243142	0.254485	0.000000	0.254573	0.249786	0.267036	0.249657	0.240654	0.244742	0.255058	0.251540	0.255126	0.279845	0.253394	0.268445	0.261712	0.248932	0.256466	0.276048	0.278294	0.252402	0.258892	0.268228	0.268969	0.263206	0.267819	0.271964	0.254501	0.253218	0.241636	0.245359	0.253406	0.242984	0.252985	0.258542	0.265183	0.257271	0.250771	0.260404	0.258106	0.258088	0.250926	0.258456	0.262573	0.264103	0.264234	0.252172	0.243610	0.264851	0.263254	0.250000	0.256523	0.252577	0.263189	0.264423	0.258678	0.263606	0.236807	0.266719	0.254068	0.271984	0.252923	
0.243917	0.221080	0.245439	0.260641	0.261183	0.250594	0.258920	0.247519	0.258374	0.254785	0.261751	0.251008	0.251912	0.277119	0.267423	0.253917	0.253464	0.254121	0.248797	0.248295	0.245430	0.246197	0.253767	0.247539	0.257694	0.249750	0.244396	0.251177	0.248485	0.245316	0.254573	0.000000	0.250832	0.264341	0.260642	0.253485	0.241083	0.253958	0.256652	0.259971	0.261060	0.249290	0.258899	0.252886	0.253072	0.255685	0.265996	0.259667	0.251543	0.258246	0.265221	0.260963	0.258566	0.258861	0.264432	0.275087	0.246333	0.242614	0.253006	0.259284	0.252003	0.254849	0.257527	0.262346	0.254875	0.252179	0.256933	0.241233	0.260373	0.248546	0.256247	0.254700	0.262458	0.256467	0.251493	0.247256	0.259507	0.261370	0.264402	0.263002	0.255903	0.277012	0.260846	0.255672	0.252686	0.246501	0.268997	0.252397	0.263213	0.266476	
0.247993	0.220058	0.246757	0.258380	0.247349	0.248559	0.239385	0.250000	0.249462	0.251636	0.247976	0.249800	0.251977	0.259523	0.265984	0.249636	0.255675	0.247447	0.236471	0.246324	0.252364	0.246960	0.243078	0.243444	0.252192	0.240057	0.242424	0.248046	0.243340	0.247944	0.249786	0.250832	0.000000	0.247376	0.243199	0.252368	0.245671	0.251970	0.252539	0.256374	0.276828	0.257402	0.266456	0.258754	0.253426	0.259610	0.278514	0.272028	0.253093	0.256745	0.265805	0.263834	0.254278	0.257245	0.258829	0.246158	0.256948	0.233210	0.238439	0.255421	0.253513	0.255746	0.264602	0.253119	0.254370	0.251603	0.255699	0.246776	0.260035	0.250035	0.256592	0.255439	0.270111	0.253982	0.247066	0.239484	0.256252	0.267335	0.254991	0.254018	0.247563	0.257478	0.261285	0.257138	0.268289	0.233553	0.263273	0.248654	0.270591	0.265566	
0.263310	0.294521	0.256611	0.262772	0.273652	0.266349	0.273099	0.260437	0.260331	0.262211	0.270044	0.292727	0.262887	0.278454	0.269597	0.263330	0.262823	0.260877	0.252492	0.259173	0.246000	0.257554	0.272744	0.262470	0.264500	0.261154	0.251301	0.265158	0.252695	0.259869	0.267036	0.264341	0.247376	0.000000	0.267065	0.254334	0.268426	0.265936	0.264511	0.266791	0.276309	0.258318	0.270027	0.258927	0.264157	0.266283	0.269321	0.270246	0.267854	0.267094	0.260284	0.273287	0.261198	0.265780	0.267736	0.278146	0.252367	0.275312	0.256341	0.265864	0.261328	0.256176	0.264691	0.281086	0.259272	0.249416	0.262491	0.255117	0.254561	0.257162	0.265628	0.259469	0.256978	0.258262	0.261001	0.258684	0.258518	0.263953	0.284987	0.268544	0.264770	0.280329	0.271679	0.282642	0.263469	0.293404	0.267036	0.268967	0.267598	0.269740	
0.256426	0.196375	0.237656	0.257232	0.239709	0.253048	0.232829	0.248021	0.253491	0.267374	0.253175	0.205549	0.254293	0.277530	0.279699	0.258913	0.267760	0.248687	0.250068	0.238199	0.246873	0.245140	0.241122	0.237109	0.252046	0.253903	0.238965	0.246721	0.249519	0.255920	0.249657	0.260642	0.243199	0.267065	0.000000	0.248322	0.249260	0.264617	0.257648	0.269568	0.302179	0.243590	0.271144	0.280717	0.258696	0.255102	0.292000	0.291848	0.255037	0.296346	0.282370	0.269195	0.269363	0.268850	0.281069	0.255751	0.266621	0.249167	0.264392	0.258259	0.261379	0.264613	0.267231	0.259953	0.277387	0.253731	0.262790	0.249642	0.284352	0.275918	0.276193	0.261543	0.282422	0.270857	0.251596	0.250205	0.261508	0.278501	0.244973	0.248436	0.246022	0.293069	0.268769	0.256744	0.285437	0.246546	0.274618	0.252281	0.282219	0.279302	
0.240029	0.206146	0.243482	0.256376	0.254859	0.245476	0.242512	0.254839	0.257674	0.252874	0.253767	0.207792	0.251527	0.265438	0.265592	0.250327	0.247134	0.251974	0.249211	0.244041	0.244679	0.245452	0.245055	0.255243	0.240698	0.248252	0.241672	0.242926	0.250107	0.249447	0.240654	0.253485	0.252368	0.254334	0.248322	0.000000	0.231376	0.250320	0.243131	0.243653	0.286086	0.251531	0.258378	0.267402	0.261199	0.257020	0.281879	0.280123	0.254518	0.265654	0.265863	0.261449	0.258559	0.262229	0.261981	0.249470	0.255500	0.250000	0.242570	0.263146	0.256955	0.253207	0.264273	0.255082	0.258594	0.257775	0.257801	0.253776	0.268298	0.259524	0.263795	0.265293	0.263531	0.263601	0.249561	0.233763	0.266869	0.270104	0.225958	0.260352	0.249599	0.247588	0.272895	0.258215	0.267380	0.224565	0.271709	0.245455	0.268373	0.249791	
0.247735	0.210996	0.242049	0.253333	0.246769	0.246881	0.249097	0.244665	0.246182	0.259607	0.250896	0.219331	0.239166	0.255411	0.259349	0.251477	0.261194	0.250720	0.244733	0.241314	0.258658	0.232343	0.244984	0.241326	0.239902	0.246322	0.237065	0.230295	0.227310	0.239205	0.244742	0.241083	0.245671	0.268426	0.249260	0.231376	0.000000	0.261513	0.253225	0.254271	0.289627	0.250879	0.270053	0.260095	0.263457	0.254200	0.287572	0.283527	0.255348	0.268727	0.277080	0.273011	0.270177	0.268559	0.268767	0.234875	0.239849	0.235332	0.255552	0.265482	0.248915	0.252214	0.256239	0.267229	0.256619	0.250524	0.256175	0.260774	0.268531	0.253711	0.264952	0.270219	0.272226	0.267767	0.246371	0.252789	0.257793	0.273310	0.222668	0.256983	0.253267	0.266405	0.262395	0.254216	0.277225	0.232379	0.275883	0.253719	0.287638	0.256347	
0.248589	0.223969	0.253288	0.260072	0.255524	0.251542	0.277737	0.259767	0.264950	0.261171	0.257394	0.243331	0.257061	0.268759	0.268964	0.253872	0.253434	0.257504	0.252000	0.252974	0.251575	0.260250	0.259007	0.254644	0.255914	0.253671	0.263416	0.259701	0.257259	0.260474	0.255058	0.253958	0.251970	0.265936	0.264617	0.250320	0.261513	0.000000	0.257732	0.256989	0.272391	0.251113	0.260603	0.267394	0.255724	0.257051	0.267979	0.269454	0.251766	0.259501	0.270321	0.256800	0.258505	0.259661	0.273771	0.264342	0.263857	0.253754	0.253348	0.264649	0.264135	0.265152	0.254096	0.266509	0.264454	0.263672	0.262445	0.263751	0.266548	0.263535	0.263254	0.266008	0.265605	0.256384	0.247816	0.254485	0.258962	0.256981	0.247853	0.255380	0.251490	0.278173	0.252742	0.258976	0.269337	0.251326	0.258536	0.250436	0.271737	0.264477	
0.240582	0.232334	0.250975	0.246220	0.249880	0.249528	0.247439	0.253490	0.260043	0.263547	0.256156	0.244952	0.256446	0.267139	0.262318	0.256963	0.254829	0.258552	0.250429	0.251136	0.253085	0.241752	0.261314	0.253142	0.259596	0.254874	0.257134	0.262169	0.245611	0.260027	0.251540	0.256652	0.252539	0.264511	0.257648	0.243131	0.253225	0.257732	0.000000	0.261956	0.273960	0.251372	0.258316	0.259023	0.254804	0.255677	0.273207	0.279791	0.258308	0.272659	0.270321	0.260409	0.252529	0.257545	0.260270	0.265031	0.257171	0.254443	0.247377	0.256853	0.258054	0.252792	0.257278	0.252592	0.260627	0.257013	0.260010	0.265123	0.264053	0.259566	0.268776	0.260278	0.278922	0.268238	0.249188	0.236446	0.264169	0.260237	0.250766	0.270794	0.248926	0.252074	0.250237	0.255962	0.266043	0.240741	0.270920	0.255908	0.272201	0.259673	
0.257361	0.264957	0.248233	0.251951	0.262831	0.244332	0.269683	0.252871	0.266489	0.263120	0.249049	0.243164	0.257608	0.278149	0.266848	0.251638	0.257377	0.261941	0.260417	0.258150	0.260163	0.252750	0.262890	0.266074	0.260184	0.258133	0.254636	0.263838	0.257348	0.261691	0.255126	0.259971	0.256374	0.266791	0.269568	0.243653	0.254271	0.256989	0.261956	0.000000	0.271592	0.257011	0.271275	0.269355	0.256587	0.259532	0.271888	0.260321	0.258824	0.267164	0.268691	0.263352	0.261860	0.262829	0.271390	0.263240	0.262260	0.266210	0.248081	0.260403	0.261574	0.251236	0.263573	0.283967	0.272576	0.257507	0.267260	0.275628	0.263922	0.268509	0.274084	0.269169	0.272062	0.266389	0.261230	0.253411	0.256424	0.277437	0.277542	0.262062	0.257154	0.269259	0.251213	0.256737	0.274682	0.232502	0.257599	0.248342	0.261639	0.265853	
0.275673	0.361233	0.269543	0.275576	0.295395	0.270692	0.341438	0.283928	0.281515	0.276815	0.279370	0.332126	0.278194	0.302791	0.271579	0.265622	0.262342	0.280947	0.275427	0.275043	0.281050	0.275448	0.291175	0.266242	0.288161	0.278900	0.276248	0.287091	0.276421	0.281652	0.279845	0.261060	0.276828	0.276309	0.302179	0.286086	0.289627	0.272391	0.273960	0.271592	0.000000	0.275906	0.271404	0.276113	0.269970	0.276421	0.260822	0.262534	0.266322	0.261508	0.269401	0.270047	0.270098	0.271688	0.259525	0.307975	0.261538	0.298805	0.274096	0.261369	0.266524	0.270690	0.268108	0.291587	0.270549	0.252490	0.272968	0.297116	0.270717	0.264542	0.267108	0.273659	0.279686	0.270294	0.283451	0.270369	0.264052	0.266750	0.315989	0.282795	0.275539	0.308566	0.287289	0.278045	0.260268	0.325455	0.276084	0.275726	0.263434	0.274972	
0.249630	0.246363	0.247985	0.248847	0.259813	0.258176	0.263919	0.252349	0.251718	0.263411	0.251849	0.239357	0.252694	0.276824	0.262020	0.258069	0.249088	0.259153	0.255975	0.252870	0.247097	0.252791	0.255686	0.250414	0.254112	0.250534	0.258387	0.257840	0.249498	0.253189	0.253394	0.249290	0.257402	0.258318	0.243590	0.251531	0.250879	0.251113	0.251372	0.257011	0.275906	0.000000	0.257394	0.263110	0.247450	0.261727	0.264630	0.270398	0.248609	0.253315	0.260876	0.259327	0.258006	0.257769	0.264537	0.256856	0.258460	0.252129	0.248614	0.255766	0.252384	0.260238	0.258169	0.260870	0.267449	0.255326	0.257834	0.249249	0.262849	0.261399	0.262013	0.257758	0.264861	0.259878	0.262176	0.248758	0.254467	0.257406	0.260125	0.252859	0.247749	0.262478	0.253258	0.263574	0.262274	0.240391	0.254819	0.251024	0.260927	0.259489	
0.260194	0.298618	0.259254	0.255441	0.268023	0.259247	0.283721	0.268083	0.269269	0.262683	0.261176	0.279966	0.260745	0.286029	0.269001	0.260754	0.253629	0.258972	0.256098	0.254459	0.258866	0.256639	0.263811	0.265259	0.265535	0.263401	0.253837	0.262684	0.266472	0.264880	0.268445	0.258899	0.266456	0.270027	0.271144	0.258378	0.270053	0.260603	0.258316	0.271275	0.271404	0.257394	0.000000	0.253244	0.257110	0.259486	0.275229	0.267073	0.253749	0.258433	0.260972	0.261322	0.266076	0.258904	0.259746	0.268739	0.258940	0.274200	0.258867	0.258896	0.267195	0.262225	0.254497	0.279968	0.264483	0.256553	0.265967	0.282200	0.268955	0.255777	0.272268	0.264482	0.270235	0.261208	0.252202	0.250000	0.259936	0.259807	0.286405	0.270903	0.258237	0.276990	0.264425	0.250376	0.266986	0.274238	0.255947	0.270700	0.279802	0.265736	
0.262191	0.265868	0.254083	0.255495	0.275870	0.253394	0.267934	0.255929	0.275272	0.256238	0.260512	0.271170	0.262233	0.281225	0.264051	0.256267	0.261642	0.265973	0.260429	0.262640	0.257074	0.252948	0.261949	0.268161	0.264978	0.267702	0.259610	0.256382	0.259988	0.257478	0.261712	0.252886	0.258754	0.258927	0.280717	0.267402	0.260095	0.267394	0.259023	0.269355	0.276113	0.263110	0.253244	0.000000	0.255261	0.258536	0.268156	0.267066	0.259933	0.255624	0.268188	0.263336	0.254229	0.267493	0.264964	0.271100	0.258392	0.264354	0.261154	0.263271	0.261431	0.260446	0.261619	0.273903	0.261675	0.258366	0.257495	0.262099	0.265669	0.261436	0.259271	0.262528	0.274054	0.254568	0.253942	0.257723	0.259462	0.269298	0.266308	0.274773	0.262028	0.268707	0.259901	0.249562	0.264154	0.257991	0.261659	0.259546	0.258515	0.261089	
0.241142	0.255792	0.240665	0.248740	0.254589	0.244161	0.234488	0.255251	0.253571	0.248583	0.254514	0.236422	0.257559	0.268232	0.258295	0.252219	0.252218	0.250000	0.246794	0.249293	0.239164	0.244688	0.259891	0.244330	0.251696	0.254969	0.249253	0.251326	0.249893	0.250374	0.248932	0.253072	0.253426	0.264157	0.258696	0.261199	0.263457	0.255724	0.254804	0.256587	0.269970	0.247450	0.257110	0.255261	0.000000	0.248065	0.269193	0.268734	0.243316	0.261312	0.256458	0.261027	0.257237	0.259275	0.259791	0.262708	0.252797	0.247041	0.246817	0.248473	0.253335	0.259108	0.251980	0.261973	0.255546	0.247481	0.254611	0.262190	0.262511	0.250459	0.257491	0.251448	0.259577	0.258648	0.256516	0.244624	0.251832	0.256941	0.267389	0.250234	0.251394	0.262449	0.249020	0.256062	0.260621	0.258339	0.264853	0.251831	0.273106	0.257030	
0.247841	0.260274	0.254832	0.252747	0.257923	0.246684	0.276169	0.255061	0.263881	0.254092	0.248899	0.252846	0.260976	0.272399	0.262909	0.259495	0.257122	0.249772	0.257940	0.254485	0.256414	0.252703	0.263484	0.255185	0.259084	0.257246	0.254692	0.262874	0.251890	0.257785	0.256466	0.255685	0.259610	0.266283	0.255102	0.257020	0.254200	0.257051	0.255677	0.259532	0.276421	0.261727	0.259486	0.258536	0.248065	0.000000	0.272492	0.276078	0.250000	0.262191	0.268102	0.260877	0.255988	0.259748	0.259437	0.267875	0.253158	0.269621	0.253587	0.250148	0.256838	0.253419	0.251750	0.267754	0.255821	0.251125	0.267198	0.272609	0.274565	0.262011	0.266106	0.263664	0.267000	0.258349	0.255193	0.253019	0.258540	0.261945	0.269545	0.263776	0.256330	0.278669	0.283951	0.265242	0.264450	0.254169	0.264687	0.263503	0.280986	0.263638	
0.284330	0.331507	0.259456	0.271232	0.276647	0.262274	0.324689	0.270520	0.276245	0.274050	0.275730	0.311243	0.281021	0.307349	0.280944	0.270022	0.261756	0.273488	0.270148	0.257854	0.261693	0.271973	0.275207	0.277631	0.263667	0.276190	0.272151	0.281101	0.267442	0.276556	0.276048	0.265996	0.278514	0.269321	0.292000	0.281879	0.287572	0.267979	0.273207	0.271888	0.260822	0.264630	0.275229	0.268156	0.269193	0.272492	0.000000	0.257280	0.268264	0.267761	0.268509	0.262215	0.270287	0.270555	0.266092	0.294421	0.267125	0.295259	0.273884	0.270488	0.272871	0.258235	0.258091	0.289483	0.268397	0.261252	0.274430	0.301075	0.281771	0.267114	0.271247	0.273805	0.276790	0.269075	0.275917	0.264520	0.277345	0.258807	0.300474	0.274623	0.268245	0.294421	0.291985	0.269608	0.265286	0.321850	0.271309	0.279778	0.279580	0.283851	
0.277265	0.338983	0.270384	0.272846	0.282282	0.276853	0.339141	0.270003	0.274757	0.274525	0.273441	0.320876	0.272614	0.296491	0.269014	0.266117	0.250325	0.266103	0.266419	0.265606	0.270901	0.266017	0.286374	0.285767	0.272976	0.268347	0.267857	0.277633	0.272842	0.281823	0.278294	0.259667	0.272028	0.270246	0.291848	0.280123	0.283527	0.269454	0.279791	0.260321	0.262534	0.270398	0.267073	0.267066	0.268734	0.276078	0.257280	0.000000	0.266165	0.270060	0.269799	0.261655	0.270679	0.268281	0.266414	0.286128	0.271387	0.294757	0.278893	0.263117	0.269030	0.256750	0.265247	0.289634	0.267787	0.257879	0.268243	0.277479	0.265126	0.260546	0.257969	0.262819	0.267786	0.251538	0.262133	0.264245	0.264676	0.250292	0.327210	0.275049	0.270410	0.279768	0.289734	0.268475	0.267794	0.298990	0.274777	0.290031	0.269319	0.272876	
0.249380	0.278622	0.248332	0.251679	0.258628	0.250707	0.287867	0.249227	0.254056	0.257507	0.255932	0.272199	0.261878	0.268284	0.261344	0.248794	0.254373	0.250982	0.246346	0.249858	0.245417	0.256437	0.256467	0.255955	0.259038	0.258613	0.255801	0.253636	0.254433	0.259349	0.252402	0.251543	0.253093	0.267854	0.255037	0.254518	0.255348	0.251766	0.258308	0.258824	0.266322	0.248609	0.253749	0.259933	0.243316	0.250000	0.268264	0.266165	0.000000	0.262890	0.261510	0.256763	0.260535	0.256539	0.255089	0.260386	0.248118	0.237199	0.252120	0.258050	0.257355	0.253192	0.249046	0.275781	0.248739	0.246554	0.256106	0.260813	0.264563	0.261549	0.262218	0.252489	0.262141	0.253968	0.253949	0.243802	0.256226	0.252724	0.270492	0.265996	0.248090	0.275904	0.253339	0.245205	0.254998	0.267114	0.263878	0.257161	0.267346	0.259512	
