0.952664	0.041271	-0.012071	0.006249	-0.025353	-0.005677	0.043928	-0.006908	-0.012078	-0.016776	-0.001483	0.021685	-0.023790	-0.016667	-0.004718	-0.043002	0.010816	-0.026347	-0.011082	-0.015007	-0.022154	-0.022043	-0.014993	-0.027341	-0.012031	0.004841	-0.015960	-0.015824	-0.027432	-0.017412	-0.022309	-0.018533	-0.023419	0.002457	0.003377	0.024641	-0.014734	-0.005684	-0.004439	0.018095	-0.031864	-0.031202	-0.020959	-0.024291	0.006017	-0.030246	-0.053348	-0.041269	0.004243	-0.012836	-0.040343	-0.027537	-0.026308	0.001654	-0.010555	0.011107	-0.010367	-0.017061	-0.024383	-0.008207	-0.011788	-0.022001	-0.014621	-0.016116	0.001501	-0.019526	-0.012428	-0.011573	-0.012691	-0.005513	-0.022972	-0.009984	-0.032612	-0.011166	-0.006934	0.013310	-0.021280	0.007179	-0.039132	-0.005355	0.004914	-0.009513	-0.002825	-0.014711	-0.013524	0.027201	-0.035896	0.003183	-0.008159	-0.014311	
0.041271	0.913698	0.040950	0.078748	0.075948	0.053888	0.127193	-0.009486	0.017143	-0.003545	-0.005094	0.079272	0.010541	0.062875	0.048891	0.002210	-0.030081	-0.036897	0.066423	0.017173	0.000100	-0.026535	-0.009467	0.042689	0.115292	0.003298	0.039085	-0.007043	0.075237	0.015556	0.021500	0.044419	0.045536	-0.098054	0.024277	0.061845	0.021752	0.005251	0.013956	-0.042721	-0.127489	-0.026126	-0.087094	0.018894	-0.018583	-0.023894	-0.079392	-0.188124	-0.029624	-0.023068	-0.048926	-0.129586	-0.005401	0.003824	-0.115084	0.086473	-0.110686	-0.046926	0.018825	-0.064483	-0.011451	-0.035336	0.005247	0.032704	-0.015253	-0.084861	-0.060950	-0.042975	-0.105007	-0.081440	-0.074655	-0.010991	-0.100287	-0.091473	0.009981	-0.008246	-0.048667	-0.093319	-0.113829	0.006284	0.071889	-0.042710	-0.054286	0.021822	-0.056945	0.093694	-0.090446	0.035618	-0.083236	-0.000587	
-0.012071	0.040950	0.913202	-0.021122	-0.009502	0.016093	0.022983	-0.009137	-0.026444	-0.014074	-0.017461	0.002231	0.004151	-0.036519	-0.031100	0.002886	-0.003953	0.003121	-0.006369	-0.022161	0.005498	-0.024246	-0.028893	0.005586	-0.022008	-0.014619	-0.039353	0.001560	-0.020129	0.015635	-0.005775	-0.015062	-0.020315	-0.013103	0.013885	-0.007145	0.014954	0.012143	-0.010094	-0.014449	-0.031545	-0.006349	-0.020802	-0.029338	-0.008139	-0.012424	-0.006990	-0.029107	-0.001990	-0.030232	-0.009935	-0.029273	-0.007655	-0.018207	-0.028921	0.007020	-0.023126	-0.035051	-0.014561	-0.010311	-0.004201	-0.019461	-0.000402	-0.027824	-0.011693	-0.022952	-0.012220	0.004195	-0.000784	-0.031829	-0.040473	-0.030420	-0.028223	-0.035347	0.014571	-0.005765	-0.011532	-0.033139	-0.007728	-0.011645	-0.001241	-0.017936	-0.032585	0.004180	-0.020326	-0.012706	-0.005213	-0.000860	-0.014528	-0.003338	
0.006249	0.078748	-0.021122	1.038609	-0.022594	-0.020278	0.044385	0.000565	0.002453	-0.017098	-0.003002	-0.010520	-0.014425	0.024248	0.007470	0.010208	-0.032201	-0.034507	0.006110	-0.033612	-0.010728	-0.002999	-0.002883	-0.028495	-0.012359	-0.025575	-0.017479	-0.038583	0.002740	-0.014497	-0.001527	-0.021307	-0.021406	-0.024491	-0.018811	-0.025213	-0.019199	-0.017517	-0.013498	0.014414	-0.030014	-0.006408	-0.014615	-0.025852	-0.023902	-0.021483	-0.012982	-0.021616	-0.015140	-0.020451	-0.024713	-0.008217	-0.027823	-0.013379	-0.002937	0.007948	-0.012053	-0.008603	-0.009337	-0.007000	-0.019572	-0.013021	-0.030273	0.007767	-0.013270	0.000943	-0.032228	-0.009869	-0.044454	-0.027450	-0.042117	-0.028836	-0.012845	-0.022649	0.000194	-0.014855	-0.001772	-0.024485	-0.030591	-0.006905	-0.022893	-0.031323	-0.008841	-0.013581	-0.007612	0.006438	0.008146	-0.011332	-0.011194	-0.012765	
-0.025353	0.075948	-0.009502	-0.022594	0.973983	0.024802	0.051461	0.014675	-0.016147	-0.000838	-0.006882	-0.015315	-0.008989	-0.004187	-0.005558	-0.015791	-0.011390	-0.018139	-0.019353	0.007717	-0.015988	-0.031804	-0.026545	-0.006014	-0.007827	-0.005118	-0.006378	-0.029916	0.002775	-0.007379	-0.018323	-0.028568	-0.019088	-0.005779	-0.006289	0.006016	0.000547	0.023289	-0.017852	-0.007218	-0.044944	-0.011292	-0.020995	-0.018655	-0.025313	-0.002945	-0.012121	-0.037277	-0.024323	0.004560	-0.016842	-0.038177	-0.009666	-0.021289	-0.057037	-0.006661	-0.020616	-0.035925	-0.019187	-0.030426	-0.005964	-0.000543	0.018844	-0.030231	-0.016595	-0.039274	-0.035296	-0.029180	-0.016023	-0.029949	-0.025916	-0.004945	-0.023539	-0.025697	0.006560	0.015360	-0.024049	-0.027447	-0.030517	-0.006929	-0.004906	-0.058838	-0.013019	0.010416	-0.013065	0.046803	-0.008702	-0.010680	-0.031032	-0.011102	
-0.005677	0.053888	0.016093	-0.020278	0.024802	0.959967	0.080645	0.000261	-0.022372	0.007419	0.002407	0.048940	0.003648	0.020914	-0.020309	-0.026837	-0.028167	0.003664	-0.019062	0.004747	-0.028945	-0.010576	-0.015982	-0.030279	-0.026044	-0.022358	-0.016874	0.018353	-0.017678	-0.015526	-0.019481	-0.009535	0.000260	-0.003805	0.009166	-0.007061	-0.009214	0.005756	-0.011998	0.011113	-0.025087	-0.015938	-0.009474	-0.015005	0.008829	-0.006431	0.002483	-0.048504	-0.017841	-0.035284	-0.017677	-0.032571	-0.008662	-0.022123	-0.028275	0.005841	-0.008256	-0.029208	-0.036803	-0.028812	-0.033250	-0.002092	-0.009609	-0.029610	-0.046730	-0.030774	-0.043046	-0.005741	-0.016118	0.007899	-0.021154	-0.000278	-0.036628	-0.045824	-0.011861	-0.021391	-0.003855	-0.035451	-0.028341	-0.030316	0.003719	-0.012547	-0.032174	0.026428	-0.024387	0.003620	-0.026434	0.023456	-0.028829	-0.015941	
0.043928	0.127193	0.022983	0.044385	0.051461	0.080645	0.986769	-0.005171	-0.027656	-0.048294	-0.005340	0.115570	-0.018384	-0.007496	-0.020236	0.021299	-0.055665	-0.005801	0.041793	0.027923	-0.006950	0.055035	0.028609	0.009446	0.001012	0.029235	-0.013887	0.004068	0.024777	0.009518	-0.021139	-0.004013	0.005560	-0.025936	0.022947	0.032725	-0.021005	0.002030	0.018311	0.010704	-0.133950	-0.036768	-0.006080	0.003476	0.018237	-0.010059	-0.123535	-0.133250	0.015022	-0.107919	-0.037306	-0.035122	0.043692	-0.062576	-0.096094	0.068012	-0.079897	-0.032257	0.001146	-0.020473	-0.024699	0.034945	0.025679	0.010013	-0.036038	-0.018538	-0.035709	-0.098857	-0.060350	-0.067672	-0.099779	-0.066521	-0.060791	-0.070856	-0.011872	-0.002547	-0.009908	-0.022557	-0.063502	0.012300	-0.014252	-0.039316	-0.035807	-0.028140	-0.073581	0.075861	-0.039407	0.004426	-0.043664	-0.005615	
-0.006908	-0.009486	-0.009137	0.000565	0.014675	0.000261	-0.005171	1.007599	0.019566	-0.025190	-0.011710	0.028145	-0.009637	-0.033747	-0.026428	0.060060	-0.032233	-0.009967	-0.013901	-0.008691	-0.015931	-0.003629	-0.006679	-0.025312	-0.009943	-0.002742	-0.008942	-0.018404	-0.027959	-0.004405	-0.003214	-0.005122	-0.021607	-0.011336	-0.010173	-0.005865	-0.001112	-0.019072	0.002775	-0.012726	-0.019865	-0.019084	-0.025469	-0.004949	-0.021977	-0.010322	-0.006164	-0.013918	-0.025432	0.003382	-0.023320	-0.010753	-0.051782	0.002855	-0.036770	-0.002610	-0.023995	-0.008107	-0.018536	-0.033429	-0.016257	-0.014358	-0.014527	0.009322	-0.016406	-0.010818	-0.025559	-0.022023	-0.022604	-0.023118	-0.046563	-0.033827	-0.029571	-0.023431	0.001585	0.006743	-0.009041	-0.053790	-0.048197	-0.026892	-0.007039	-0.032155	-0.004005	-0.013735	0.006420	0.000194	-0.020436	-0.007661	-0.020811	-0.003267	
-0.012078	0.017143	-0.026444	0.002453	-0.016147	-0.022372	-0.027656	0.019566	0.966070	-0.011325	-0.004634	-0.027284	0.017504	-0.039961	-0.014767	-0.011900	-0.006175	0.007049	-0.002351	-0.009485	-0.002830	-0.010242	-0.005562	0.001046	-0.004715	-0.016827	-0.037859	-0.001385	-0.007910	-0.005842	-0.014942	-0.026735	-0.014318	-0.018734	-0.022572	-0.031904	-0.007984	-0.007712	-0.029156	0.002224	-0.021408	0.009055	-0.017627	-0.014667	-0.020258	-0.022116	-0.032684	-0.021522	0.000258	-0.020770	-0.036880	-0.020807	-0.053112	-0.004272	-0.013666	-0.021334	-0.022469	0.013315	-0.004465	-0.031682	-0.007932	-0.011950	-0.005316	-0.001069	-0.026568	-0.019746	-0.012972	0.032620	0.015669	-0.019586	-0.050456	-0.011942	-0.010605	-0.019364	-0.009362	-0.023642	-0.022035	-0.013994	-0.012087	-0.008316	-0.018065	0.011646	-0.009827	-0.018005	-0.008597	0.000229	-0.024134	0.000503	-0.020395	-0.030853	
-0.016776	-0.003545	-0.014074	-0.017098	-0.000838	0.007419	-0.048294	-0.025190	-0.011325	1.014461	-0.008983	0.005117	-0.022576	-0.007012	-0.023880	-0.010048	-0.017233	-0.026600	-0.006551	0.006612	-0.009888	-0.018557	-0.010369	-0.028759	-0.000207	-0.033969	-0.035917	-0.017109	-0.011375	-0.007197	-0.028770	-0.017623	0.006780	-0.001877	-0.033430	0.001857	-0.012218	0.001056	-0.012065	-0.007021	-0.027723	-0.016918	-0.014296	0.018832	0.000208	-0.015162	-0.019884	-0.030424	-0.019234	-0.018719	-0.029986	-0.019984	-0.021392	-0.001673	-0.005133	-0.010261	-0.013904	-0.019164	-0.010149	-0.037639	0.004867	-0.021036	-0.014678	-0.006506	-0.011928	-0.049474	-0.004647	-0.041268	-0.001608	0.002345	-0.022054	-0.031459	-0.028606	-0.022282	-0.013554	-0.020180	-0.012935	-0.022492	-0.027377	-0.027774	-0.011566	0.012548	0.032508	-0.018177	-0.011885	0.008415	0.001592	-0.013754	0.003583	-0.013332	
-0.001483	-0.005094	-0.017461	-0.003002	-0.006882	0.002407	-0.005340	-0.011710	-0.004634	-0.008983	0.995938	0.026248	-0.017459	0.034673	-0.014869	-0.019163	-0.013006	-0.007513	-0.009187	-0.031308	-0.004787	-0.014474	0.000710	-0.015531	0.020680	0.001763	-0.028051	-0.021698	-0.012046	-0.005915	-0.015406	-0.019680	0.007284	-0.025955	-0.008541	-0.007141	-0.005692	-0.003858	-0.027274	-0.005811	-0.046303	-0.006412	0.000721	-0.013599	-0.020229	-0.022459	-0.016696	-0.046403	-0.026475	-0.038495	-0.014491	-0.033412	-0.003590	-0.028919	-0.009293	0.002410	-0.018321	-0.018856	-0.011460	-0.008054	-0.005873	-0.017960	-0.002568	0.014528	-0.013386	-0.033904	-0.004910	-0.004664	-0.047310	-0.041004	-0.014935	-0.023597	-0.040094	-0.034044	-0.001102	-0.002262	-0.014573	-0.026238	-0.010709	0.003812	-0.004578	0.001524	-0.035945	-0.005186	-0.029512	0.032818	-0.032090	0.026020	-0.037832	-0.019381	
0.021685	0.079272	0.002231	-0.010520	-0.015315	0.048940	0.115570	0.028145	-0.027284	0.005117	0.026248	1.017117	-0.000162	0.067828	-0.030745	0.002749	0.012996	0.017615	-0.020686	0.076694	-0.038377	0.062965	0.000076	-0.007466	0.018665	-0.029931	0.045168	0.001650	0.021402	0.005536	0.015673	0.007960	0.017922	-0.073846	0.076217	0.078363	-0.050727	-0.036852	-0.028897	0.044218	-0.140982	-0.041480	-0.043256	0.047899	0.003573	-0.005662	-0.071719	-0.164040	-0.004139	-0.046945	-0.031498	-0.052378	-0.031724	-0.049163	-0.063300	-0.010773	0.018759	-0.039389	0.011436	-0.013352	-0.049789	0.003977	0.026210	0.020503	0.003937	0.014694	-0.080249	-0.064378	-0.050957	-0.001497	-0.097337	-0.102168	-0.103391	-0.071680	-0.000815	-0.019521	-0.005221	-0.070140	-0.060528	-0.002637	0.004986	-0.025647	-0.035583	0.019496	-0.098145	0.078322	-0.022646	-0.073435	-0.029738	-0.003134	
-0.023790	0.010541	0.004151	-0.014425	-0.008989	0.003648	-0.018384	-0.009637	0.017504	-0.022576	-0.017459	-0.000162	1.002205	-0.005816	-0.004820	-0.018985	-0.003770	-0.006594	0.002404	-0.003325	-0.033862	-0.013748	-0.007530	-0.026081	-0.027711	-0.004387	-0.017386	-0.015719	-0.031875	-0.013350	-0.010992	-0.021440	-0.008367	-0.023150	-0.008505	-0.002720	0.007809	-0.024710	-0.015492	-0.013438	-0.034838	-0.016170	-0.005170	0.007353	-0.023450	-0.038854	-0.034557	-0.025323	-0.009990	-0.006737	-0.009836	-0.028791	-0.008557	-0.002060	-0.027683	0.005729	-0.037873	-0.011361	-0.024184	-0.002168	-0.019216	-0.029142	-0.024063	-0.020326	-0.018666	-0.021780	-0.004628	-0.005366	-0.008190	0.003077	-0.033245	-0.027088	-0.022473	-0.018698	-0.016372	-0.016500	-0.012643	-0.014810	-0.031939	-0.014196	-0.003438	-0.010127	0.000301	-0.000524	-0.005281	-0.019597	-0.015889	0.016076	0.006898	-0.010864	
-0.016667	0.062875	-0.036519	0.024248	-0.004187	0.020914	-0.007496	-0.033747	-0.039961	-0.007012	0.034673	0.067828	-0.005816	1.120380	-0.010849	-0.027497	-0.035173	0.048473	-0.005935	-0.020453	-0.035374	-0.028911	-0.014006	0.016653	-0.031589	-0.016102	-0.020487	-0.037830	-0.019326	-0.020407	-0.000712	-0.010947	-0.016263	-0.056559	-0.034564	-0.030566	-0.002607	-0.029807	-0.008753	-0.005301	-0.043378	-0.002818	-0.064984	0.044733	-0.040330	0.012419	-0.071739	-0.024919	0.001859	-0.037693	-0.040061	-0.021712	-0.003371	-0.062416	-0.027136	-0.007783	-0.030342	-0.045190	-0.006693	-0.038233	-0.046015	-0.028548	-0.038770	-0.036067	-0.001439	-0.029735	-0.031052	-0.002025	-0.018049	-0.016326	0.021563	-0.022845	0.000403	-0.003359	0.009686	0.001464	0.012851	-0.019093	-0.005934	0.014477	-0.015651	-0.013039	0.003712	-0.017995	-0.020700	0.017630	-0.014318	0.011527	-0.012300	-0.020393	
-0.004718	0.048891	-0.031100	0.007470	-0.005558	-0.020309	-0.020236	-0.026428	-0.014767	-0.023880	-0.014869	-0.030745	-0.004820	-0.010849	1.010804	-0.012644	-0.017869	-0.019644	-0.007474	-0.009828	-0.010058	-0.011225	-0.029091	-0.036382	-0.004404	-0.017625	0.006497	-0.018205	-0.013550	-0.021433	-0.033386	-0.030151	-0.005151	-0.006336	-0.016126	-0.029666	0.013823	-0.015116	-0.036791	-0.000875	0.001564	-0.005307	-0.009040	-0.020532	-0.031327	-0.014842	-0.017581	0.019260	-0.015881	-0.011709	-0.012304	0.018916	0.004349	-0.014009	0.001184	-0.019232	-0.004020	-0.016184	-0.019971	0.001972	-0.007722	-0.006613	-0.019158	-0.004097	-0.023306	-0.035777	-0.022759	0.011178	-0.035771	-0.026226	-0.010858	-0.022706	-0.019237	-0.016924	-0.013443	-0.017682	-0.015880	-0.002671	-0.007747	-0.035869	-0.020227	-0.010948	-0.020173	0.006169	-0.022888	-0.023864	-0.014518	-0.015164	0.005380	-0.021174	
-0.043002	0.002210	0.002886	0.010208	-0.015791	-0.026837	0.021299	0.060060	-0.011900	-0.010048	-0.019163	0.002749	-0.018985	-0.027497	-0.012644	1.019346	-0.024978	-0.005019	-0.010623	-0.025438	0.001968	-0.023690	-0.020570	-0.008411	-0.017707	-0.014398	-0.023729	-0.019955	-0.037959	-0.005000	0.003483	-0.033644	-0.000354	-0.016293	-0.016538	-0.013049	-0.011720	-0.031237	-0.017670	-0.028182	-0.003992	-0.004513	-0.017369	-0.007227	-0.016240	-0.018761	-0.011307	-0.026247	0.004718	-0.007069	-0.013017	-0.016391	-0.011576	-0.031890	-0.012008	-0.024648	-0.011317	-0.023399	-0.012451	-0.029718	-0.015512	-0.028099	-0.009641	0.015812	0.005123	0.003859	-0.027873	-0.015944	-0.012804	-0.025539	-0.037728	-0.016099	-0.013608	-0.015005	-0.004263	-0.004713	-0.016665	-0.008411	0.000396	-0.025928	-0.024273	-0.002314	-0.028792	-0.015258	-0.025286	0.005894	-0.015593	-0.030496	-0.017015	-0.015330	
0.010816	-0.030081	-0.003953	-0.032201	-0.011390	-0.028167	-0.055665	-0.032233	-0.006175	-0.017233	-0.013006	0.012996	-0.003770	-0.035173	-0.017869	-0.024978	1.000553	-0.043187	-0.021950	-0.024041	-0.023380	-0.026097	-0.015817	-0.004959	-0.018556	-0.032027	-0.037574	-0.023949	-0.031019	-0.031570	-0.021533	-0.023579	-0.018474	-0.026964	-0.042425	-0.015213	-0.037682	0.008966	0.009687	-0.018987	-0.001426	0.006729	-0.006110	-0.005950	-0.007206	-0.001003	-0.022206	0.001401	-0.041758	-0.016372	-0.011721	-0.006719	0.007347	-0.012853	-0.004890	-0.005120	0.018052	0.011261	-0.020676	-0.008514	-0.024972	-0.013917	-0.021871	-0.033537	0.000260	0.006389	-0.002001	-0.015661	-0.015047	-0.015768	-0.010172	-0.013589	0.010284	-0.006027	-0.026995	-0.008133	-0.004999	-0.019480	0.000825	-0.006055	-0.022530	0.017076	0.012444	0.001574	-0.000221	-0.036898	-0.020992	-0.029634	-0.014765	-0.008750	
-0.026347	-0.036897	0.003121	-0.034507	-0.018139	0.003664	-0.005801	-0.009967	0.007049	-0.026600	-0.007513	0.017615	-0.006594	0.048473	-0.019644	-0.005019	-0.043187	1.007682	-0.003338	0.009910	-0.004337	0.001932	-0.008888	-0.005205	0.006590	-0.000360	-0.002074	-0.030994	0.011843	-0.008452	-0.008022	-0.027570	-0.012681	-0.006943	0.008909	-0.021907	-0.042712	-0.027014	-0.024062	-0.022817	-0.049890	-0.016916	-0.016904	-0.027156	-0.014736	-0.005969	-0.044173	-0.005320	-0.001784	-0.001550	-0.043316	-0.025965	-0.022714	-0.041841	-0.029577	-0.013809	-0.021774	-0.012775	0.010060	-0.017004	-0.008556	-0.003694	-0.007841	-0.026570	-0.013396	-0.010757	-0.015208	-0.027934	-0.000973	-0.020872	-0.015672	-0.032945	-0.008046	-0.010212	0.002607	-0.005215	-0.022931	-0.024777	-0.032199	-0.022595	-0.005485	0.005184	-0.011351	-0.005938	-0.018978	-0.001185	-0.019836	-0.024205	-0.008721	-0.020564	
-0.011082	0.066423	-0.006369	0.006110	-0.019353	-0.019062	0.041793	-0.013901	-0.002351	-0.006551	-0.009187	-0.020686	0.002404	-0.005935	-0.007474	-0.010623	-0.021950	-0.003338	0.926727	-0.009648	-0.003826	-0.010663	0.000030	-0.008398	0.004902	0.016503	0.000806	0.002806	-0.001093	-0.001794	0.008475	-0.015374	-0.005490	0.000729	-0.030617	0.020909	-0.003562	-0.021850	-0.021786	-0.018158	-0.050796	-0.015596	-0.016858	-0.031525	-0.030386	-0.024885	-0.029997	-0.056479	-0.027953	-0.020738	-0.038610	-0.021190	-0.009262	-0.032423	-0.026542	-0.020571	-0.016791	-0.000351	-0.010862	-0.009279	-0.011738	-0.001915	-0.008001	0.028334	-0.025047	-0.031216	-0.036471	-0.006408	-0.006922	-0.010196	-0.034898	-0.025093	0.004714	-0.021576	-0.011712	-0.006225	-0.009912	-0.025018	-0.026285	-0.008148	0.005651	-0.044154	-0.016333	-0.013931	-0.018249	-0.013210	-0.018152	-0.010108	-0.023922	-0.013448	
-0.015007	0.017173	-0.022161	-0.033612	0.007717	0.004747	0.027923	-0.008691	-0.009485	0.006612	-0.031308	0.076694	-0.003325	-0.020453	-0.009828	-0.025438	-0.024041	0.009910	-0.009648	0.953519	-0.012482	-0.002741	0.017648	0.007593	0.001653	0.004840	0.002352	-0.004095	0.004009	-0.007318	-0.006364	-0.027511	-0.000187	-0.003973	0.007964	0.007918	-0.009420	-0.027020	-0.028032	-0.027350	-0.055952	-0.030992	-0.016112	-0.040977	-0.024768	-0.020106	-0.007197	-0.035688	-0.010540	-0.011265	0.000687	-0.031586	-0.015574	-0.025242	-0.027247	0.014952	-0.015886	0.005374	-0.021087	-0.019992	-0.002002	-0.000381	0.001790	0.012103	-0.016457	-0.000796	-0.016573	0.005767	-0.018968	-0.026221	-0.020761	-0.019849	-0.033799	0.009930	-0.030362	-0.021662	-0.009296	-0.031625	-0.027468	-0.021083	-0.009934	-0.005721	-0.026716	-0.039382	-0.027108	0.014829	-0.025716	-0.014177	-0.024838	-0.007826	
-0.022154	0.000100	0.005498	-0.010728	-0.015988	-0.028945	-0.006950	-0.015931	-0.002830	-0.009888	-0.004787	-0.038377	-0.033862	-0.035374	-0.010058	0.001968	-0.023380	-0.004337	-0.003826	-0.012482	0.960736	-0.014338	0.011613	0.004961	-0.001626	0.003946	-0.013311	-0.013488	0.009449	0.000161	-0.004769	-0.023709	-0.018159	0.004949	0.005088	-0.010279	-0.001246	-0.000609	-0.015542	-0.040523	-0.032074	-0.019975	-0.035548	-0.022271	-0.009665	-0.034553	-0.009864	-0.021948	-0.008101	-0.017636	-0.021796	-0.018839	-0.028693	-0.038086	-0.017163	0.008946	-0.028908	0.014133	0.012791	-0.031719	-0.010104	-0.001310	0.000439	-0.030752	-0.016566	-0.000005	-0.009285	-0.010063	-0.003686	-0.003354	-0.018394	-0.018130	0.013174	-0.002584	0.011397	-0.006907	-0.011367	-0.036768	-0.018728	-0.036673	-0.016790	-0.037295	-0.050550	-0.032494	-0.021285	-0.036008	-0.027963	-0.028782	-0.021523	-0.014730	
-0.022043	-0.026535	-0.024246	-0.002999	-0.031804	-0.010576	0.055035	-0.003629	-0.010242	-0.018557	-0.014474	0.062965	-0.013748	-0.028911	-0.011225	-0.023690	-0.026097	0.001932	-0.010663	-0.002741	-0.014338	0.973289	-0.001957	-0.001698	0.004573	0.006231	0.017530	-0.003101	-0.015764	0.012224	-0.006587	-0.005779	0.004178	-0.015286	-0.000930	-0.018060	0.011721	-0.016272	-0.024681	-0.005913	-0.021478	-0.024163	0.004716	-0.009357	0.017768	-0.004160	-0.044268	-0.041751	-0.029016	-0.033710	-0.029576	-0.027702	-0.036094	-0.020033	-0.052448	-0.008807	0.023875	-0.049903	-0.009280	-0.009954	-0.004708	-0.000760	-0.043133	0.007187	-0.023604	-0.011680	-0.031625	-0.001197	-0.003366	-0.016756	-0.004833	-0.020044	-0.028174	-0.033512	-0.012187	-0.026846	-0.015658	-0.010784	-0.020670	0.008887	-0.017012	-0.015739	-0.029085	-0.006528	-0.026553	0.046024	-0.022432	-0.023047	-0.024457	-0.031877	
-0.014993	-0.009467	-0.028893	-0.002883	-0.026545	-0.015982	0.028609	-0.006679	-0.005562	-0.010369	0.000710	0.000076	-0.007530	-0.014006	-0.029091	-0.020570	-0.015817	-0.008888	0.000030	0.017648	0.011613	-0.001957	0.977232	0.006264	-0.007881	-0.002858	0.008989	0.000920	-0.013649	-0.003014	-0.022272	-0.009618	-0.007571	-0.011362	0.012554	0.007823	0.000563	-0.019220	-0.014413	0.002023	-0.054622	-0.027129	-0.026160	-0.002805	-0.021776	-0.020400	-0.019079	-0.041282	-0.002496	0.001798	-0.023293	-0.042902	-0.038923	-0.012705	-0.030008	0.004762	0.004050	0.000410	-0.020863	-0.007707	0.006231	-0.025977	-0.010127	-0.003880	-0.005679	-0.013839	-0.022393	-0.002773	-0.011788	-0.026821	-0.034865	-0.029457	-0.023407	-0.010803	-0.027467	-0.025614	-0.022071	-0.021848	-0.023356	0.004981	-0.007331	-0.056173	-0.050681	-0.007217	-0.044207	0.028635	-0.019632	-0.014090	-0.026873	-0.011126	
-0.027341	0.042689	0.005586	-0.028495	-0.006014	-0.030279	0.009446	-0.025312	0.001046	-0.028759	-0.015531	-0.007466	-0.026081	0.016653	-0.036382	-0.008411	-0.004959	-0.005205	-0.008398	0.007593	0.004961	-0.001698	0.006264	1.004422	-0.010012	-0.014627	0.005603	-0.031727	-0.004498	-0.019532	-0.001182	0.014383	-0.011021	-0.016778	0.028742	-0.014731	-0.022242	-0.013307	0.010688	-0.017725	-0.017377	0.000239	-0.028067	-0.034426	0.018048	-0.013180	-0.055857	-0.056786	-0.026279	-0.022705	-0.012898	-0.059308	-0.019651	-0.003107	-0.031300	-0.034525	-0.011568	-0.033082	0.005277	-0.032177	-0.008933	-0.022928	-0.024157	-0.006323	0.007911	0.000992	-0.032618	0.020403	-0.003051	-0.008826	-0.004794	-0.019829	-0.017590	-0.034245	0.007624	-0.022283	-0.019117	-0.026154	-0.026495	-0.000693	0.017887	-0.046322	-0.017564	-0.007147	-0.023757	-0.015476	-0.017105	-0.038558	-0.030862	-0.016755	
-0.012031	0.115292	-0.022008	-0.012359	-0.007827	-0.026044	0.001012	-0.009943	-0.004715	-0.000207	0.020680	0.018665	-0.027711	-0.031589	-0.004404	-0.017707	-0.018556	0.006590	0.004902	0.001653	-0.001626	0.004573	-0.007881	-0.010012	0.965041	-0.007065	-0.014881	0.004910	-0.014100	-0.000205	0.001929	-0.022912	-0.019922	-0.027437	-0.025036	0.020080	0.008400	-0.006450	-0.024545	-0.042087	-0.011661	-0.000594	-0.032683	0.000956	-0.000285	-0.015893	-0.005198	-0.018747	-0.024431	-0.032309	-0.026016	-0.024725	-0.011824	-0.012435	-0.017283	0.006637	-0.010355	-0.000560	0.002479	-0.016340	0.013791	-0.007913	-0.023287	-0.015170	-0.015336	-0.023814	-0.008524	-0.029550	-0.023903	-0.018649	-0.002535	-0.006876	-0.022392	-0.022603	-0.013808	-0.024292	-0.033481	-0.021954	-0.023252	-0.016926	-0.016146	-0.072405	-0.020809	-0.018076	-0.031502	-0.013409	-0.031872	-0.033639	-0.033193	-0.039209	
0.004841	0.003298	-0.014619	-0.025575	-0.005118	-0.022358	0.029235	-0.002742	-0.016827	-0.033969	0.001763	-0.029931	-0.004387	-0.016102	-0.017625	-0.014398	-0.032027	-0.000360	0.016503	0.004840	0.003946	0.006231	-0.002858	-0.014627	-0.007065	0.921184	0.021868	0.002558	0.012453	0.003785	-0.025040	0.011540	0.018608	-0.017650	0.014887	0.001575	0.006303	-0.026180	-0.015268	-0.010431	-0.025424	-0.019763	-0.023650	-0.040143	-0.021396	-0.021256	-0.026820	-0.018116	-0.021290	-0.002139	-0.038110	-0.029939	-0.025497	-0.019501	-0.023931	-0.001554	-0.020024	-0.016777	0.003769	-0.012218	-0.023609	-0.011087	0.001772	-0.037592	-0.017458	-0.027309	-0.018168	-0.015288	-0.017821	0.008437	0.011675	-0.031102	-0.016366	-0.025220	-0.020652	-0.000174	-0.019517	-0.029994	-0.013274	-0.017301	-0.009985	-0.041036	-0.038788	-0.022647	-0.019169	0.024750	-0.020289	-0.027268	-0.040754	-0.020044	
-0.015960	0.039085	-0.039353	-0.017479	-0.006378	-0.016874	-0.013887	-0.008942	-0.037859	-0.035917	-0.028051	0.045168	-0.017386	-0.020487	0.006497	-0.023729	-0.037574	-0.002074	0.000806	0.002352	-0.013311	0.017530	0.008989	0.005603	-0.014881	0.021868	0.994646	0.000480	0.001704	0.016609	-0.005262	0.021903	0.003629	0.014345	0.028584	0.020183	0.001122	-0.026874	-0.008275	-0.017805	-0.024680	-0.017777	-0.022424	-0.019196	-0.012398	0.002826	-0.026492	-0.022495	-0.034579	-0.025762	-0.046416	-0.029453	-0.028466	0.002321	-0.038441	-0.010384	-0.011668	-0.066993	-0.022694	-0.003718	-0.025542	0.003022	-0.028888	0.021885	-0.017396	-0.018208	-0.025181	-0.014494	-0.020746	-0.012565	-0.017536	-0.015738	-0.036033	-0.017833	-0.007585	-0.006231	-0.027315	-0.035281	-0.021353	-0.000587	-0.024963	-0.053336	-0.011761	0.004492	-0.039318	0.024735	-0.019068	-0.009414	-0.018617	-0.039127	
-0.015824	-0.007043	0.001560	-0.038583	-0.029916	0.018353	0.004068	-0.018404	-0.001385	-0.017109	-0.021698	0.001650	-0.015719	-0.037830	-0.018205	-0.019955	-0.023949	-0.030994	0.002806	-0.004095	-0.013488	-0.003101	0.000920	-0.031727	0.004910	0.002558	0.000480	0.954143	0.000566	0.006854	0.012080	-0.012152	-0.012867	0.015977	0.006041	0.003922	0.024308	-0.003954	-0.030050	-0.014765	-0.051913	-0.032482	-0.026227	-0.004171	-0.001326	-0.009201	-0.027406	-0.049070	-0.008366	-0.017937	-0.036107	-0.007735	-0.015037	-0.012264	-0.015401	0.004527	-0.006040	-0.001972	0.004374	-0.005849	-0.020374	-0.010201	-0.013043	-0.000808	-0.015773	-0.035346	-0.012768	-0.016280	-0.003377	-0.035474	-0.023063	-0.009063	-0.007845	-0.022355	-0.007447	-0.023448	-0.029885	-0.005003	-0.027995	0.000582	-0.014089	-0.054148	-0.024987	-0.032976	-0.025515	0.038516	-0.024374	-0.008467	-0.013994	-0.035944	
-0.027432	0.075237	-0.020129	0.002740	0.002775	-0.017678	0.024777	-0.027959	-0.007910	-0.011375	-0.012046	0.021402	-0.031875	-0.019326	-0.013550	-0.037959	-0.031019	0.011843	-0.001093	0.004009	0.009449	-0.015764	-0.013649	-0.004498	-0.014100	0.012453	0.001704	0.000566	0.997022	0.019602	0.007540	-0.022247	0.010170	-0.002213	0.017259	-0.008843	0.014061	-0.024523	0.002087	-0.004240	-0.054331	-0.018524	-0.035185	-0.023663	-0.018735	-0.025204	-0.028021	-0.042164	-0.020527	-0.006815	-0.035953	-0.025747	-0.022855	-0.047334	-0.023688	0.004209	-0.006284	-0.019924	0.000377	0.011597	-0.006737	-0.000214	0.001028	-0.026833	-0.008597	-0.030119	-0.018948	-0.023308	-0.011767	-0.024274	-0.022748	-0.020391	-0.021387	-0.023723	-0.014196	-0.000009	-0.030755	-0.018149	-0.024561	0.000842	-0.005205	-0.039103	-0.048013	-0.030105	-0.029484	-0.039109	-0.034399	-0.018079	-0.014215	-0.008258	
-0.017412	0.015556	0.015635	-0.014497	-0.007379	-0.015526	0.009518	-0.004405	-0.005842	-0.007197	-0.005915	0.005536	-0.013350	-0.020407	-0.021433	-0.005000	-0.031570	-0.008452	-0.001794	-0.007318	0.000161	0.012224	-0.003014	-0.019532	-0.000205	0.003785	0.016609	0.006854	0.019602	0.971779	-0.007460	-0.004852	-0.021000	0.031485	0.012116	-0.001779	0.014661	-0.024404	-0.009464	-0.027157	-0.063258	-0.018080	-0.023463	-0.018208	-0.008533	-0.031353	-0.021224	-0.039324	-0.014061	-0.033248	0.002430	-0.023302	-0.007484	-0.035132	-0.029413	-0.002845	-0.021553	-0.005593	-0.010871	0.003733	0.002879	-0.018503	-0.015864	-0.013678	-0.015232	-0.020321	-0.010094	-0.064786	-0.027466	-0.024061	-0.004763	-0.027440	-0.030902	-0.021166	-0.015794	-0.017220	-0.009821	-0.048842	-0.019826	-0.018907	-0.018459	-0.015162	-0.024372	-0.029180	-0.028478	0.009830	-0.044051	-0.009318	-0.031453	-0.016620	
-0.022309	0.021500	-0.005775	-0.001527	-0.018323	-0.019481	-0.021139	-0.003214	-0.014942	-0.028770	-0.015406	0.015673	-0.010992	-0.000712	-0.033386	0.003483	-0.021533	-0.008022	0.008475	-0.006364	-0.004769	-0.006587	-0.022272	-0.001182	0.001929	-0.025040	-0.005262	0.012080	0.007540	-0.007460	0.982869	-0.010612	-0.011539	-0.029152	-0.008685	0.014726	0.002580	-0.019164	-0.005827	-0.006575	-0.038404	-0.023888	-0.036844	-0.009614	-0.014196	-0.016293	-0.039712	-0.045500	-0.009308	0.003452	-0.033518	-0.054937	-0.013138	-0.016690	-0.046164	0.000216	-0.007698	0.022249	-0.002935	-0.003059	-0.009610	-0.024014	-0.003625	-0.002778	-0.006799	0.001265	-0.010400	-0.041155	-0.007284	-0.026913	-0.024841	-0.012715	-0.005797	-0.006935	-0.000292	-0.001874	-0.019216	-0.021059	-0.004118	-0.034002	-0.026680	-0.039927	-0.029630	-0.025411	-0.024241	0.001851	-0.004533	-0.021347	-0.040356	-0.020744	
-0.018533	0.044419	-0.015062	-0.021307	-0.028568	-0.009535	-0.004013	-0.005122	-0.026735	-0.017623	-0.019680	0.007960	-0.021440	-0.010947	-0.030151	-0.033644	-0.023579	-0.027570	-0.015374	-0.027511	-0.023709	-0.005779	-0.009618	0.014383	-0.022912	0.011540	0.021903	-0.012152	-0.022247	-0.004852	-0.010612	0.961904	0.021729	-0.006575	0.010571	-0.005449	0.011684	-0.015460	-0.015451	-0.023148	0.009094	-0.021501	-0.008337	-0.007818	-0.013997	-0.020152	-0.008811	-0.028156	-0.034550	-0.008102	-0.049210	-0.028445	-0.036906	-0.030580	-0.022896	-0.025471	0.011997	0.006926	-0.000272	-0.009212	-0.032284	-0.004611	-0.013305	0.017723	0.009037	-0.007303	-0.015025	-0.024896	-0.012358	0.010401	0.006454	-0.014706	-0.002157	-0.020611	-0.004863	-0.011957	-0.031804	-0.010219	-0.015456	-0.026688	-0.003596	-0.041975	0.002614	-0.018325	-0.030901	0.016821	-0.016152	-0.006406	-0.002928	-0.023423	
-0.023419	0.045536	-0.020315	-0.021406	-0.019088	0.000260	0.005560	-0.021607	-0.014318	0.006780	0.007284	0.017922	-0.008367	-0.016263	-0.005151	-0.000354	-0.018474	-0.012681	-0.005490	-0.000187	-0.018159	0.004178	-0.007571	-0.011021	-0.019922	0.018608	0.003629	-0.012867	0.010170	-0.021000	-0.011539	0.021729	0.968977	-0.003847	-0.014373	0.008227	-0.012952	-0.010811	-0.008763	-0.023661	-0.033450	-0.018328	-0.017766	-0.011126	-0.013198	-0.012995	-0.043997	-0.030594	-0.022939	-0.009715	-0.042858	-0.015501	-0.015282	-0.017036	-0.012549	-0.016978	-0.041901	0.001628	-0.004302	-0.023713	-0.040392	-0.003241	-0.010936	0.003373	-0.005043	-0.015806	-0.005035	-0.036334	-0.027813	-0.001344	0.007214	-0.038862	-0.027380	-0.003773	-0.024880	-0.016955	-0.020181	-0.021128	-0.016605	-0.024120	-0.022167	-0.018798	-0.018197	-0.013616	-0.029233	-0.028216	-0.016388	-0.017374	-0.014697	-0.029934	
0.002457	-0.098054	-0.013103	-0.024491	-0.005779	-0.003805	-0.025936	-0.011336	-0.018734	-0.001877	-0.025955	-0.073846	-0.023150	-0.056559	-0.006336	-0.016293	-0.026964	-0.006943	0.000729	-0.003973	0.004949	-0.015286	-0.011362	-0.016778	-0.027437	-0.017650	0.014345	0.015977	-0.002213	0.031485	-0.029152	-0.006575	-0.003847	1.010980	-0.010392	-0.020985	-0.011376	-0.033913	-0.047314	-0.003427	-0.015312	-0.003761	-0.034003	-0.010177	-0.025159	-0.030468	-0.015685	-0.011265	-0.043325	-0.031678	0.003493	-0.027769	-0.027138	-0.030204	-0.008476	-0.015807	0.013141	-0.006369	-0.017638	-0.022728	-0.021960	-0.009182	-0.030312	-0.017075	-0.015289	0.002079	-0.007972	0.000201	0.010583	-0.015507	0.001197	0.005882	0.009830	-0.008628	-0.010412	-0.005694	-0.029128	-0.004280	-0.001362	-0.019298	-0.036046	0.013493	-0.000864	-0.050307	-0.024521	-0.068366	-0.014011	-0.020291	-0.001886	-0.040042	
0.003377	0.024277	0.013885	-0.018811	-0.006289	0.009166	0.022947	-0.010173	-0.022572	-0.033430	-0.008541	0.076217	-0.008505	-0.034564	-0.016126	-0.016538	-0.042425	0.008909	-0.030617	0.007964	0.005088	-0.000930	0.012554	0.028742	-0.025036	0.014887	0.028584	0.006041	0.017259	0.012116	-0.008685	0.010571	-0.014373	-0.010392	1.023667	0.003311	0.010313	0.004177	0.008648	-0.033634	-0.042818	0.015238	-0.023404	-0.026587	-0.042012	0.004140	-0.013515	-0.056643	-0.007782	-0.053113	-0.027276	-0.022115	-0.004486	-0.033509	-0.044954	-0.028083	-0.025082	0.020049	-0.017428	-0.021422	0.004150	-0.009821	0.007682	-0.029499	-0.022472	-0.017059	-0.017688	-0.028878	-0.031730	-0.056382	-0.050194	-0.048901	-0.049354	-0.032993	-0.015468	0.001909	-0.030219	-0.030257	-0.014160	0.005053	-0.007477	-0.076582	-0.030121	-0.033095	-0.025157	0.018755	-0.030632	0.020867	-0.048186	-0.039956	
0.024641	0.061845	-0.007145	-0.025213	0.006016	-0.007061	0.032725	-0.005865	-0.031904	0.001857	-0.007141	0.078363	-0.002720	-0.030566	-0.029666	-0.013049	-0.015213	-0.021907	0.020909	0.007918	-0.010279	-0.018060	0.007823	-0.014731	0.020080	0.001575	0.020183	0.003922	-0.008843	-0.001779	0.014726	-0.005449	0.008227	-0.020985	0.003311	0.938706	-0.001619	-0.008325	-0.000322	-0.006892	-0.050093	-0.007121	0.000344	-0.022459	-0.019304	-0.008707	-0.028371	-0.036082	-0.032910	-0.015496	-0.033250	-0.022819	-0.016456	-0.011666	-0.028429	-0.023790	-0.009663	-0.022159	0.016061	-0.010170	-0.014574	-0.011646	-0.025529	0.009915	-0.009527	-0.015767	-0.029080	-0.032680	-0.031101	-0.008208	-0.018009	-0.058223	-0.019499	-0.033228	-0.020529	-0.004335	-0.019537	-0.026821	-0.029531	-0.020056	-0.008975	-0.013982	-0.060244	-0.027162	-0.046662	0.006021	-0.030640	-0.028656	-0.038796	-0.028078	
-0.014734	0.021752	0.014954	-0.019199	0.000547	-0.009214	-0.021005	-0.001112	-0.007984	-0.012218	-0.005692	-0.050727	0.007809	-0.002607	0.013823	-0.011720	-0.037682	-0.042712	-0.003562	-0.009420	-0.001246	0.011721	0.000563	-0.022242	0.008400	0.006303	0.001122	0.024308	0.014061	0.014661	0.002580	0.011684	-0.012952	-0.011376	0.010313	-0.001619	0.971162	-0.044459	0.001805	-0.007097	-0.062677	-0.021547	-0.028152	-0.018910	-0.047875	-0.011752	-0.022778	-0.061605	-0.042328	-0.022670	-0.035654	-0.031557	-0.027480	-0.019503	-0.035306	0.020910	-0.000724	-0.020354	-0.006381	-0.024868	0.012443	-0.034545	0.005907	-0.029454	-0.008420	-0.020922	-0.018753	-0.010735	0.004068	-0.002631	0.002743	-0.025671	-0.000200	-0.019333	-0.027885	-0.027415	-0.048701	-0.012671	-0.032309	-0.008646	-0.006028	-0.063193	-0.014370	-0.021886	-0.050248	0.015489	-0.022241	-0.037227	-0.029104	0.013749	
-0.005684	0.005251	0.012143	-0.017517	0.023289	0.005756	0.002030	-0.019072	-0.007712	0.001056	-0.003858	-0.036852	-0.024710	-0.029807	-0.015116	-0.031237	0.008966	-0.027014	-0.021850	-0.027020	-0.000609	-0.016272	-0.019220	-0.013307	-0.006450	-0.026180	-0.026874	-0.003954	-0.024523	-0.024404	-0.019164	-0.015460	-0.010811	-0.033913	0.004177	-0.008325	-0.044459	1.037184	0.009794	0.010342	-0.014870	-0.014163	-0.019145	-0.023495	-0.005044	-0.007135	-0.027480	-0.022735	-0.019884	-0.022455	-0.005567	-0.006169	-0.008021	0.000805	-0.027508	-0.034696	-0.021635	-0.015572	-0.008811	-0.021357	-0.016398	-0.040242	-0.015201	-0.008663	-0.024740	-0.004839	-0.017686	-0.013989	-0.015052	-0.026739	-0.030626	-0.026050	-0.027867	-0.010396	-0.025107	-0.003602	-0.001737	-0.013169	-0.013424	-0.007006	-0.008103	-0.009598	-0.026955	-0.010421	-0.026890	0.015837	-0.012624	0.001522	-0.030040	-0.006339	
-0.004439	0.013956	-0.010094	-0.013498	-0.017852	-0.011998	0.018311	0.002775	-0.029156	-0.012065	-0.027274	-0.028897	-0.015492	-0.008753	-0.036791	-0.017670	0.009687	-0.024062	-0.021786	-0.028032	-0.015542	-0.024681	-0.014413	0.010688	-0.024545	-0.015268	-0.008275	-0.030050	0.002087	-0.009464	-0.005827	-0.015451	-0.008763	-0.047314	0.008648	-0.000322	0.001805	0.009794	0.971167	-0.001005	-0.025901	0.000626	-0.006825	-0.006608	-0.003321	-0.015985	-0.016509	-0.053633	-0.016238	-0.012527	-0.014204	-0.025683	-0.000184	-0.024468	-0.031690	-0.024177	0.009445	-0.001361	-0.018945	-0.008958	-0.025314	-0.022191	-0.013490	0.031759	-0.016716	-0.013192	-0.009022	-0.047033	-0.020260	-0.028366	-0.019075	-0.019125	-0.020074	-0.040869	-0.035831	0.006969	-0.021014	0.019211	-0.030307	-0.014075	0.004887	0.015109	-0.008464	0.001466	-0.003480	0.016318	-0.013814	0.001914	-0.036827	0.000313	
0.018095	-0.042721	-0.014449	0.014414	-0.007218	0.011113	0.010704	-0.012726	0.002224	-0.007021	-0.005811	0.044218	-0.013438	-0.005301	-0.000875	-0.028182	-0.018987	-0.022817	-0.018158	-0.027350	-0.040523	-0.005913	0.002023	-0.017725	-0.042087	-0.010431	-0.017805	-0.014765	-0.004240	-0.027157	-0.006575	-0.023148	-0.023661	-0.003427	-0.033634	-0.006892	-0.007097	0.010342	-0.001005	0.954921	-0.005832	-0.006578	-0.024254	-0.027684	-0.002357	-0.018022	-0.016909	-0.020284	0.010037	-0.023147	-0.025924	-0.012121	-0.017893	-0.014279	-0.022658	-0.002822	-0.002340	-0.038754	-0.009018	0.003729	-0.007408	-0.005532	-0.000084	-0.037785	-0.022256	-0.013736	-0.038552	-0.057363	-0.016777	-0.031621	-0.036567	-0.029620	-0.004715	-0.006651	-0.025925	-0.026509	-0.004427	-0.016722	-0.004248	0.003009	-0.028154	0.020537	-0.029214	-0.000959	-0.021764	0.025294	-0.010980	0.014913	-0.009086	-0.022778	
-0.031864	-0.127489	-0.031545	-0.030014	-0.044944	-0.025087	-0.133950	-0.019865	-0.021408	-0.027723	-0.046303	-0.140982	-0.034838	-0.043378	0.001564	-0.003992	-0.001426	-0.049890	-0.050796	-0.055952	-0.032074	-0.021478	-0.054622	-0.017377	-0.011661	-0.025424	-0.024680	-0.051913	-0.054331	-0.063258	-0.038404	0.009094	-0.033450	-0.015312	-0.042818	-0.050093	-0.062677	-0.014870	-0.025901	-0.005832	1.181098	-0.002372	0.005402	-0.031801	-0.030778	-0.003703	0.070983	0.097085	0.009778	0.009451	0.056925	0.023445	-0.011257	0.024751	0.059023	-0.075048	0.008524	-0.047608	-0.013922	-0.007504	-0.019594	-0.010831	-0.022967	-0.024947	0.007784	-0.022880	-0.015364	-0.055048	-0.009558	-0.020707	-0.014855	0.001411	0.018517	-0.027070	-0.035064	-0.032306	-0.020277	-0.017648	-0.003783	-0.015584	-0.021835	0.027602	-0.031982	-0.024041	0.040377	-0.043740	0.004399	0.004443	0.036918	-0.030918	
-0.031202	-0.026126	-0.006349	-0.006408	-0.011292	-0.015938	-0.036768	-0.019084	0.009055	-0.016918	-0.006412	-0.041480	-0.016170	-0.002818	-0.005307	-0.004513	0.006729	-0.016916	-0.015596	-0.030992	-0.019975	-0.024163	-0.027129	0.000239	-0.000594	-0.019763	-0.017777	-0.032482	-0.018524	-0.018080	-0.023888	-0.021501	-0.018328	-0.003761	0.015238	-0.007121	-0.021547	-0.014163	0.000626	-0.006578	-0.002372	1.024417	-0.025661	-0.022472	-0.020008	-0.009547	-0.025055	-0.008257	-0.011140	-0.023274	-0.015849	0.001985	-0.004005	0.007298	-0.020324	-0.015357	-0.029283	-0.024950	-0.012758	-0.008752	-0.010405	-0.017578	-0.011407	0.006804	-0.023330	-0.012523	-0.023326	-0.023128	-0.010294	-0.037919	0.026104	-0.017369	-0.028342	-0.028558	-0.030198	-0.010341	-0.020297	0.011576	0.002210	-0.017393	-0.018905	-0.041101	-0.027116	-0.022753	-0.007672	-0.035539	-0.007209	-0.020543	-0.017810	-0.024399	
-0.020959	-0.087094	-0.020802	-0.014615	-0.020995	-0.009474	-0.006080	-0.025469	-0.017627	-0.014296	0.000721	-0.043256	-0.005170	-0.064984	-0.009040	-0.017369	-0.006110	-0.016904	-0.016858	-0.016112	-0.035548	0.004716	-0.026160	-0.028067	-0.032683	-0.023650	-0.022424	-0.026227	-0.035185	-0.023463	-0.036844	-0.008337	-0.017766	-0.034003	-0.023404	0.000344	-0.028152	-0.019145	-0.006825	-0.024254	0.005402	-0.025661	1.019428	-0.001884	0.002834	0.017298	-0.003972	-0.018386	-0.003437	-0.012814	0.020097	-0.004960	-0.019017	0.029897	0.005187	-0.021616	0.001879	-0.026005	-0.023181	-0.008957	-0.019842	-0.022867	-0.001549	-0.042884	-0.013672	-0.018687	-0.006624	-0.023895	-0.010080	-0.021168	-0.011928	-0.013225	-0.030686	-0.023355	-0.000494	-0.004609	0.000426	-0.011120	-0.000215	-0.010025	-0.016918	-0.038250	-0.005475	0.018060	-0.007436	-0.006936	-0.025975	-0.022552	-0.030182	-0.031599	
-0.024291	0.018894	-0.029338	-0.025852	-0.018655	-0.015005	0.003476	-0.004949	-0.014667	0.018832	-0.013599	0.047899	0.007353	0.044733	-0.020532	-0.007227	-0.005950	-0.027156	-0.031525	-0.040977	-0.022271	-0.009357	-0.002805	-0.034426	0.000956	-0.040143	-0.019196	-0.004171	-0.023663	-0.018208	-0.009614	-0.007818	-0.011126	-0.010177	-0.026587	-0.022459	-0.018910	-0.023495	-0.006608	-0.027684	-0.031801	-0.022472	-0.001884	0.997501	-0.004064	0.008853	-0.017912	-0.011164	-0.017490	0.001770	-0.027763	-0.022658	0.013277	-0.000802	-0.024049	-0.000667	-0.025739	-0.007268	-0.002134	-0.033909	-0.013448	-0.039340	-0.014853	-0.019825	-0.017757	-0.006637	0.006219	-0.029563	-0.023011	-0.025697	-0.027130	-0.013751	-0.029613	-0.007128	0.009679	-0.003945	-0.023307	-0.016491	-0.002436	-0.033023	-0.012396	-0.051021	0.005957	0.020562	-0.008763	0.028974	-0.017740	-0.006412	0.003006	-0.025303	
0.006017	-0.018583	-0.008139	-0.023902	-0.025313	0.008829	0.018237	-0.021977	-0.020258	0.000208	-0.020229	0.003573	-0.023450	-0.040330	-0.031327	-0.016240	-0.007206	-0.014736	-0.030386	-0.024768	-0.009665	0.017768	-0.021776	0.018048	-0.000285	-0.021396	-0.012398	-0.001326	-0.018735	-0.008533	-0.014196	-0.013997	-0.013198	-0.025159	-0.042012	-0.019304	-0.047875	-0.005044	-0.003321	-0.002357	-0.030778	-0.020008	0.002834	-0.004064	0.974885	0.011239	-0.007930	-0.014224	-0.002562	-0.004753	-0.003476	-0.027604	-0.005116	-0.013994	0.008186	-0.025495	-0.023809	-0.027167	-0.020012	-0.002677	-0.018042	-0.025628	-0.018103	-0.024977	-0.021690	-0.008445	-0.021322	-0.020926	-0.027552	-0.012263	-0.015307	-0.013350	-0.020226	-0.038728	-0.014757	0.006369	-0.011580	-0.009130	-0.012343	0.009926	-0.021936	-0.040077	-0.019222	-0.002261	-0.016639	-0.058437	-0.004880	-0.013925	-0.027238	-0.033971	
