0.984669	0.050741	-0.002666	0.024983	-0.035521	-0.009640	0.059713	0.012177	-0.007569	-0.024095	-0.013001	0.028862	-0.010996	0.015642	-0.024529	-0.020305	-0.006405	-0.018746	0.008722	-0.007412	-0.030227	-0.019115	-0.024918	-0.009084	-0.023219	0.005897	-0.023509	-0.002764	-0.013755	-0.027043	-0.013648	-0.017720	-0.021965	-0.030413	0.004554	-0.005236	-0.006107	0.002257	0.002435	0.007167	-0.042837	-0.021503	-0.006663	-0.028275	0.007900	-0.020218	-0.050957	-0.028335	-0.008783	0.024327	-0.038924	-0.021876	-0.015743	-0.011429	-0.020789	-0.009776	-0.017801	0.013053	-0.035980	-0.005325	0.003631	-0.025408	-0.016382	-0.039168	-0.021513	-0.082832	-0.018066	-0.024245	-0.015362	-0.021274	-0.000233	-0.027986	-0.021991	-0.042383	-0.022717	-0.005000	0.004974	-0.025725	0.000233	-0.030302	0.007001	0.003572	-0.027748	-0.037086	-0.036174	-0.013887	-0.001706	-0.023999	0.008146	-0.017884	-0.010362	
0.050741	0.855782	0.016486	0.049467	0.081485	0.106228	0.114051	0.010958	0.021461	0.014903	-0.004695	0.081785	0.008154	0.068894	0.048355	0.003954	-0.023275	-0.030016	0.053259	0.004799	0.027051	0.005845	-0.024056	0.023044	0.005343	0.034578	0.028305	0.040851	0.060653	0.044309	-0.014146	-0.012667	0.048979	-0.090748	0.025847	0.040362	0.032823	0.002872	0.000666	-0.056231	-0.147810	-0.060350	-0.049519	0.052268	-0.003955	-0.026724	-0.088301	-0.152842	-0.000681	-0.012452	-0.096260	-0.112388	0.007433	-0.027983	-0.124450	0.080103	-0.036717	-0.001948	0.011890	-0.033792	0.043819	-0.051917	-0.036965	0.012357	0.018799	-0.228605	-0.074194	-0.012499	-0.065612	-0.077368	-0.055614	-0.091853	-0.061533	-0.070869	-0.092787	0.004164	0.032868	-0.041346	-0.065147	-0.124459	0.023050	0.029585	-0.069438	-0.095371	-0.007972	-0.050945	0.076818	-0.098956	0.035802	-0.061158	-0.014516	
-0.002666	0.016486	0.942113	-0.016986	-0.009107	0.014220	-0.004564	-0.010654	-0.000401	-0.006156	-0.004790	0.003305	0.001512	-0.007579	-0.003259	0.007600	-0.000554	-0.014411	0.012587	-0.006646	-0.021714	-0.010329	-0.021150	-0.009091	-0.024448	-0.005432	-0.034658	0.011969	-0.006514	-0.027408	-0.010837	-0.021292	-0.011583	0.001547	0.022273	0.000419	0.024127	-0.015746	-0.000180	0.005143	-0.015456	-0.018643	-0.023235	-0.021324	0.008965	0.016429	-0.011661	-0.006847	-0.029669	-0.044379	-0.012995	-0.021915	-0.011368	-0.009757	-0.020219	-0.005499	-0.037504	-0.025267	-0.024528	-0.036480	0.006636	-0.024609	-0.017345	0.009378	-0.015541	-0.194675	-0.037992	-0.010355	0.006733	-0.023991	-0.031139	-0.049731	-0.033528	-0.026392	-0.033648	-0.014119	0.006294	-0.011146	-0.014980	-0.030171	-0.027112	-0.008179	-0.024986	-0.040800	-0.009942	-0.030050	0.040607	-0.000859	-0.022908	-0.011768	-0.019588	
0.024983	0.049467	-0.016986	1.034171	-0.011200	-0.014828	0.042557	-0.001234	-0.028841	-0.006404	-0.009079	0.042551	-0.002034	0.012174	-0.022085	-0.015164	-0.020899	-0.027424	0.001021	-0.025239	-0.022337	-0.001465	-0.012340	0.001443	-0.016844	-0.023178	-0.009983	-0.020386	-0.002050	-0.022743	-0.000517	-0.020330	-0.017516	-0.025153	0.000043	-0.010521	-0.005247	-0.029690	0.003765	-0.004992	-0.033847	-0.031932	-0.016476	0.011797	0.002837	-0.027307	-0.018230	-0.040167	-0.011410	-0.001565	-0.026013	-0.014550	-0.015588	-0.007190	-0.027173	-0.013538	-0.008120	0.018322	-0.022731	-0.030171	-0.003174	-0.033113	-0.014524	-0.018238	-0.023098	-0.103472	-0.011099	-0.027243	0.020152	-0.028317	-0.004151	-0.018337	-0.028196	-0.032600	-0.052229	0.010543	-0.017373	-0.012441	-0.012457	-0.043080	-0.005268	-0.011550	-0.019132	-0.026475	-0.009273	-0.013751	0.003350	-0.006991	-0.003263	-0.012300	-0.013640	
-0.035521	0.081485	-0.009107	-0.011200	0.977073	0.004361	0.079382	0.037736	-0.006216	-0.023371	-0.010632	0.007393	-0.017063	0.002601	-0.018048	-0.007383	0.000361	-0.027797	-0.013511	0.011624	-0.002128	-0.041422	-0.027945	-0.002137	-0.013273	0.001445	-0.013361	-0.022698	0.016183	-0.023230	-0.020241	-0.025850	-0.015187	-0.004326	0.019067	0.017511	0.018169	-0.011372	0.007426	-0.028492	-0.025617	-0.007025	-0.023825	-0.027502	-0.008739	-0.010648	0.002532	-0.010117	-0.000584	-0.033014	-0.025193	-0.029840	-0.021370	-0.007661	-0.060585	0.004469	-0.019956	-0.024630	0.003613	-0.032919	-0.005765	-0.011814	-0.005290	-0.013057	-0.023008	-0.157942	-0.038579	-0.046737	0.011735	-0.033087	-0.037833	-0.020923	-0.024240	-0.011511	-0.022975	-0.001515	0.001579	-0.022522	-0.018331	-0.040054	-0.012762	0.002841	-0.054936	-0.024447	-0.003210	-0.016865	0.035551	-0.005104	-0.008794	-0.008315	-0.013004	
-0.009640	0.106228	0.014220	-0.014828	0.004361	0.947197	0.085985	0.006991	-0.017495	-0.012467	-0.013875	0.042682	0.016999	0.017196	-0.026806	-0.019058	-0.017553	-0.019752	0.012260	-0.008467	0.016944	-0.025517	-0.018282	-0.023171	0.001952	-0.023100	-0.017852	-0.004138	-0.010163	-0.029019	-0.026032	0.001184	-0.002792	-0.027558	0.004426	-0.020703	-0.023722	0.003368	0.012266	-0.001758	-0.034037	-0.022472	-0.024994	-0.012142	0.013403	0.001139	-0.000874	-0.041100	-0.020307	-0.007865	-0.008227	-0.025200	-0.003089	-0.023954	-0.011587	0.008826	-0.028003	-0.022019	-0.025589	-0.034022	-0.024100	-0.003364	-0.021805	-0.012950	-0.025207	-0.218047	-0.034714	-0.036889	0.003476	-0.018964	-0.038494	-0.035641	-0.002282	-0.034462	-0.039838	-0.013839	-0.006537	-0.011903	-0.011620	-0.027370	-0.041588	0.005809	-0.018262	-0.029995	0.010137	-0.014933	0.029262	-0.019306	0.010029	-0.025701	-0.021745	
0.059713	0.114051	-0.004564	0.042557	0.079382	0.085985	0.973716	0.002897	-0.005794	-0.048911	0.024804	0.083000	0.000660	-0.014399	-0.003886	-0.000910	-0.031820	-0.002497	0.035893	0.031015	0.010094	0.054485	0.028509	-0.018962	0.032675	0.053233	-0.029100	0.011510	0.035574	0.022375	-0.038020	-0.035829	0.026811	-0.034281	0.028629	0.035750	-0.002267	0.000183	-0.021982	-0.020469	-0.097995	-0.028715	-0.012621	0.009697	0.031502	-0.056500	-0.044680	-0.100561	-0.010683	-0.055373	0.015763	-0.017080	0.025558	-0.078866	0.001967	0.042206	-0.024067	-0.023544	0.015699	-0.015167	-0.014365	-0.001677	-0.001517	0.021664	0.012799	-0.246728	-0.048821	-0.104634	-0.120437	-0.052608	-0.087389	-0.078326	-0.094669	-0.094121	-0.072592	-0.060031	-0.021898	-0.008002	-0.019656	-0.075534	0.023599	-0.001910	-0.049161	-0.063454	-0.054876	-0.075119	0.036650	-0.064758	0.006972	-0.042560	-0.046437	
0.012177	0.010958	-0.010654	-0.001234	0.037736	0.006991	0.002897	0.975291	0.022730	-0.019458	-0.006299	0.035351	-0.005785	-0.022967	-0.006061	0.047250	0.003160	-0.022579	-0.013649	-0.020118	-0.021563	-0.010027	-0.005839	-0.020209	-0.026635	-0.005799	-0.022390	-0.015343	-0.032307	-0.024638	-0.017688	0.021628	-0.027893	-0.012435	0.009237	0.010439	0.002774	-0.015228	-0.004126	0.001605	-0.029260	-0.015302	-0.030706	0.001824	-0.003561	0.000110	-0.000027	-0.035162	-0.018941	-0.010529	-0.030899	-0.006322	-0.045520	-0.014908	-0.027039	-0.011274	-0.009565	0.012054	-0.015474	-0.021203	-0.028290	0.001073	-0.008455	-0.011195	-0.023978	-0.122571	-0.018458	-0.033528	-0.016217	-0.031354	-0.027663	-0.037453	-0.031470	-0.028742	-0.017460	-0.012278	0.011262	-0.005745	-0.052879	-0.031804	-0.015832	0.003425	-0.036277	-0.022353	-0.037882	-0.017555	0.029040	-0.024262	-0.022096	-0.031288	-0.009149	
-0.007569	0.021461	-0.000401	-0.028841	-0.006216	-0.017495	-0.005794	0.022730	0.970356	-0.022178	0.000022	-0.021721	-0.006401	-0.052283	0.011094	0.003481	-0.025426	0.003222	-0.032811	-0.003794	-0.013350	-0.024127	0.007403	-0.004785	-0.022968	-0.017220	-0.031283	0.000332	-0.006859	-0.013817	-0.015280	-0.020909	-0.016693	-0.002494	0.002341	-0.026360	0.000279	-0.036796	-0.018967	-0.013128	-0.019578	0.011226	-0.024031	-0.022254	-0.040591	-0.017454	-0.016749	-0.008096	-0.022060	-0.013124	-0.038778	-0.019459	-0.018679	0.001648	-0.033274	-0.011909	-0.010599	0.017504	-0.004736	-0.034059	-0.034284	-0.008572	0.004649	-0.009483	-0.011309	-0.080420	-0.035489	-0.025678	0.007740	0.002075	-0.009557	-0.030394	-0.014272	0.001235	-0.019495	-0.006383	-0.012922	-0.010187	-0.004068	-0.029011	0.003617	0.020657	0.016682	-0.011609	-0.010724	-0.016814	-0.029461	-0.025165	-0.005671	-0.024092	-0.022713	
-0.024095	0.014903	-0.006156	-0.006404	-0.023371	-0.012467	-0.048911	-0.019458	-0.022178	1.020924	0.014219	-0.003142	-0.024463	0.017311	-0.022451	-0.010894	0.003296	-0.029650	-0.005846	0.003336	-0.030721	-0.014460	-0.026680	-0.027177	0.002190	-0.017950	-0.017402	-0.021581	-0.010834	0.001133	-0.013493	-0.005865	-0.015990	-0.024350	-0.029034	-0.007066	-0.026415	-0.021026	-0.008520	-0.005351	0.002451	-0.001421	-0.017652	-0.013051	-0.002157	-0.021619	-0.021715	-0.025604	-0.009517	-0.018416	-0.041186	0.003457	-0.011594	-0.014770	-0.010127	-0.041669	-0.003796	-0.036067	-0.021057	-0.030397	-0.019589	-0.025471	-0.017464	-0.002425	-0.035320	-0.061859	-0.010339	-0.036011	-0.043943	-0.018241	-0.007959	-0.029871	-0.024783	-0.025475	-0.025039	0.003068	-0.021810	0.001024	-0.008189	-0.007427	-0.000560	0.008685	-0.022850	0.007111	-0.007436	-0.010851	-0.004090	-0.000902	-0.023917	0.017747	-0.007781	
-0.013001	-0.004695	-0.004790	-0.009079	-0.010632	-0.013875	0.024804	-0.006299	0.000022	0.014219	1.002829	0.003847	-0.011202	-0.025501	0.007938	-0.023631	-0.006000	-0.018040	0.004503	-0.005871	-0.026065	-0.023073	-0.014122	-0.014825	0.001254	-0.025692	-0.016784	-0.013014	-0.011070	-0.009946	-0.022298	-0.029198	0.007295	-0.034398	-0.007166	-0.011137	0.010534	0.001224	-0.006335	0.005079	-0.036556	-0.010092	-0.002196	0.002452	-0.045849	0.003684	-0.042084	-0.016627	-0.016649	-0.017361	-0.025423	-0.041177	-0.022896	-0.008983	-0.008654	0.014459	-0.027867	-0.001111	-0.023305	-0.016072	-0.016376	0.006558	-0.015138	-0.007257	-0.012640	-0.084155	-0.036946	-0.018309	-0.024446	-0.034876	-0.032367	-0.017916	-0.010104	-0.029272	-0.022588	-0.034924	-0.006527	-0.005649	-0.041497	-0.028585	0.006321	-0.002571	-0.022834	-0.042289	0.015776	-0.033129	0.033053	-0.017990	0.006071	-0.019832	-0.025928	
0.028862	0.081785	0.003305	0.042551	0.007393	0.042682	0.083000	0.035351	-0.021721	-0.003142	0.003847	0.954261	0.036405	0.032451	-0.022372	0.006848	-0.035243	0.004377	-0.002343	0.090035	-0.043532	0.033449	0.002147	-0.004158	0.066372	-0.012945	0.031735	-0.025457	0.025527	-0.025928	0.009833	0.037565	0.004029	-0.073715	0.099955	0.071341	-0.019687	-0.026144	0.002928	0.091792	-0.123763	-0.017127	-0.018420	0.020904	-0.019169	0.011730	-0.087020	-0.177560	-0.001482	-0.003505	-0.059916	-0.073551	-0.034227	-0.057142	-0.027582	0.004355	0.053236	-0.025603	-0.024792	-0.068763	-0.052777	0.009289	-0.010390	0.058305	-0.068175	-0.273722	-0.045860	-0.071914	-0.062034	-0.085414	0.029790	-0.090489	-0.067462	-0.082145	-0.089378	-0.019849	-0.008000	0.040984	-0.074358	-0.043696	-0.021421	0.034070	-0.016835	-0.064832	0.019318	-0.129897	0.076882	-0.022909	-0.048851	-0.046820	0.010374	
-0.010996	0.008154	0.001512	-0.002034	-0.017063	0.016999	0.000660	-0.005785	-0.006401	-0.024463	-0.011202	0.036405	1.007078	-0.037516	-0.011646	-0.018477	-0.009951	-0.009842	-0.010666	0.002245	-0.028636	-0.005631	-0.016593	-0.035839	-0.016280	-0.017870	-0.002188	0.015161	-0.024144	-0.028136	-0.013586	0.001649	0.013863	-0.026044	-0.013353	-0.001988	-0.017806	-0.023739	-0.015185	0.001230	-0.030364	-0.027334	0.012099	-0.013151	-0.004497	-0.022546	-0.069341	-0.020039	-0.032842	-0.017237	-0.009935	-0.002372	-0.018710	-0.010869	0.002331	0.006079	-0.017356	-0.026930	-0.020670	-0.018518	-0.021754	-0.010316	-0.007553	-0.022621	0.005371	-0.179748	-0.012655	-0.003762	-0.003542	-0.032186	-0.026870	-0.054267	-0.006375	-0.027926	-0.020208	0.010532	-0.014786	-0.020538	-0.045591	-0.011378	-0.024165	-0.010629	-0.047145	-0.014988	-0.002802	-0.017096	-0.036389	-0.018948	-0.003606	-0.001443	-0.022581	
0.015642	0.068894	-0.007579	0.012174	0.002601	0.017196	-0.014399	-0.022967	-0.052283	0.017311	-0.025501	0.032451	-0.037516	1.089643	0.005856	-0.016603	-0.008645	0.038847	0.013863	-0.005285	-0.035636	-0.010460	-0.022830	-0.020451	-0.019898	-0.004858	0.002368	-0.028777	-0.004824	-0.034861	-0.011275	-0.017641	-0.010462	-0.003994	-0.041136	-0.017115	0.008761	-0.022324	-0.031285	-0.012550	-0.028944	-0.002980	-0.027432	0.003273	-0.024392	0.012216	-0.062365	-0.015994	-0.007783	-0.020425	-0.028231	-0.028529	-0.005716	-0.034374	-0.010905	0.002884	-0.030738	0.004317	-0.018657	-0.042837	-0.049073	-0.015035	0.000468	-0.036337	-0.064409	-0.149282	-0.057299	-0.036878	0.031896	-0.016652	-0.022447	0.030461	-0.012308	-0.001575	-0.009580	-0.012325	-0.008344	-0.016278	-0.026020	0.013729	-0.022030	-0.028416	-0.011070	0.002385	-0.020945	-0.042381	0.026846	-0.028596	-0.031993	-0.027635	-0.005197	
-0.024529	0.048355	-0.003259	-0.022085	-0.018048	-0.026806	-0.003886	-0.006061	0.011094	-0.022451	0.007938	-0.022372	-0.011646	0.005856	1.034597	0.001554	-0.028686	-0.020100	-0.005001	-0.004496	-0.002046	-0.025082	-0.034580	-0.043119	-0.016776	-0.017534	-0.008501	-0.019090	-0.022035	-0.015009	-0.012621	-0.020938	-0.009194	-0.029758	-0.024753	-0.001953	-0.017774	-0.021038	-0.002531	0.014905	-0.000775	-0.025817	-0.015780	-0.005611	-0.021820	-0.008647	-0.013552	-0.004998	-0.007838	0.009561	-0.014276	-0.006073	0.002909	-0.025266	-0.006439	-0.027980	-0.025310	-0.030736	0.007057	-0.002701	-0.020824	-0.002352	-0.016366	0.017911	-0.023447	-0.135999	-0.022931	-0.012659	-0.019620	-0.038838	-0.014564	-0.032724	-0.006970	-0.019731	-0.011426	-0.025033	-0.010152	-0.006147	-0.012363	-0.031100	-0.034042	-0.024467	0.014566	-0.008807	-0.003697	-0.020759	-0.044256	-0.034851	-0.021967	-0.012366	-0.014556	
-0.020305	0.003954	0.007600	-0.015164	-0.007383	-0.019058	-0.000910	0.047250	0.003481	-0.010894	-0.023631	0.006848	-0.018477	-0.016603	0.001554	1.033314	-0.005023	0.005122	-0.005705	-0.036813	-0.023374	-0.027094	-0.022525	0.002138	-0.024618	-0.011778	-0.017783	-0.011436	-0.028360	-0.019979	-0.024742	-0.013549	-0.018719	-0.022988	-0.023175	-0.010069	-0.027400	-0.006194	-0.022677	-0.010961	-0.018934	-0.018558	-0.007161	0.001146	-0.022636	-0.017043	-0.020248	-0.026096	-0.000249	-0.038560	-0.034677	-0.033711	-0.032511	-0.031735	-0.017381	-0.017193	-0.017794	0.015247	-0.028940	-0.039971	-0.020990	-0.015777	-0.011820	0.019341	-0.015702	-0.043991	0.015100	-0.013104	-0.031546	-0.006170	-0.010596	-0.025732	-0.009281	-0.004500	-0.026306	-0.018864	-0.019543	0.003836	-0.004529	-0.007021	-0.004864	-0.009673	-0.007026	-0.020591	-0.025000	-0.009718	0.020994	-0.004288	-0.023376	-0.023784	-0.011756	
-0.006405	-0.023275	-0.000554	-0.020899	0.000361	-0.017553	-0.031820	0.003160	-0.025426	0.003296	-0.006000	-0.035243	-0.009951	-0.008645	-0.028686	-0.005023	1.019203	-0.034592	-0.052086	-0.021140	-0.010723	-0.012386	-0.021257	-0.024760	-0.020072	-0.042229	-0.017180	-0.014801	-0.034687	-0.029401	-0.001419	-0.019597	-0.010568	-0.008076	-0.041267	-0.001524	-0.016433	-0.009547	-0.005031	-0.023836	-0.032202	-0.001654	-0.000964	-0.015015	-0.003322	-0.017189	-0.027982	0.015721	-0.026610	-0.009810	-0.019859	-0.002287	-0.008452	-0.004091	-0.008337	-0.001418	-0.030775	-0.010940	-0.015098	-0.037996	-0.013464	-0.021335	-0.007126	-0.029613	-0.000425	-0.044437	-0.019506	-0.001494	-0.014709	-0.011677	-0.009083	0.001791	-0.021930	-0.015593	-0.009247	-0.014600	-0.005512	-0.028405	-0.009334	0.008715	-0.028394	-0.018870	-0.001071	-0.005754	-0.010017	-0.006921	-0.008228	-0.011262	-0.026134	-0.015488	0.013975	
-0.018746	-0.030016	-0.014411	-0.027424	-0.027797	-0.019752	-0.002497	-0.022579	0.003222	-0.029650	-0.018040	0.004377	-0.009842	0.038847	-0.020100	0.005122	-0.034592	0.977844	0.031239	0.001181	0.001943	0.003148	-0.011454	0.005657	0.001366	-0.008480	0.003233	-0.021813	-0.003162	0.012490	-0.008216	-0.006007	0.010523	-0.008996	0.015755	-0.033552	-0.030920	0.002965	-0.014653	-0.016587	-0.033459	-0.015407	-0.028265	-0.004529	-0.017627	-0.003150	-0.006898	-0.011028	-0.005373	-0.027748	-0.048034	-0.031911	-0.033851	-0.032951	-0.020295	0.006669	-0.013103	-0.010232	-0.018454	-0.004026	-0.006768	-0.018837	-0.014368	-0.017636	-0.016042	-0.067339	-0.009425	-0.029649	-0.032150	-0.016791	-0.020830	-0.035623	-0.009303	0.000639	-0.015786	-0.010068	0.004057	-0.024224	-0.022201	-0.027582	-0.026707	-0.009540	-0.030286	-0.006546	-0.010875	-0.042040	-0.005567	-0.010599	-0.009447	-0.023140	-0.026995	
0.008722	0.053259	0.012587	0.001021	-0.013511	0.012260	0.035893	-0.013649	-0.032811	-0.005846	0.004503	-0.002343	-0.010666	0.013863	-0.005001	-0.005705	-0.052086	0.031239	0.927254	-0.002074	0.001520	0.001330	-0.015166	0.008220	-0.011811	-0.005089	-0.013296	-0.001242	0.007317	0.011978	-0.010139	-0.020335	0.005386	0.002028	0.029467	-0.021033	0.003553	-0.015173	-0.016187	-0.025031	-0.050171	-0.009521	-0.031666	-0.022589	-0.007185	-0.015184	-0.033179	-0.049068	-0.003083	-0.029017	-0.026068	-0.048232	-0.011226	-0.028001	-0.022421	0.009099	-0.027073	-0.005259	-0.007454	-0.023202	-0.012213	-0.019921	-0.004355	-0.006716	0.004410	-0.158834	-0.017853	-0.018540	-0.041226	-0.002230	-0.009071	-0.024823	-0.042108	-0.023752	-0.018562	-0.021977	0.002791	-0.033871	-0.019354	-0.027420	-0.010676	-0.025109	-0.045572	-0.014029	-0.029439	-0.018344	0.039665	-0.033294	-0.015247	-0.038435	-0.014461	
-0.007412	0.004799	-0.006646	-0.025239	0.011624	-0.008467	0.031015	-0.020118	-0.003794	0.003336	-0.005871	0.090035	0.002245	-0.005285	-0.004496	-0.036813	-0.021140	0.001181	-0.002074	0.945302	0.008596	-0.015792	0.004405	-0.012373	-0.006431	-0.002042	-0.000568	0.013000	0.004491	-0.008653	-0.006348	0.013536	-0.002477	-0.006818	0.004059	-0.018185	0.011437	-0.020458	-0.012734	-0.007642	-0.035265	-0.026099	-0.020867	-0.032916	-0.004931	-0.026959	-0.019066	-0.044016	-0.029117	-0.012353	-0.022021	-0.034327	-0.038938	-0.027210	-0.019353	0.004149	-0.013381	-0.019120	-0.008917	-0.029265	0.011328	0.010248	-0.005694	0.012533	-0.010534	-0.104860	-0.014102	-0.037840	-0.026401	-0.012001	-0.017738	-0.026200	-0.022327	-0.029190	-0.015706	-0.024100	-0.011507	-0.026688	-0.022477	-0.036009	-0.021474	-0.029000	-0.003996	-0.019417	-0.007428	-0.017164	-0.011058	-0.029262	-0.016139	-0.020045	-0.012109	
-0.030227	0.027051	-0.021714	-0.022337	-0.002128	0.016944	0.010094	-0.021563	-0.013350	-0.030721	-0.026065	-0.043532	-0.028636	-0.035636	-0.002046	-0.023374	-0.010723	0.001943	0.001520	0.008596	0.922883	-0.036325	0.020732	0.014041	0.001690	-0.008742	0.002332	-0.021569	0.012127	-0.003778	-0.006915	-0.025207	-0.017498	0.006221	0.014820	-0.019696	-0.008314	-0.008777	-0.012065	-0.017632	-0.026062	-0.010882	-0.028821	-0.034386	-0.008846	-0.016274	-0.021351	-0.033252	-0.018296	-0.025470	-0.030611	-0.015466	-0.019099	-0.036840	-0.006573	-0.009111	-0.007577	0.009111	0.012923	-0.009869	-0.012747	-0.000309	-0.021880	-0.021692	-0.012622	-0.092057	0.000985	-0.011048	-0.036679	-0.005025	-0.019627	-0.023573	-0.002994	0.001455	0.001412	-0.000710	-0.003517	-0.017323	-0.003390	-0.027277	-0.019759	-0.006834	-0.023827	-0.036243	-0.029279	-0.033123	-0.006204	-0.026130	-0.018244	-0.002618	-0.025287	
-0.019115	0.005845	-0.010329	-0.001465	-0.041422	-0.025517	0.054485	-0.010027	-0.024127	-0.014460	-0.023073	0.033449	-0.005631	-0.010460	-0.025082	-0.027094	-0.012386	0.003148	0.001330	-0.015792	-0.036325	0.960217	-0.023798	-0.015453	-0.002713	0.014222	0.010933	-0.009862	-0.003142	0.001648	-0.011942	0.011552	0.004532	-0.020828	0.007400	0.001800	0.015323	-0.018626	-0.011926	0.014377	-0.017212	-0.015787	0.013106	-0.002517	0.004849	-0.024509	-0.022779	-0.052428	-0.031441	-0.033279	-0.020393	-0.020501	-0.028595	-0.036855	-0.037316	0.001225	0.010410	-0.002851	-0.004508	0.008983	-0.013872	-0.004009	-0.016588	0.001447	-0.012673	-0.135018	-0.019781	-0.018225	0.021498	-0.026614	-0.013032	0.004971	-0.016044	-0.033994	-0.033386	-0.024332	-0.027665	-0.028641	-0.027748	-0.008622	0.010338	-0.021543	0.019220	-0.051041	0.011730	-0.038696	0.029781	-0.034426	-0.019273	-0.024604	-0.036627	
-0.024918	-0.024056	-0.021150	-0.012340	-0.027945	-0.018282	0.028509	-0.005839	0.007403	-0.026680	-0.014122	0.002147	-0.016593	-0.022830	-0.034580	-0.022525	-0.021257	-0.011454	-0.015166	0.004405	0.020732	-0.023798	1.006812	-0.019166	-0.003537	0.019014	-0.006461	-0.012622	0.013725	-0.009589	-0.008468	0.004272	-0.008541	-0.030804	0.021493	0.004168	-0.002568	-0.022263	-0.019555	-0.016006	-0.054645	-0.016266	-0.011160	-0.011358	-0.024043	-0.019536	0.000835	-0.036930	-0.015231	0.006458	-0.017629	-0.044809	-0.033415	-0.037707	-0.010180	0.007906	-0.016294	0.015899	-0.021591	0.007714	-0.012513	0.001720	0.011181	-0.004169	0.006282	-0.072143	-0.002557	-0.033485	0.000614	-0.018958	-0.019958	-0.022394	-0.021641	-0.038408	0.013180	-0.025270	-0.022720	-0.029217	-0.010320	-0.030940	-0.023102	-0.009749	-0.079211	-0.048496	-0.007646	-0.023745	-0.013465	-0.028941	-0.011722	-0.011844	-0.013427	
-0.009084	0.023044	-0.009091	0.001443	-0.002137	-0.023171	-0.018962	-0.020209	-0.004785	-0.027177	-0.014825	-0.004158	-0.035839	-0.020451	-0.043119	0.002138	-0.024760	0.005657	0.008220	-0.012373	0.014041	-0.015453	-0.019166	1.021307	0.009394	-0.013803	-0.011733	-0.012394	-0.002176	-0.032012	-0.004188	0.013351	-0.020502	-0.024141	0.021299	-0.022915	-0.018525	-0.012663	0.016062	-0.006243	-0.012142	0.011985	-0.050678	-0.015499	-0.009489	-0.026920	-0.030885	-0.060400	-0.021486	-0.032299	-0.016956	-0.041936	-0.015329	-0.013530	-0.039161	-0.044609	0.023152	-0.010268	0.000435	-0.020390	-0.009023	-0.021813	0.006926	-0.020554	-0.016591	-0.059370	-0.008133	-0.000723	0.005612	-0.012107	-0.007309	-0.038069	-0.038094	-0.000054	-0.039868	0.017348	-0.008888	-0.006858	-0.024330	-0.017116	-0.009781	-0.005806	-0.032015	-0.005900	-0.015413	-0.022774	-0.008166	-0.036307	-0.023368	-0.041984	0.010475	
-0.023219	0.005343	-0.024448	-0.016844	-0.013273	0.001952	0.032675	-0.026635	-0.022968	0.002190	0.001254	0.066372	-0.016280	-0.019898	-0.016776	-0.024618	-0.020072	0.001366	-0.011811	-0.006431	0.001690	-0.002713	-0.003537	0.009394	0.982590	0.001121	0.015117	0.015995	-0.020195	0.012271	0.003220	-0.019409	-0.014700	-0.027374	0.006988	0.032501	0.022939	-0.008783	-0.028876	-0.021017	-0.035243	-0.025226	-0.024840	-0.009118	-0.018031	-0.028049	-0.032014	-0.031444	-0.006847	-0.033311	-0.034158	-0.040241	-0.016965	0.004651	-0.023417	0.005170	-0.010900	0.004187	-0.015673	-0.019740	-0.014867	0.009790	-0.026366	-0.001256	0.001139	-0.120072	-0.019863	-0.014524	-0.015695	-0.018842	-0.008032	-0.003046	-0.019947	0.004802	-0.024192	-0.011138	-0.014825	-0.018143	-0.044160	-0.034038	-0.024203	-0.008191	-0.045381	-0.049885	-0.004050	-0.039907	0.005226	-0.019257	-0.012974	-0.040239	-0.044857	
0.005897	0.034578	-0.005432	-0.023178	0.001445	-0.023100	0.053233	-0.005799	-0.017220	-0.017950	-0.025692	-0.012945	-0.017870	-0.004858	-0.017534	-0.011778	-0.042229	-0.008480	-0.005089	-0.002042	-0.008742	0.014222	0.019014	-0.013803	0.001121	0.904903	0.009585	-0.018068	0.005598	0.006336	-0.006576	0.010453	0.012969	-0.020424	-0.008825	0.007940	-0.017319	-0.009984	-0.010981	-0.022019	-0.053103	-0.000478	-0.031771	-0.024067	-0.035104	0.008429	-0.032917	-0.018181	-0.028300	-0.008554	-0.038067	-0.027238	-0.048791	-0.024780	-0.017377	0.008412	-0.010363	-0.024044	-0.011752	-0.001164	-0.026021	0.008924	-0.020875	-0.012688	-0.008987	-0.144269	-0.017114	-0.007189	-0.002218	-0.018597	0.002575	-0.009431	-0.031374	-0.002856	-0.010920	-0.022204	0.008829	-0.021186	-0.027339	-0.017832	-0.007282	-0.003589	-0.024386	-0.041350	-0.025162	-0.029181	0.006956	-0.019405	-0.029731	-0.011292	-0.000407	
-0.023509	0.028305	-0.034658	-0.009983	-0.013361	-0.017852	-0.029100	-0.022390	-0.031283	-0.017402	-0.016784	0.031735	-0.002188	0.002368	-0.008501	-0.017783	-0.017180	0.003233	-0.013296	-0.000568	0.002332	0.010933	-0.006461	-0.011733	0.015117	0.009585	1.002663	-0.019053	-0.001497	0.027631	-0.000132	0.007352	0.012974	-0.024792	0.018554	0.018866	0.000228	-0.025706	-0.010956	-0.030780	-0.019631	-0.037381	-0.003707	-0.019201	-0.033650	-0.003220	-0.027854	-0.010473	-0.049804	-0.006187	-0.047690	-0.028686	-0.014577	-0.006504	-0.015706	0.008072	-0.011431	-0.021209	-0.009066	0.012934	-0.022214	-0.007431	-0.013563	-0.008736	-0.010194	-0.090929	-0.026869	-0.032111	-0.006578	-0.009545	-0.002719	-0.031988	-0.024021	-0.030148	-0.029278	-0.000723	-0.024846	-0.021646	-0.053391	-0.017564	-0.020159	-0.011963	-0.054148	-0.031381	0.004238	-0.033514	0.003056	0.005026	-0.043186	-0.026156	-0.032268	
-0.002764	0.040851	0.011969	-0.020386	-0.022698	-0.004138	0.011510	-0.015343	0.000332	-0.021581	-0.013014	-0.025457	0.015161	-0.028777	-0.019090	-0.011436	-0.014801	-0.021813	-0.001242	0.013000	-0.021569	-0.009862	-0.012622	-0.012394	0.015995	-0.018068	-0.019053	0.961818	-0.001842	0.011524	0.007772	-0.016200	-0.007783	-0.013111	-0.009947	0.005481	0.001848	-0.013222	-0.019334	-0.024801	-0.033997	-0.030788	-0.025947	-0.004748	-0.003618	-0.022369	-0.024042	-0.060870	-0.012181	-0.027734	-0.011046	-0.023520	-0.024348	-0.018369	-0.009595	-0.016291	-0.008276	-0.017549	-0.007967	-0.001400	-0.011610	-0.024849	-0.003876	-0.007368	0.010371	-0.052137	-0.030607	-0.014532	-0.010362	-0.040082	-0.026592	-0.019411	-0.026469	0.002225	-0.016878	-0.022993	-0.017056	-0.020473	-0.002148	-0.016097	0.000161	-0.017006	-0.064035	-0.052531	-0.012717	-0.009445	0.041461	-0.027840	-0.005132	-0.025163	-0.049823	
-0.013755	0.060653	-0.006514	-0.002050	0.016183	-0.010163	0.035574	-0.032307	-0.006859	-0.010834	-0.011070	0.025527	-0.024144	-0.004824	-0.022035	-0.028360	-0.034687	-0.003162	0.007317	0.004491	0.012127	-0.003142	0.013725	-0.002176	-0.020195	0.005598	-0.001497	-0.001842	0.978830	0.001411	0.008953	-0.025435	0.002858	0.000754	-0.000865	-0.003274	0.028531	-0.021280	-0.008169	0.014037	-0.047729	-0.024503	-0.015615	-0.017815	-0.011530	-0.015046	-0.018470	-0.054706	-0.009569	-0.008853	-0.033895	-0.052607	-0.020493	-0.025683	-0.043167	0.022800	-0.018267	-0.040085	0.002863	-0.017990	-0.001853	0.005370	-0.003905	-0.019641	-0.028860	-0.136306	-0.013953	-0.020749	-0.029220	-0.017825	-0.017270	-0.018828	-0.021069	-0.032015	-0.012669	-0.036422	-0.009901	-0.016594	-0.011860	-0.030784	-0.014701	-0.006191	-0.039504	-0.025912	-0.018571	-0.026271	-0.018879	-0.051940	-0.031103	-0.024204	-0.006448	
-0.027043	0.044309	-0.027408	-0.022743	-0.023230	-0.029019	0.022375	-0.024638	-0.013817	0.001133	-0.009946	-0.025928	-0.028136	-0.034861	-0.015009	-0.019979	-0.029401	0.012490	0.011978	-0.008653	-0.003778	0.001648	-0.009589	-0.032012	0.012271	0.006336	0.027631	0.011524	0.001411	1.008052	-0.012352	0.002017	-0.001366	0.042581	0.003559	0.018691	0.033287	-0.003142	-0.029445	-0.026620	-0.040279	-0.036649	-0.012565	0.000086	-0.020914	-0.015574	-0.026857	-0.032602	-0.000271	-0.011437	-0.014652	-0.028804	-0.005526	-0.050000	-0.039796	0.019074	-0.025435	0.009356	-0.020649	0.000135	0.013152	-0.000264	-0.004360	0.006474	-0.005409	-0.212123	-0.000725	-0.040775	-0.049799	-0.046865	-0.016390	-0.013638	-0.023904	-0.015295	-0.049249	-0.024007	-0.025769	-0.029713	-0.056989	-0.032233	-0.008620	-0.003226	-0.021137	-0.055789	-0.019844	-0.030870	0.007932	-0.015368	0.001511	-0.026669	-0.034304	
-0.013648	-0.014146	-0.010837	-0.000517	-0.020241	-0.026032	-0.038020	-0.017688	-0.015280	-0.013493	-0.022298	0.009833	-0.013586	-0.011275	-0.012621	-0.024742	-0.001419	-0.008216	-0.010139	-0.006348	-0.006915	-0.011942	-0.008468	-0.004188	0.003220	-0.006576	-0.000132	0.007772	0.008953	-0.012352	0.996897	-0.005083	-0.007059	-0.024429	-0.009353	0.010103	0.003991	-0.008959	-0.017614	-0.002558	-0.051044	-0.016048	-0.025070	-0.020331	-0.015990	-0.027927	-0.032144	-0.040850	0.006240	-0.003357	-0.032595	-0.058232	-0.020787	-0.031732	-0.028733	-0.006824	-0.006190	0.003831	-0.011032	-0.005526	0.003456	-0.013696	-0.012424	-0.015107	-0.008085	-0.094020	-0.003083	-0.013410	-0.020556	-0.012774	0.001201	-0.024683	-0.036128	-0.000397	-0.016882	-0.009221	-0.008815	-0.036024	-0.002248	0.002880	-0.018593	-0.013832	-0.024916	-0.013035	-0.006649	-0.041070	0.006570	-0.032539	-0.010511	-0.038438	-0.025930	
-0.017720	-0.012667	-0.021292	-0.020330	-0.025850	0.001184	-0.035829	0.021628	-0.020909	-0.005865	-0.029198	0.037565	0.001649	-0.017641	-0.020938	-0.013549	-0.019597	-0.006007	-0.020335	0.013536	-0.025207	0.011552	0.004272	0.013351	-0.019409	0.010453	0.007352	-0.016200	-0.025435	0.002017	-0.005083	0.940507	-0.000321	-0.017324	-0.008266	-0.022754	0.016089	-0.025270	-0.017049	-0.006612	-0.018883	-0.011586	-0.004497	-0.020025	-0.014170	-0.013292	0.006386	-0.032131	-0.025476	-0.009195	-0.045713	-0.036555	-0.017275	-0.014589	-0.026532	-0.034975	0.002137	0.023300	-0.026463	-0.014223	-0.013735	-0.011501	-0.023660	0.011021	0.002290	-0.027491	0.002696	-0.024422	-0.010492	-0.015652	0.014932	-0.010932	-0.020196	-0.016327	-0.019987	-0.021116	-0.008167	-0.042343	-0.035657	-0.005266	-0.009820	-0.020710	-0.023156	0.008543	-0.005457	-0.040243	-0.024168	-0.015666	-0.009296	-0.022164	-0.027693	
-0.021965	0.048979	-0.011583	-0.017516	-0.015187	-0.002792	0.026811	-0.027893	-0.016693	-0.015990	0.007295	0.004029	0.013863	-0.010462	-0.009194	-0.018719	-0.010568	0.010523	0.005386	-0.002477	-0.017498	0.004532	-0.008541	-0.020502	-0.014700	0.012969	0.012974	-0.007783	0.002858	-0.001366	-0.007059	-0.000321	0.940721	-0.003528	-0.009687	0.003623	0.009652	-0.016721	-0.019022	-0.028776	-0.029224	-0.014402	-0.016070	-0.008080	-0.019242	-0.028850	-0.047834	-0.031340	-0.023641	-0.006406	-0.039604	-0.026738	-0.017068	-0.008893	-0.024404	-0.006455	-0.034199	-0.003869	0.000053	0.001350	0.004474	-0.017400	-0.003636	-0.012541	-0.009887	-0.106965	-0.023095	-0.017632	-0.019971	0.003140	-0.015855	-0.024992	-0.027005	-0.016486	-0.014378	-0.012208	-0.031985	-0.014627	-0.042856	-0.015769	-0.001403	-0.012493	-0.037932	-0.050915	-0.018467	-0.027071	0.014701	-0.034389	-0.016956	-0.027627	-0.020670	
-0.030413	-0.090748	0.001547	-0.025153	-0.004326	-0.027558	-0.034281	-0.012435	-0.002494	-0.024350	-0.034398	-0.073715	-0.026044	-0.003994	-0.029758	-0.022988	-0.008076	-0.008996	0.002028	-0.006818	0.006221	-0.020828	-0.030804	-0.024141	-0.027374	-0.020424	-0.024792	-0.013111	0.000754	0.042581	-0.024429	-0.017324	-0.003528	1.045172	0.009740	-0.028532	-0.019826	-0.039834	-0.043485	-0.008066	-0.033600	-0.017908	-0.042350	-0.005700	-0.013727	-0.037195	0.009618	0.014590	-0.010389	-0.026607	-0.001983	-0.032193	-0.031316	-0.033515	-0.020728	0.004955	-0.006214	0.002179	-0.002209	-0.033954	-0.008687	0.002389	-0.034379	0.006329	-0.000532	0.094108	0.011662	-0.005833	0.030240	0.007130	-0.010851	-0.007000	-0.006551	0.001848	-0.002091	-0.012620	-0.006122	-0.024024	-0.002937	0.000271	-0.018259	-0.016443	0.001269	-0.022177	-0.046169	-0.000490	-0.087679	-0.006218	-0.024548	0.001332	-0.050581	
0.004554	0.025847	0.022273	0.000043	0.019067	0.004426	0.028629	0.009237	0.002341	-0.029034	-0.007166	0.099955	-0.013353	-0.041136	-0.024753	-0.023175	-0.041267	0.015755	0.029467	0.004059	0.014820	0.007400	0.021493	0.021299	0.006988	-0.008825	0.018554	-0.009947	-0.000865	0.003559	-0.009353	-0.008266	-0.009687	0.009740	0.983886	0.010523	0.007889	-0.022095	-0.007618	-0.025089	-0.078318	0.025899	-0.018863	-0.046791	-0.020498	-0.008432	-0.043033	-0.058052	0.011414	-0.047365	-0.045538	-0.023454	-0.018867	-0.033200	-0.047920	-0.000670	-0.031213	0.013213	-0.023627	-0.049478	-0.007060	-0.010720	0.002013	-0.019126	-0.029220	-0.158958	-0.009449	-0.011976	-0.010879	-0.012068	-0.068041	-0.033170	-0.039052	-0.036046	-0.034600	-0.032057	0.000094	-0.025224	-0.023092	-0.035906	0.024693	-0.010956	-0.078843	-0.007233	-0.027667	-0.025580	0.017595	-0.031480	-0.002321	-0.053630	-0.027178	
-0.005236	0.040362	0.000419	-0.010521	0.017511	-0.020703	0.035750	0.010439	-0.026360	-0.007066	-0.011137	0.071341	-0.001988	-0.017115	-0.001953	-0.010069	-0.001524	-0.033552	-0.021033	-0.018185	-0.019696	0.001800	0.004168	-0.022915	0.032501	0.007940	0.018866	0.005481	-0.003274	0.018691	0.010103	-0.022754	0.003623	-0.028532	0.010523	0.914532	0.036649	-0.013840	-0.013048	0.004903	-0.037574	-0.028654	0.007667	-0.039300	-0.029049	-0.013309	-0.020601	-0.058613	-0.026892	-0.015182	-0.027725	-0.029173	-0.011721	-0.007543	-0.043686	0.026392	-0.024019	-0.016443	-0.014994	-0.020848	-0.010385	-0.018900	-0.027810	-0.016361	-0.010791	-0.197027	-0.009082	-0.023420	-0.038157	-0.010042	-0.027100	-0.020772	-0.025019	-0.016227	-0.027578	0.000753	-0.007553	-0.013426	-0.009895	-0.030864	-0.004358	-0.007562	-0.025159	-0.036949	-0.007400	-0.047624	-0.005532	-0.031813	-0.012207	-0.042227	-0.025396	
-0.006107	0.032823	0.024127	-0.005247	0.018169	-0.023722	-0.002267	0.002774	0.000279	-0.026415	0.010534	-0.019687	-0.017806	0.008761	-0.017774	-0.027400	-0.016433	-0.030920	0.003553	0.011437	-0.008314	0.015323	-0.002568	-0.018525	0.022939	-0.017319	0.000228	0.001848	0.028531	0.033287	0.003991	0.016089	0.009652	-0.019826	0.007889	0.036649	0.942874	-0.027514	0.001172	-0.036465	-0.055681	-0.034142	-0.005041	-0.039386	-0.020063	-0.032984	-0.017815	-0.030846	-0.009626	-0.040140	-0.022622	-0.025497	-0.011657	-0.041539	-0.034459	0.019208	-0.011024	-0.021315	0.009156	-0.032775	-0.023949	-0.031552	-0.003339	-0.038699	-0.005701	-0.145410	-0.023785	-0.055899	-0.010703	-0.018446	0.006627	-0.020437	-0.029347	-0.028319	-0.030793	-0.034236	-0.006337	-0.018238	-0.020667	-0.015586	-0.012147	-0.013008	-0.050367	-0.009480	-0.020140	-0.043625	0.018305	-0.005010	-0.026017	-0.045344	-0.000496	
0.002257	0.002872	-0.015746	-0.029690	-0.011372	0.003368	0.000183	-0.015228	-0.036796	-0.021026	0.001224	-0.026144	-0.023739	-0.022324	-0.021038	-0.006194	-0.009547	0.002965	-0.015173	-0.020458	-0.008777	-0.018626	-0.022263	-0.012663	-0.008783	-0.009984	-0.025706	-0.013222	-0.021280	-0.003142	-0.008959	-0.025270	-0.016721	-0.039834	-0.022095	-0.013840	-0.027514	1.010782	0.013845	0.005404	-0.019773	-0.002459	-0.008074	0.000708	-0.016914	-0.023669	-0.001003	-0.037811	-0.024347	-0.006852	0.005137	0.004019	-0.021381	0.000699	-0.035291	-0.036945	0.007518	-0.043762	-0.020614	-0.015757	-0.039203	-0.026751	-0.017666	0.008187	-0.029726	-0.102614	-0.026924	-0.030354	-0.066709	0.005622	-0.021152	-0.020893	-0.017938	-0.022166	-0.014581	-0.017515	-0.011690	0.002019	-0.006681	-0.010110	-0.002424	-0.017507	-0.011232	0.003545	-0.011186	-0.017791	0.025105	0.004822	0.002174	-0.025096	0.002644	
0.002435	0.000666	-0.000180	0.003765	0.007426	0.012266	-0.021982	-0.004126	-0.018967	-0.008520	-0.006335	0.002928	-0.015185	-0.031285	-0.002531	-0.022677	-0.005031	-0.014653	-0.016187	-0.012734	-0.012065	-0.011926	-0.019555	0.016062	-0.028876	-0.010981	-0.010956	-0.019334	-0.008169	-0.029445	-0.017614	-0.017049	-0.019022	-0.043485	-0.007618	-0.013048	0.001172	0.013845	0.953856	0.001043	0.008933	-0.008362	-0.019539	-0.003800	0.007037	-0.009677	-0.021774	-0.052032	-0.020995	-0.006112	-0.019634	-0.001236	-0.025619	-0.022996	-0.024304	-0.024031	-0.019121	-0.019526	-0.002277	-0.019414	-0.007157	-0.016468	-0.010970	0.012340	-0.013704	-0.102405	-0.012159	-0.016269	-0.038324	-0.018573	-0.040410	-0.005357	-0.006684	-0.045606	-0.041801	-0.040182	-0.010438	-0.015132	-0.007353	-0.031488	-0.023460	0.003225	0.016197	0.028367	-0.011251	-0.014455	-0.002951	-0.014619	0.007499	-0.033666	-0.009867	
0.007167	-0.056231	0.005143	-0.004992	-0.028492	-0.001758	-0.020469	0.001605	-0.013128	-0.005351	0.005079	0.091792	0.001230	-0.012550	0.014905	-0.010961	-0.023836	-0.016587	-0.025031	-0.007642	-0.017632	0.014377	-0.016006	-0.006243	-0.021017	-0.022019	-0.030780	-0.024801	0.014037	-0.026620	-0.002558	-0.006612	-0.028776	-0.008066	-0.025089	0.004903	-0.036465	0.005404	0.001043	1.000461	-0.021803	-0.026424	-0.007694	-0.014905	-0.014057	-0.012412	-0.026920	-0.035077	-0.015301	-0.006115	-0.006342	-0.025166	-0.014592	-0.027910	-0.038645	0.010338	-0.011166	-0.039568	-0.028948	-0.016402	-0.013869	-0.016157	-0.010841	-0.033687	-0.020179	-0.150442	-0.006629	-0.013414	-0.079505	-0.017685	-0.023007	-0.030735	-0.006848	-0.007799	-0.007816	-0.009441	-0.029685	-0.026444	-0.032739	-0.017869	-0.011597	-0.014907	0.007413	0.009116	-0.001373	-0.043325	0.034650	-0.019690	-0.000488	-0.017210	-0.003478	
-0.042837	-0.147810	-0.015456	-0.033847	-0.025617	-0.034037	-0.097995	-0.029260	-0.019578	0.002451	-0.036556	-0.123763	-0.030364	-0.028944	-0.000775	-0.018934	-0.032202	-0.033459	-0.050171	-0.035265	-0.026062	-0.017212	-0.054645	-0.012142	-0.035243	-0.053103	-0.019631	-0.033997	-0.047729	-0.040279	-0.051044	-0.018883	-0.029224	-0.033600	-0.078318	-0.037574	-0.055681	-0.019773	0.008933	-0.021803	1.193677	-0.010639	0.020855	-0.015001	-0.029846	0.011761	0.045321	0.049201	0.006250	0.022311	0.045521	0.034264	0.008017	0.038678	0.056122	-0.078471	0.007598	-0.047528	-0.021286	-0.011561	-0.038413	-0.029510	-0.013572	-0.015861	-0.026487	0.100555	-0.017123	-0.030000	-0.000580	-0.008139	-0.019096	0.015676	-0.022511	-0.003505	-0.024835	-0.008667	-0.025942	-0.031487	0.015006	-0.000696	-0.030123	-0.013231	0.012202	-0.041659	-0.039761	0.042852	-0.028049	0.003205	-0.028973	0.051286	-0.034268	
-0.021503	-0.060350	-0.018643	-0.031932	-0.007025	-0.022472	-0.028715	-0.015302	0.011226	-0.001421	-0.010092	-0.017127	-0.027334	-0.002980	-0.025817	-0.018558	-0.001654	-0.015407	-0.009521	-0.026099	-0.010882	-0.015787	-0.016266	0.011985	-0.025226	-0.000478	-0.037381	-0.030788	-0.024503	-0.036649	-0.016048	-0.011586	-0.014402	-0.017908	0.025899	-0.028654	-0.034142	-0.002459	-0.008362	-0.026424	-0.010639	1.025166	-0.028975	-0.022888	-0.006780	-0.026784	-0.008411	0.017654	0.003914	-0.040261	-0.023358	-0.007309	0.001130	0.006808	-0.019440	-0.000658	-0.016123	-0.023578	-0.022296	-0.006408	0.000815	-0.012215	-0.022790	-0.006220	-0.019189	0.049790	-0.017274	-0.011897	0.025011	-0.013859	-0.029248	-0.002264	-0.007255	-0.016421	-0.016635	-0.028544	0.005889	-0.016262	0.002068	-0.006017	-0.012438	-0.008511	-0.032733	-0.001966	-0.014473	-0.007744	0.007165	-0.027772	-0.024841	-0.029949	-0.005444	
-0.006663	-0.049519	-0.023235	-0.016476	-0.023825	-0.024994	-0.012621	-0.030706	-0.024031	-0.017652	-0.002196	-0.018420	0.012099	-0.027432	-0.015780	-0.007161	-0.000964	-0.028265	-0.031666	-0.020867	-0.028821	0.013106	-0.011160	-0.050678	-0.024840	-0.031771	-0.003707	-0.025947	-0.015615	-0.012565	-0.025070	-0.004497	-0.016070	-0.042350	-0.018863	0.007667	-0.005041	-0.008074	-0.019539	-0.007694	0.020855	-0.028975	1.032969	-0.011697	-0.005116	0.015625	-0.002508	-0.015725	0.016835	0.000523	0.016810	0.016067	-0.016526	-0.001793	0.011342	-0.006934	-0.015024	-0.029922	-0.016527	-0.023593	-0.023600	-0.032614	-0.002089	-0.029858	-0.014156	0.050401	-0.018551	-0.013337	-0.040838	-0.031109	-0.010649	-0.016627	-0.005778	-0.041595	-0.013287	-0.029723	-0.023972	-0.003624	-0.009607	0.008430	-0.036014	-0.027310	-0.059355	-0.018456	0.015246	-0.039054	-0.026485	-0.007342	0.006535	-0.020505	-0.047412	
-0.028275	0.052268	-0.021324	0.011797	-0.027502	-0.012142	0.009697	0.001824	-0.022254	-0.013051	0.002452	0.020904	-0.013151	0.003273	-0.005611	0.001146	-0.015015	-0.004529	-0.022589	-0.032916	-0.034386	-0.002517	-0.011358	-0.015499	-0.009118	-0.024067	-0.019201	-0.004748	-0.017815	0.000086	-0.020331	-0.020025	-0.008080	-0.005700	-0.046791	-0.039300	-0.039386	0.000708	-0.003800	-0.014905	-0.015001	-0.022888	-0.011697	1.000317	-0.019142	-0.005810	-0.002308	-0.022825	-0.007479	0.011402	-0.014610	-0.023047	0.005691	-0.009955	-0.031608	-0.012080	-0.018020	-0.019122	-0.034217	-0.020727	-0.007329	-0.013863	-0.018233	-0.043841	-0.006622	0.071761	-0.017819	-0.004218	-0.038208	-0.022464	-0.024541	-0.005587	-0.003227	-0.022400	-0.022828	0.004690	-0.019727	-0.018599	-0.011844	-0.010051	-0.024836	-0.023904	-0.059449	0.004723	0.003566	-0.009030	-0.015468	-0.021730	-0.018132	-0.015722	0.001901	
