0.976434	0.028944	0.004918	-0.000915	-0.033353	-0.026328	0.052648	0.007439	0.014217	-0.030614	0.007140	0.035096	-0.011293	0.014624	-0.008294	-0.040945	-0.004737	-0.021190	-0.007337	-0.018604	-0.022505	-0.030487	-0.014541	-0.030850	-0.028633	-0.009557	-0.023586	-0.011523	-0.019429	-0.004495	-0.020100	0.000890	-0.009244	-0.015901	-0.013516	0.010507	-0.024930	0.001224	0.020767	-0.002387	-0.038882	-0.014442	-0.012624	-0.021099	0.019085	-0.007202	-0.060693	-0.032599	-0.002528	-0.007335	-0.045584	-0.031660	-0.002931	0.005213	-0.045478	-0.002966	-0.005744	-0.015429	-0.010107	-0.018472	-0.011270	-0.004060	-0.017837	0.000381	-0.006273	-0.032767	-0.021522	0.004003	-0.013417	-0.034850	-0.026024	-0.033232	-0.052247	-0.027998	-0.006837	-0.010101	-0.000412	-0.002882	-0.021826	-0.008586	-0.009803	-0.036027	-0.039046	-0.013602	-0.006339	0.031473	-0.019744	0.022621	-0.013584	-0.014720	
0.028944	0.846609	0.016120	0.075936	0.080860	0.058799	0.058159	0.069368	0.002037	-0.030941	-0.005855	0.121202	0.003735	0.088132	0.022602	0.001325	-0.037929	0.002085	0.066017	0.027825	-0.032849	0.027421	0.013351	0.042136	0.084773	-0.001873	0.029417	0.017215	0.050658	0.037204	0.031700	0.054160	0.010811	-0.074007	0.041348	0.058752	0.030779	0.040727	0.020944	-0.011175	-0.150950	-0.029264	-0.083356	-0.001682	-0.033859	-0.022306	-0.087559	-0.148589	-0.048749	-0.034916	-0.083118	-0.126350	0.009398	-0.048037	-0.083885	0.093363	-0.065337	-0.065858	0.018870	-0.081684	0.018943	-0.006805	0.015588	0.006434	-0.076161	-0.063162	-0.027134	-0.036534	-0.105607	-0.086802	-0.127618	-0.061778	-0.091675	-0.094387	0.018601	0.049145	-0.059891	-0.090197	0.102977	0.020373	0.057370	-0.061064	-0.098098	0.031997	-0.083527	0.084343	-0.119808	0.030261	-0.092644	-0.050136	
0.004918	0.016120	0.933151	0.006166	-0.027807	-0.006155	0.027220	-0.005750	-0.003488	-0.027792	-0.007492	0.033824	0.000199	-0.009996	-0.002956	0.004638	-0.006282	-0.010458	-0.008859	-0.015007	-0.028001	-0.017986	-0.022851	-0.017420	-0.020138	0.000558	-0.002724	0.004099	-0.026130	-0.011078	-0.008353	0.001273	-0.010903	-0.009973	0.014930	-0.005654	0.006752	-0.015517	-0.009391	0.000955	-0.019498	-0.005113	-0.021226	-0.002675	0.005374	-0.017680	0.004942	-0.051043	-0.013851	-0.028225	-0.015115	-0.024016	-0.009624	-0.009843	-0.020493	0.023943	-0.034515	-0.019040	-0.026902	-0.025939	-0.002086	-0.024613	-0.017268	-0.012593	0.002553	-0.019390	-0.017462	0.016996	-0.036317	-0.029266	-0.045610	-0.024329	-0.036285	-0.018779	0.016122	-0.020818	-0.023005	-0.039655	-0.018954	-0.013490	-0.007112	-0.031570	-0.006325	-0.006213	-0.010842	0.021133	-0.034310	-0.007393	-0.016589	-0.017058	
-0.000915	0.075936	0.006166	0.991944	-0.020204	-0.006695	0.041757	0.007918	-0.010877	-0.029932	0.013918	0.004922	-0.028350	0.012997	-0.010139	-0.002041	0.001381	-0.033645	-0.019053	-0.022777	-0.013744	0.009082	-0.016266	-0.035867	-0.022173	-0.031090	0.006809	-0.021170	-0.009420	-0.002599	-0.022239	-0.023674	-0.038017	-0.025953	-0.013633	-0.037657	-0.020253	-0.026073	0.016469	0.003190	-0.014218	0.008449	-0.001780	0.012417	0.000490	-0.009949	-0.015863	-0.045154	0.000658	-0.025490	-0.028716	-0.029759	-0.015939	-0.016483	-0.030083	0.021034	0.003552	0.013756	-0.012713	-0.029030	-0.012728	-0.037691	-0.023617	-0.015427	-0.013068	-0.008866	-0.033999	-0.035163	-0.013051	-0.013213	-0.031757	-0.014490	-0.006786	-0.047596	0.002561	-0.008926	-0.025321	-0.030611	0.005671	-0.020617	-0.009736	-0.035631	-0.041381	0.011735	-0.035951	-0.005123	-0.007244	0.008223	-0.019384	-0.007317	
-0.033353	0.080860	-0.027807	-0.020204	0.960756	0.021254	0.066741	0.024091	-0.001616	-0.031598	0.010067	-0.008921	-0.007802	0.014303	0.008996	0.002548	-0.008667	-0.015027	-0.022038	0.022714	-0.006377	-0.037354	-0.001094	0.003002	-0.018348	-0.017419	0.008294	-0.007866	0.035227	-0.005912	-0.014509	-0.017990	-0.002309	-0.028357	0.009563	0.005778	-0.000185	0.002566	0.010272	-0.012791	-0.049317	-0.015911	-0.025251	-0.036478	-0.025696	-0.013884	-0.004645	-0.030578	-0.008216	-0.025389	-0.018748	-0.052136	-0.027674	-0.028919	-0.075979	-0.004246	-0.025919	-0.016004	0.000672	-0.028589	-0.005470	0.005734	0.014397	-0.045415	-0.032428	-0.034976	-0.035034	-0.022068	-0.009504	-0.011417	-0.037582	-0.037495	-0.009446	-0.025492	0.008561	-0.003305	-0.049886	-0.036527	0.008461	-0.022537	-0.021329	-0.055258	0.006827	0.002105	-0.013035	0.033987	-0.007810	0.000784	-0.008229	-0.017985	
-0.026328	0.058799	-0.006155	-0.006695	0.021254	0.921043	0.080347	-0.009010	-0.026229	-0.011915	-0.000061	0.040851	-0.012254	0.015531	-0.019436	0.002208	-0.016487	-0.007995	0.008600	0.003489	-0.003297	-0.004027	-0.019793	0.000083	-0.023129	-0.000560	-0.020950	0.009352	-0.005249	-0.030437	-0.012864	-0.012185	-0.020426	-0.028126	-0.008375	-0.012069	-0.021343	-0.001136	-0.007175	0.021982	-0.019793	-0.028778	-0.009246	0.001320	0.006568	0.014001	0.007805	-0.053455	-0.015218	-0.010419	-0.016589	-0.042108	-0.014901	-0.031398	-0.033800	0.018222	-0.009978	-0.014284	-0.022978	-0.032243	-0.018568	-0.007495	0.007528	-0.024347	-0.018463	-0.032453	-0.033015	0.029638	-0.014703	-0.002376	-0.031804	-0.022065	-0.037672	-0.040728	-0.032305	-0.015216	-0.021774	-0.015238	-0.005504	-0.025589	0.004602	-0.039899	0.008934	-0.011616	-0.020146	0.016452	-0.042159	0.021224	-0.033846	-0.023002	
0.052648	0.058159	0.027220	0.041757	0.066741	0.080347	1.028120	0.019249	-0.020413	-0.036930	0.013200	0.132829	-0.028670	-0.019897	-0.027757	-0.002675	0.013968	-0.002773	0.021309	0.002087	-0.036012	0.048014	0.030014	-0.016878	0.047716	-0.001298	-0.025737	0.019869	-0.004990	0.035727	-0.025034	-0.004006	-0.019583	-0.011201	0.006821	-0.000112	-0.019531	-0.025546	0.027129	-0.019476	-0.112720	-0.034751	-0.007751	0.036974	0.009141	-0.050594	-0.081380	-0.115083	-0.033866	-0.081899	0.017350	-0.010539	-0.003514	-0.094881	-0.043295	0.031162	-0.060331	-0.037816	0.017368	-0.019046	-0.052834	0.005354	0.039496	0.002359	-0.024951	-0.040898	-0.080164	-0.094306	-0.040942	-0.063773	-0.029890	-0.083924	-0.090535	-0.066177	-0.019717	0.012087	-0.036438	0.030040	0.071840	-0.026380	-0.041536	-0.126906	-0.054328	-0.051724	-0.039180	0.085889	-0.051447	0.001883	-0.016489	0.008429	
0.007439	0.069368	-0.005750	0.007918	0.024091	-0.009010	0.019249	0.994517	0.013565	-0.023662	-0.006740	0.036071	-0.011702	-0.017994	-0.012154	0.070704	-0.007617	-0.011271	-0.018178	-0.017568	-0.028579	0.002467	-0.007430	-0.026321	-0.003893	-0.002774	-0.002184	-0.004284	-0.033906	-0.030382	-0.002704	0.001755	-0.016416	-0.016404	-0.001189	-0.017312	-0.005949	-0.023332	-0.011181	0.008260	-0.044212	-0.003628	-0.035612	0.004088	-0.018243	-0.003389	-0.015829	-0.009019	-0.003632	-0.010126	-0.011522	-0.002369	-0.029588	-0.032946	-0.027205	-0.018446	-0.018314	0.023238	-0.011552	-0.023744	-0.019214	-0.024351	-0.027513	-0.020007	-0.021629	-0.012806	-0.017138	-0.022549	-0.035668	-0.027263	-0.023015	-0.021200	-0.025857	-0.029651	-0.024588	0.005748	-0.015222	-0.049291	0.010228	-0.018084	-0.011343	-0.055612	-0.043814	-0.032742	-0.022486	-0.003295	-0.036234	-0.028290	-0.034769	-0.006949	
0.014217	0.002037	-0.003488	-0.010877	-0.001616	-0.026229	-0.020413	0.013565	0.995691	-0.030307	0.003797	-0.001893	0.016663	-0.011060	-0.007985	-0.029562	-0.031010	0.010625	-0.016472	0.005608	-0.020368	-0.029415	-0.012931	0.000903	-0.027782	-0.020197	-0.029838	-0.002789	-0.027571	-0.011971	-0.021945	-0.021272	0.000364	0.010416	0.019689	-0.014398	-0.007698	-0.028307	-0.031778	-0.006396	-0.034591	0.004856	-0.022568	-0.031446	-0.009725	-0.026861	-0.025011	0.007451	-0.013102	-0.010139	-0.011633	-0.009508	-0.036040	-0.009020	-0.020878	-0.000781	-0.006539	0.012913	-0.014826	-0.018696	-0.027771	-0.037135	-0.013397	-0.005810	-0.015555	-0.010296	-0.021409	0.017588	0.016125	-0.011596	-0.051230	-0.031775	-0.008692	-0.016153	-0.005935	-0.011783	-0.015731	0.006150	-0.031378	-0.027343	-0.017466	-0.015164	-0.029087	-0.014019	0.002896	-0.019987	-0.017157	-0.011136	-0.026505	-0.033468	
-0.030614	-0.030941	-0.027792	-0.029932	-0.031598	-0.011915	-0.036930	-0.023662	-0.030307	1.013967	-0.004083	-0.014905	-0.013298	0.002523	0.006991	-0.015580	-0.002783	-0.022184	-0.012193	-0.012438	-0.003186	-0.016619	-0.019048	-0.032001	-0.002065	-0.001120	0.002474	-0.014964	0.006897	-0.004134	-0.010639	-0.003419	0.001589	-0.011667	-0.038170	-0.007506	-0.022063	-0.013632	-0.031051	-0.017571	-0.014974	-0.027152	0.001467	0.024348	0.000501	-0.008354	-0.030263	-0.022699	-0.016405	-0.004906	-0.032056	-0.032942	-0.020553	-0.001937	-0.024066	-0.024579	-0.010419	-0.023326	-0.002069	-0.023467	-0.017018	-0.020119	-0.005249	-0.001300	-0.030375	-0.027324	-0.015982	-0.011349	-0.021582	-0.024157	-0.031332	-0.013388	-0.014043	-0.033892	0.008445	-0.031045	-0.023672	-0.015364	-0.008388	-0.022708	-0.002347	0.031608	-0.002784	-0.017065	-0.014689	0.049834	0.007083	-0.019006	-0.004426	-0.011938	
0.007140	-0.005855	-0.007492	0.013918	0.010067	-0.000061	0.013200	-0.006740	0.003797	-0.004083	0.985868	-0.009159	-0.001244	-0.023253	0.013136	-0.025798	-0.013910	-0.013956	-0.006143	-0.003129	-0.019448	-0.015129	-0.015349	-0.024162	-0.001711	-0.028596	-0.040364	-0.033284	-0.004897	-0.010187	-0.032319	-0.035786	0.004288	-0.039844	-0.007347	-0.020757	-0.018412	-0.004081	-0.009069	0.011343	-0.038410	-0.002801	-0.004101	-0.008786	-0.014972	0.010693	-0.044879	-0.039505	-0.020076	-0.024727	-0.034107	-0.033387	-0.029023	-0.011014	-0.015555	-0.004387	-0.021725	0.000094	-0.017322	0.007373	-0.001847	0.006868	-0.029894	0.012994	0.000126	-0.023805	-0.017291	-0.022924	-0.040253	-0.047694	-0.029462	-0.027898	-0.038477	-0.029319	0.006123	-0.010233	-0.002537	-0.014288	0.021335	0.011523	-0.018513	-0.009735	-0.057917	-0.012725	-0.007022	0.006765	-0.011037	0.013003	-0.026912	-0.026273	
0.035096	0.121202	0.033824	0.004922	-0.008921	0.040851	0.132829	0.036071	-0.001893	-0.014905	-0.009159	0.987925	0.024661	0.045650	-0.019611	0.053971	-0.015472	-0.001258	0.005181	0.066707	-0.039084	0.034029	0.026618	0.008377	0.046519	-0.049451	0.013053	-0.007838	0.006497	0.003054	0.027366	0.003992	-0.063077	-0.031211	0.035947	0.080651	-0.012582	-0.003440	-0.000975	0.065703	-0.120785	-0.003500	-0.023556	-0.016299	-0.000278	-0.004201	0.014605	-0.107727	-0.055396	-0.065388	-0.045064	-0.091230	-0.024406	-0.070574	-0.079602	0.005456	0.045022	-0.036977	-0.047111	0.002607	-0.063650	-0.002008	-0.023294	0.015693	-0.003882	-0.045145	-0.022406	-0.098767	-0.092708	0.001014	-0.116343	-0.085247	-0.110884	-0.105558	0.001347	-0.000113	-0.024787	-0.048739	0.088856	-0.004675	0.024763	0.007477	-0.058363	0.015747	-0.095188	0.086956	-0.031304	-0.028111	-0.050051	-0.016211	
-0.011293	0.003735	0.000199	-0.028350	-0.007802	-0.012254	-0.028670	-0.011702	0.016663	-0.013298	-0.001244	0.024661	1.021251	-0.011309	-0.008006	-0.020131	-0.026993	-0.006082	0.000188	-0.005304	-0.033257	-0.003241	-0.006587	-0.026380	0.000219	0.009861	-0.011433	-0.021629	-0.024968	0.001005	-0.001429	0.004223	-0.009039	-0.002702	-0.008421	-0.024855	0.005923	-0.011182	-0.011497	-0.005131	-0.029671	-0.012181	-0.010315	-0.017137	-0.030678	-0.028354	-0.053951	-0.031682	-0.038836	0.000750	-0.028989	-0.020305	-0.027133	-0.004491	-0.014808	0.001479	-0.033253	-0.003563	-0.002006	-0.001965	-0.024532	-0.013122	-0.012438	0.009289	0.016720	-0.022165	-0.002015	-0.025002	-0.023745	-0.013837	-0.031652	-0.024809	-0.042945	-0.033831	-0.001670	-0.011978	-0.032483	-0.040066	-0.022520	-0.024242	-0.007161	-0.033666	-0.002410	-0.022740	-0.007567	-0.011633	-0.017378	0.007268	-0.014406	-0.022366	
0.014624	0.088132	-0.009996	0.012997	0.014303	0.015531	-0.019897	-0.017994	-0.011060	0.002523	-0.023253	0.045650	-0.011309	1.158429	-0.008092	0.015877	-0.012944	0.016286	-0.008949	-0.004185	-0.054494	-0.017384	-0.053138	0.005557	-0.031899	0.005248	0.017119	-0.030619	-0.030602	-0.019592	0.002154	-0.029514	-0.004574	-0.008019	-0.032921	-0.034421	-0.009142	-0.019272	-0.011763	-0.018193	-0.016038	-0.050762	-0.048820	-0.015991	-0.018280	0.005393	-0.059459	-0.010314	0.001375	0.019285	-0.066681	-0.042711	0.001589	-0.046918	-0.022469	0.028407	-0.036241	-0.022830	0.009348	-0.008761	-0.025338	-0.022500	-0.020406	-0.034355	-0.055136	-0.032939	-0.038785	0.008789	-0.043758	-0.038472	0.030999	-0.005447	-0.009297	-0.030911	-0.020524	-0.009337	-0.036208	0.003091	0.115788	0.023461	-0.042054	0.027972	-0.008651	-0.025829	-0.071933	-0.000899	-0.036825	-0.027997	-0.002161	-0.030280	
-0.008294	0.022602	-0.002956	-0.010139	0.008996	-0.019436	-0.027757	-0.012154	-0.007985	0.006991	0.013136	-0.019611	-0.008006	-0.008092	1.091851	0.005669	-0.027512	-0.011582	-0.030037	-0.003551	-0.000906	-0.019618	-0.025653	-0.021705	-0.014487	-0.002178	0.003630	-0.012819	-0.025808	-0.019986	-0.013810	-0.027914	-0.035404	-0.031815	-0.021221	-0.028303	-0.009142	-0.021837	-0.023656	-0.014554	0.028586	-0.009037	-0.013550	-0.006415	-0.012246	-0.010658	-0.011551	0.010340	-0.013816	-0.020809	-0.021093	-0.002273	-0.009553	-0.010646	-0.013646	-0.024205	-0.020726	-0.017442	-0.008331	-0.025047	-0.020593	-0.019055	-0.019900	-0.014450	-0.022913	-0.031574	-0.039871	-0.015661	-0.022287	-0.024751	-0.030088	-0.012670	-0.028125	-0.010081	0.005218	-0.016311	-0.003121	-0.000671	-0.005611	-0.029634	-0.035887	-0.003956	-0.004162	-0.012370	-0.030984	-0.012122	-0.050666	-0.029529	-0.009600	-0.017149	
-0.040945	0.001325	0.004638	-0.002041	0.002548	0.002208	-0.002675	0.070704	-0.029562	-0.015580	-0.025798	0.053971	-0.020131	0.015877	0.005669	0.959590	-0.018580	-0.023407	-0.006823	-0.011928	-0.013511	-0.000601	-0.009537	-0.020143	-0.012118	-0.013924	-0.007754	-0.011909	-0.022558	-0.004196	-0.014628	-0.020601	-0.019019	-0.021079	-0.017340	-0.012269	-0.022850	-0.003967	-0.023673	-0.005921	-0.016380	-0.025099	-0.024806	-0.010891	-0.014885	-0.024501	-0.022171	-0.019689	-0.001117	-0.031839	-0.017288	-0.019665	0.012910	-0.026827	-0.021265	-0.024561	-0.029303	-0.010002	-0.004073	-0.026358	-0.015439	-0.020822	-0.002084	0.014506	-0.034159	0.003469	-0.021763	-0.038050	-0.023665	-0.019292	0.002067	-0.028079	-0.019874	-0.017028	-0.016570	-0.013959	-0.007548	-0.017409	0.026124	-0.018271	-0.028447	-0.020614	-0.023399	-0.013049	-0.021468	-0.028839	-0.002712	-0.023024	-0.002544	0.003209	
-0.004737	-0.037929	-0.006282	0.001381	-0.008667	-0.016487	0.013968	-0.007617	-0.031010	-0.002783	-0.013910	-0.015472	-0.026993	-0.012944	-0.027512	-0.018580	0.982036	-0.034150	-0.019821	-0.022421	-0.024113	-0.006440	-0.007892	0.007568	-0.032470	-0.036149	-0.039350	-0.031185	-0.042310	-0.007449	-0.022808	-0.023290	-0.026562	-0.027346	-0.033804	0.009808	-0.015441	0.004399	-0.010017	-0.012628	-0.010209	0.010946	0.001792	-0.017549	-0.012831	-0.020925	-0.020068	0.011944	-0.027050	-0.023650	0.007605	0.005554	0.000212	0.005862	-0.001681	-0.001279	-0.017294	-0.041831	-0.021289	-0.010158	-0.015539	-0.022879	-0.005088	-0.044385	-0.013457	-0.011491	-0.015335	-0.004629	-0.027369	-0.017365	0.005244	-0.004120	-0.012040	-0.004845	-0.014088	-0.010362	-0.001531	-0.007298	-0.014223	-0.022698	-0.011481	0.033950	0.008509	-0.025495	-0.020259	-0.041000	-0.003130	-0.015868	0.007441	-0.003165	
-0.021190	0.002085	-0.010458	-0.033645	-0.015027	-0.007995	-0.002773	-0.011271	0.010625	-0.022184	-0.013956	-0.001258	-0.006082	0.016286	-0.011582	-0.023407	-0.034150	0.995292	0.012209	0.018496	-0.007392	0.035618	-0.007839	0.007613	-0.002852	-0.011596	-0.000958	-0.001625	0.000354	0.002294	0.003802	-0.010711	-0.006677	-0.014301	-0.016130	-0.006885	-0.013694	-0.008319	-0.032806	-0.027367	-0.047928	-0.024838	-0.025656	-0.037449	-0.017992	0.000223	-0.028254	-0.015031	-0.006235	-0.017162	-0.039463	-0.036992	-0.034919	-0.030667	-0.026456	-0.005851	-0.007347	-0.022830	-0.002189	-0.006023	-0.011332	0.009171	0.007860	-0.015372	-0.013154	-0.013481	-0.018690	-0.039623	-0.031509	-0.022087	-0.034857	0.006987	-0.023355	0.005430	-0.002289	-0.023380	-0.029298	-0.024167	0.036503	-0.034805	-0.004899	-0.033177	-0.020474	-0.013732	-0.026281	0.034422	-0.035744	-0.009126	-0.040349	-0.034574	
-0.007337	0.066017	-0.008859	-0.019053	-0.022038	0.008600	0.021309	-0.018178	-0.016472	-0.012193	-0.006143	0.005181	0.000188	-0.008949	-0.030037	-0.006823	-0.019821	0.012209	0.903400	0.008613	0.003339	-0.003566	0.018660	-0.027528	0.008420	-0.003639	0.009978	0.000215	0.011872	-0.006753	-0.001200	-0.010106	0.014343	-0.004395	-0.011108	-0.016588	0.000495	-0.007224	-0.012755	-0.036659	-0.052633	-0.026062	-0.012804	-0.028995	-0.019267	-0.028569	-0.038312	-0.028299	-0.010992	-0.018385	-0.008735	-0.030393	-0.019675	-0.013448	-0.029052	0.009029	-0.013244	-0.008099	0.013586	-0.024419	-0.018220	-0.019579	-0.004690	0.001129	-0.009108	-0.002777	-0.008440	-0.008220	-0.009558	-0.018514	-0.036613	-0.030181	-0.007255	-0.024352	-0.002849	-0.003022	-0.026783	-0.038551	0.005283	-0.015088	-0.012035	-0.054300	-0.013233	-0.032612	-0.032310	0.004103	-0.027131	-0.024927	-0.049504	-0.009286	
-0.018604	0.027825	-0.015007	-0.022777	0.022714	0.003489	0.002087	-0.017568	0.005608	-0.012438	-0.003129	0.066707	-0.005304	-0.004185	-0.003551	-0.011928	-0.022421	0.018496	0.008613	0.909015	0.005722	-0.010232	-0.010932	0.003865	-0.006417	0.006327	-0.013287	0.005218	0.016356	0.008057	0.002186	0.000392	-0.004372	-0.023735	0.008855	0.004865	0.007907	-0.012236	-0.019469	-0.032826	-0.035119	-0.018698	-0.013531	-0.040058	-0.020100	-0.024473	0.006989	-0.048223	-0.014960	-0.010480	-0.012136	-0.035389	-0.023546	-0.021531	-0.022719	0.014888	-0.010521	0.004343	-0.007589	-0.012769	-0.007447	-0.001417	-0.016591	-0.008114	-0.017113	-0.013178	-0.027162	-0.042661	-0.021549	0.001076	-0.041586	-0.031286	-0.036700	-0.010696	-0.024200	-0.018533	-0.009108	-0.054387	0.043252	-0.031360	-0.013777	-0.059481	-0.015006	-0.020556	-0.035720	-0.003287	-0.004329	-0.027981	-0.044735	-0.015521	
-0.022505	-0.032849	-0.028001	-0.013744	-0.006377	-0.003297	-0.036012	-0.028579	-0.020368	-0.003186	-0.019448	-0.039084	-0.033257	-0.054494	-0.000906	-0.013511	-0.024113	-0.007392	0.003339	0.005722	0.909126	-0.024333	0.022545	0.034412	0.006543	0.022786	0.005423	-0.023602	-0.019510	-0.013205	-0.001269	0.009651	-0.014441	0.020161	0.016734	-0.003419	-0.025909	-0.006822	-0.025766	-0.035486	-0.047912	-0.009246	-0.026497	-0.014182	0.008284	-0.023209	-0.006240	-0.041213	-0.005348	-0.042497	-0.054826	-0.014539	-0.023003	-0.023498	-0.010303	-0.008591	-0.016825	0.001915	-0.000877	-0.016897	-0.006936	0.013466	-0.000256	-0.034730	0.003262	-0.013407	-0.009784	-0.015038	-0.010929	-0.000989	-0.003580	-0.008757	0.001151	-0.012777	-0.008871	-0.029486	-0.021996	-0.017879	-0.067119	-0.014711	-0.035827	-0.030114	-0.037567	-0.024963	-0.011279	-0.059387	-0.015556	-0.011715	-0.006005	-0.019963	
-0.030487	0.027421	-0.017986	0.009082	-0.037354	-0.004027	0.048014	0.002467	-0.029415	-0.016619	-0.015129	0.034029	-0.003241	-0.017384	-0.019618	-0.000601	-0.006440	0.035618	-0.003566	-0.010232	-0.024333	0.971238	-0.007162	-0.008939	0.016351	0.000282	-0.003835	-0.005129	-0.000753	0.010121	0.011623	-0.003037	-0.021008	-0.010701	0.002195	-0.003155	0.018025	-0.027337	0.007534	-0.006796	-0.029690	-0.019307	-0.008862	-0.001202	0.006255	-0.021876	-0.040566	-0.030926	-0.034702	-0.043792	-0.013013	-0.028463	-0.042828	-0.010097	-0.044755	-0.006521	0.002325	-0.025729	-0.010259	0.007438	-0.021074	-0.012952	-0.028367	-0.003642	-0.034992	-0.012102	-0.006886	-0.015690	-0.017820	-0.022832	-0.018003	-0.030693	-0.030345	-0.027278	-0.016802	-0.012744	-0.026274	-0.026951	0.005003	-0.010051	-0.024889	0.006984	-0.036636	0.000887	-0.027582	0.024454	-0.040502	-0.033923	-0.022298	-0.025892	
-0.014541	0.013351	-0.022851	-0.016266	-0.001094	-0.019793	0.030014	-0.007430	-0.012931	-0.019048	-0.015349	0.026618	-0.006587	-0.053138	-0.025653	-0.009537	-0.007892	-0.007839	0.018660	-0.010932	0.022545	-0.007162	0.975176	-0.005799	-0.035254	0.023028	0.022292	0.010278	0.013236	-0.011129	0.000008	-0.011487	0.004345	-0.038396	0.048007	0.001499	0.008470	-0.019201	-0.028951	-0.023929	-0.062819	-0.013815	-0.012723	-0.005976	-0.033353	-0.035448	-0.014222	-0.047708	-0.027526	0.008051	-0.019613	-0.013457	-0.043920	-0.031928	-0.030293	-0.015940	-0.032397	0.000436	-0.016231	-0.012917	-0.010338	-0.007130	-0.012639	0.013691	0.004902	-0.003562	-0.007546	-0.006779	-0.022992	-0.026156	-0.009074	-0.016394	-0.027248	-0.014268	-0.024626	-0.020708	-0.036201	-0.015710	0.007926	-0.000825	-0.021023	-0.035897	-0.068801	-0.000680	-0.039917	0.016812	-0.032800	-0.005132	-0.022632	-0.025140	
-0.030850	0.042136	-0.017420	-0.035867	0.003002	0.000083	-0.016878	-0.026321	0.000903	-0.032001	-0.024162	0.008377	-0.026380	0.005557	-0.021705	-0.020143	0.007568	0.007613	-0.027528	0.003865	0.034412	-0.008939	-0.005799	0.965950	-0.006876	-0.012722	-0.002898	-0.026219	0.020020	-0.020919	-0.007385	0.004481	0.013789	-0.011095	0.035984	-0.025891	-0.003405	-0.023066	-0.010142	-0.023417	-0.012538	-0.000802	-0.022260	-0.029478	0.007083	-0.014293	-0.028199	-0.060796	-0.022446	-0.030182	-0.007704	-0.042142	-0.035251	-0.023792	-0.021246	-0.048165	-0.012276	-0.030539	0.004477	-0.011507	0.018719	-0.015303	-0.035808	-0.012611	-0.021960	-0.014121	-0.000594	0.010340	0.004369	-0.021728	-0.025846	-0.026333	0.018485	-0.027820	0.002456	-0.017257	-0.025986	-0.000744	-0.002483	-0.015161	0.009224	-0.057507	0.004811	-0.012047	-0.052608	0.011480	-0.038257	-0.028939	-0.012088	-0.010386	
-0.028633	0.084773	-0.020138	-0.022173	-0.018348	-0.023129	0.047716	-0.003893	-0.027782	-0.002065	-0.001711	0.046519	0.000219	-0.031899	-0.014487	-0.012118	-0.032470	-0.002852	0.008420	-0.006417	0.006543	0.016351	-0.035254	-0.006876	1.014860	-0.009517	-0.008705	0.003903	-0.014009	-0.011292	0.000409	-0.020150	-0.019127	-0.030266	-0.002698	0.025575	0.021658	-0.011587	-0.023938	0.000180	-0.056645	-0.008509	-0.022416	-0.034404	-0.021096	-0.025843	-0.005258	-0.032401	-0.028651	-0.029297	-0.020521	-0.034292	-0.041607	-0.007980	-0.038960	0.028890	-0.015937	0.008282	-0.008334	-0.011678	-0.011691	0.000115	-0.014178	-0.013608	0.010558	-0.007082	-0.006220	-0.002694	-0.039505	-0.008202	-0.012058	-0.019278	-0.018752	-0.017020	-0.005137	-0.016838	-0.038211	-0.041355	0.000997	-0.003757	-0.002494	-0.062970	-0.046625	-0.005364	-0.002949	-0.020727	-0.034015	-0.006834	-0.035611	-0.034226	
-0.009557	-0.001873	0.000558	-0.031090	-0.017419	-0.000560	-0.001298	-0.002774	-0.020197	-0.001120	-0.028596	-0.049451	0.009861	0.005248	-0.002178	-0.013924	-0.036149	-0.011596	-0.003639	0.006327	0.022786	0.000282	0.023028	-0.012722	-0.009517	0.976474	-0.011064	-0.019669	0.007711	0.004062	0.000400	0.006459	0.028884	-0.020287	-0.003334	-0.004462	-0.006335	-0.005886	-0.013141	-0.014663	-0.056991	-0.002923	-0.028577	-0.033366	-0.021536	-0.021327	-0.037414	-0.018405	-0.037215	-0.026258	-0.057683	-0.027477	-0.015574	-0.012086	-0.027885	-0.029285	-0.014535	-0.016111	-0.018108	-0.008646	-0.012892	-0.007865	-0.007624	-0.028956	0.004431	-0.002115	-0.021531	0.001684	-0.035089	0.002513	0.008020	-0.025744	-0.034444	-0.035655	-0.022370	-0.011295	-0.039613	-0.034842	-0.007728	-0.008670	-0.009079	-0.041789	-0.047731	-0.004463	-0.032983	0.034273	-0.019263	-0.025341	-0.013982	-0.009024	
-0.023586	0.029417	-0.002724	0.006809	0.008294	-0.020950	-0.025737	-0.002184	-0.029838	0.002474	-0.040364	0.013053	-0.011433	0.017119	0.003630	-0.007754	-0.039350	-0.000958	0.009978	-0.013287	0.005423	-0.003835	0.022292	-0.002898	-0.008705	-0.011064	0.967809	-0.030558	0.006733	0.026175	-0.019105	0.009993	0.008883	0.008760	0.040590	0.007737	0.018132	-0.033176	-0.020826	-0.016131	-0.037344	-0.031967	-0.003307	-0.026653	-0.003073	-0.015657	-0.022717	-0.018788	-0.024677	-0.017617	-0.043021	-0.037770	-0.031594	-0.014722	-0.032843	-0.006463	-0.015539	-0.033632	-0.005731	-0.006550	-0.025183	-0.001792	-0.016561	0.035689	-0.011048	-0.018493	-0.042042	0.005597	-0.027716	-0.013775	-0.014595	-0.017198	-0.019520	0.006481	-0.023612	-0.003546	-0.032175	-0.055135	-0.028624	-0.011499	-0.033140	-0.072521	-0.021891	0.007087	-0.045143	0.003339	-0.020340	-0.018059	-0.042420	-0.028445	
-0.011523	0.017215	0.004099	-0.021170	-0.007866	0.009352	0.019869	-0.004284	-0.002789	-0.014964	-0.033284	-0.007838	-0.021629	-0.030619	-0.012819	-0.011909	-0.031185	-0.001625	0.000215	0.005218	-0.023602	-0.005129	0.010278	-0.026219	0.003903	-0.019669	-0.030558	0.977256	-0.010550	-0.008515	0.007535	-0.001236	-0.003346	-0.016342	0.021714	0.018596	0.026462	-0.017510	-0.027269	-0.023040	-0.054332	-0.017062	-0.017145	-0.000489	-0.009272	-0.034670	-0.028917	-0.055917	0.003667	-0.013561	-0.016125	-0.029471	-0.011818	-0.018971	-0.014621	0.013207	-0.019244	-0.014680	-0.028112	-0.018242	-0.007222	-0.021917	0.012790	-0.005539	-0.005664	-0.001088	-0.029967	0.000626	-0.030317	-0.000638	-0.024040	-0.027861	-0.011030	-0.014189	-0.006237	-0.023247	-0.022113	-0.009770	-0.008686	-0.013185	-0.012910	-0.073481	-0.051338	-0.014599	-0.047479	0.009116	-0.021230	0.013467	-0.023160	-0.036255	
-0.019429	0.050658	-0.026130	-0.009420	0.035227	-0.005249	-0.004990	-0.033906	-0.027571	0.006897	-0.004897	0.006497	-0.024968	-0.030602	-0.025808	-0.022558	-0.042310	0.000354	0.011872	0.016356	-0.019510	-0.000753	0.013236	0.020020	-0.014009	0.007711	0.006733	-0.010550	0.989860	-0.000857	0.002098	-0.003049	0.012797	0.001920	0.021063	-0.015927	0.043837	-0.026245	0.001510	-0.005116	-0.046428	-0.013121	-0.040728	-0.011881	-0.016442	-0.011042	-0.019461	-0.043874	-0.020802	-0.007930	-0.029278	-0.043267	-0.012238	-0.034634	-0.038608	0.006351	-0.030031	-0.006131	-0.002148	-0.004153	0.005678	-0.000342	-0.003519	-0.025244	-0.019653	-0.006817	-0.026912	-0.013247	-0.025604	-0.039290	-0.022018	-0.024920	-0.028101	-0.023159	-0.022472	-0.003955	-0.015396	-0.019942	0.015516	-0.027688	-0.012586	-0.058824	-0.064907	-0.023839	-0.032319	-0.040271	-0.032621	-0.007734	-0.037389	-0.007332	
-0.004495	0.037204	-0.011078	-0.002599	-0.005912	-0.030437	0.035727	-0.030382	-0.011971	-0.004134	-0.010187	0.003054	0.001005	-0.019592	-0.019986	-0.004196	-0.007449	0.002294	-0.006753	0.008057	-0.013205	0.010121	-0.011129	-0.020919	-0.011292	0.004062	0.026175	-0.008515	-0.000857	0.994185	-0.017313	0.007617	-0.001358	0.034054	0.017819	0.018520	0.038760	-0.016431	-0.025375	-0.021165	-0.045518	-0.014620	-0.040077	-0.002224	-0.009983	-0.013877	-0.031494	-0.042496	-0.029765	-0.032294	-0.019478	-0.025702	-0.001668	-0.036890	-0.032148	0.002518	-0.012225	-0.008215	-0.019756	0.011648	-0.012964	-0.012294	-0.003488	-0.011768	-0.023524	0.000009	-0.017587	-0.054393	-0.061037	-0.021207	-0.033069	-0.024395	-0.028615	-0.043043	-0.023610	0.000093	-0.032125	-0.044048	0.020087	-0.019606	-0.007792	0.000637	-0.054390	-0.002916	-0.041027	-0.008112	-0.032970	-0.001270	-0.030948	-0.020726	
-0.020100	0.031700	-0.008353	-0.022239	-0.014509	-0.012864	-0.025034	-0.002704	-0.021945	-0.010639	-0.032319	0.027366	-0.001429	0.002154	-0.013810	-0.014628	-0.022808	0.003802	-0.001200	0.002186	-0.001269	0.011623	0.000008	-0.007385	0.000409	0.000400	-0.019105	0.007535	0.002098	-0.017313	0.990139	-0.022818	-0.007900	-0.038277	-0.011708	0.017365	0.000108	-0.014074	-0.006458	-0.003138	-0.046715	-0.013931	-0.040464	-0.016552	-0.016341	-0.018147	-0.041271	-0.050496	-0.017280	-0.009566	-0.032978	-0.038927	-0.018436	-0.036205	-0.044656	0.020139	-0.007011	0.008141	-0.001725	-0.002018	0.016790	-0.001908	-0.020095	-0.016063	-0.004645	-0.013154	-0.026263	-0.008653	-0.013514	-0.005080	-0.006518	-0.020802	-0.005533	-0.029699	-0.029431	-0.001237	-0.031017	-0.018083	0.003271	-0.011294	-0.011076	-0.014888	-0.032234	-0.028685	-0.029302	-0.003355	-0.026376	-0.021358	-0.048401	0.000080	
0.000890	0.054160	0.001273	-0.023674	-0.017990	-0.012185	-0.004006	0.001755	-0.021272	-0.003419	-0.035786	0.003992	0.004223	-0.029514	-0.027914	-0.020601	-0.023290	-0.010711	-0.010106	0.000392	0.009651	-0.003037	-0.011487	0.004481	-0.020150	0.006459	0.009993	-0.001236	-0.003049	0.007617	-0.022818	0.975470	-0.018717	-0.027319	-0.006199	-0.021816	0.032613	-0.018590	-0.000927	-0.028775	-0.006603	-0.009392	-0.012887	0.002503	-0.024800	-0.017429	-0.036526	-0.026700	-0.017388	-0.010186	-0.045689	-0.027995	-0.027192	-0.009533	-0.025978	-0.047615	0.007908	0.029400	-0.027516	-0.026235	-0.017572	-0.010295	-0.025346	0.003337	-0.008629	-0.026287	-0.009593	0.014632	-0.023815	-0.013162	-0.002279	-0.006484	-0.011478	-0.025860	-0.003071	-0.003479	-0.029611	-0.028356	-0.029878	-0.025709	-0.014721	-0.040388	-0.013417	-0.011263	-0.002971	0.028560	-0.028743	-0.018216	-0.019950	-0.040819	
-0.009244	0.010811	-0.010903	-0.038017	-0.002309	-0.020426	-0.019583	-0.016416	0.000364	0.001589	0.004288	-0.063077	-0.009039	-0.004574	-0.035404	-0.019019	-0.026562	-0.006677	0.014343	-0.004372	-0.014441	-0.021008	0.004345	0.013789	-0.019127	0.028884	0.008883	-0.003346	0.012797	-0.001358	-0.007900	-0.018717	1.010755	0.032856	0.015449	-0.008142	-0.005700	-0.008427	-0.010069	-0.019336	-0.052414	-0.029496	-0.044039	-0.025538	-0.030259	-0.035977	-0.044784	-0.052154	-0.023076	-0.018996	-0.038994	-0.029715	-0.008741	-0.006016	-0.011091	-0.004512	-0.015342	0.013926	0.019277	-0.021514	-0.018042	-0.013754	-0.030751	-0.002052	0.000628	-0.010418	-0.020569	-0.029163	-0.008054	-0.011660	-0.003878	-0.018054	-0.035890	-0.002692	-0.010763	-0.012207	-0.014737	-0.042684	-0.016918	-0.006019	-0.009807	-0.042083	-0.035816	-0.024802	-0.038135	-0.007616	-0.015015	-0.014541	-0.025451	-0.048907	
-0.015901	-0.074007	-0.009973	-0.025953	-0.028357	-0.028126	-0.011201	-0.016404	0.010416	-0.011667	-0.039844	-0.031211	-0.002702	-0.008019	-0.031815	-0.021079	-0.027346	-0.014301	-0.004395	-0.023735	0.020161	-0.010701	-0.038396	-0.011095	-0.030266	-0.020287	0.008760	-0.016342	0.001920	0.034054	-0.038277	-0.027319	0.032856	1.026622	-0.001593	0.011942	-0.037065	-0.021168	-0.031594	-0.009707	-0.015648	-0.007222	-0.025616	-0.006562	-0.036611	-0.028938	0.001146	-0.003462	-0.035176	-0.031979	0.004418	-0.027185	-0.006020	-0.012389	-0.012067	-0.020947	-0.003072	-0.033750	-0.020112	-0.027311	-0.011560	0.011544	-0.035098	-0.032665	-0.020386	0.001823	-0.016048	0.007518	0.033365	0.002349	-0.010670	-0.001837	0.021766	-0.013160	-0.015962	-0.029026	-0.016308	-0.005020	-0.042268	-0.005400	-0.026753	-0.002389	-0.014314	-0.075564	0.000312	-0.104775	-0.011540	-0.022925	0.000753	-0.032744	
-0.013516	0.041348	0.014930	-0.013633	0.009563	-0.008375	0.006821	-0.001189	0.019689	-0.038170	-0.007347	0.035947	-0.008421	-0.032921	-0.021221	-0.017340	-0.033804	-0.016130	-0.011108	0.008855	0.016734	0.002195	0.048007	0.035984	-0.002698	-0.003334	0.040590	0.021714	0.021063	0.017819	-0.011708	-0.006199	0.015449	-0.001593	0.980559	0.008107	-0.000250	-0.029266	-0.004779	-0.011132	-0.057685	0.015898	-0.015712	-0.061299	-0.023532	0.014116	-0.022648	-0.052088	-0.002000	-0.081797	-0.060514	-0.000416	-0.028291	-0.034468	-0.046271	-0.012908	-0.022362	-0.013069	-0.032502	-0.006763	-0.029257	-0.016177	-0.013033	-0.017718	-0.055391	0.007322	-0.018019	-0.012576	-0.042284	-0.065632	-0.042163	-0.028451	-0.035132	-0.019950	-0.003884	-0.014639	-0.009144	-0.030020	-0.024921	0.018623	0.005333	-0.086517	-0.021209	0.009736	-0.043794	-0.005309	-0.035415	0.005986	-0.030589	-0.061688	
0.010507	0.058752	-0.005654	-0.037657	0.005778	-0.012069	-0.000112	-0.017312	-0.014398	-0.007506	-0.020757	0.080651	-0.024855	-0.034421	-0.028303	-0.012269	0.009808	-0.006885	-0.016588	0.004865	-0.003419	-0.003155	0.001499	-0.025891	0.025575	-0.004462	0.007737	0.018596	-0.015927	0.018520	0.017365	-0.021816	-0.008142	0.011942	0.008107	0.922848	0.017244	-0.019769	0.002891	0.004612	-0.056981	-0.026460	-0.009606	-0.032244	-0.042124	-0.008853	-0.037631	-0.049537	-0.031509	-0.012811	-0.018272	-0.015155	-0.011465	-0.008895	-0.018507	0.001058	-0.027744	-0.005315	0.006992	-0.024288	-0.028076	0.005721	-0.034709	0.004572	-0.022750	-0.016512	-0.007558	-0.039186	-0.035810	-0.021547	-0.031455	-0.031508	-0.020166	-0.020610	-0.006949	0.009817	-0.025954	-0.021274	0.004901	-0.012494	-0.008613	-0.010782	-0.060268	-0.028739	-0.032130	0.019064	-0.026979	0.008631	-0.054367	-0.000988	
-0.024930	0.030779	0.006752	-0.020253	-0.000185	-0.021343	-0.019531	-0.005949	-0.007698	-0.022063	-0.018412	-0.012582	0.005923	-0.009142	-0.009142	-0.022850	-0.015441	-0.013694	0.000495	0.007907	-0.025909	0.018025	0.008470	-0.003405	0.021658	-0.006335	0.018132	0.026462	0.043837	0.038760	0.000108	0.032613	-0.005700	-0.037065	-0.000250	0.017244	0.944154	-0.034928	-0.006781	-0.006843	-0.044617	-0.004106	-0.037147	-0.023229	-0.038947	-0.001324	-0.043558	-0.051355	-0.023947	-0.048711	-0.043865	-0.029334	-0.049211	-0.033132	-0.028391	0.045857	0.023297	-0.013068	-0.000145	-0.038664	0.011837	-0.033444	-0.006364	-0.046580	-0.010009	-0.013761	-0.011803	-0.018480	-0.014941	-0.000924	-0.009875	-0.017286	-0.030779	-0.030567	-0.015702	-0.027189	-0.017414	-0.027238	0.036960	-0.015704	-0.019195	-0.023159	-0.031801	-0.015745	-0.043386	0.051172	-0.052162	-0.032218	-0.065803	-0.005435	
0.001224	0.040727	-0.015517	-0.026073	0.002566	-0.001136	-0.025546	-0.023332	-0.028307	-0.013632	-0.004081	-0.003440	-0.011182	-0.019272	-0.021837	-0.003967	0.004399	-0.008319	-0.007224	-0.012236	-0.006822	-0.027337	-0.019201	-0.023066	-0.011587	-0.005886	-0.033176	-0.017510	-0.026245	-0.016431	-0.014074	-0.018590	-0.008427	-0.021168	-0.029266	-0.019769	-0.034928	0.984002	-0.001426	-0.003784	-0.007022	0.003007	-0.006130	-0.030445	-0.017679	-0.014237	-0.019108	-0.009480	-0.000752	-0.002232	-0.017533	-0.003568	-0.005080	-0.006001	-0.025766	-0.028291	-0.024637	-0.024018	-0.017674	-0.031641	-0.034252	-0.041026	0.001853	-0.018455	-0.018320	-0.034549	-0.020991	-0.012559	-0.019901	-0.027623	-0.022068	-0.021328	-0.012794	0.005628	0.002609	-0.015175	0.002193	-0.000754	0.003040	0.001461	-0.004749	-0.034078	0.010116	-0.014192	-0.029384	0.005476	0.003814	0.009091	-0.011185	-0.014059	
0.020767	0.020944	-0.009391	0.016469	0.010272	-0.007175	0.027129	-0.011181	-0.031778	-0.031051	-0.009069	-0.000975	-0.011497	-0.011763	-0.023656	-0.023673	-0.010017	-0.032806	-0.012755	-0.019469	-0.025766	0.007534	-0.028951	-0.010142	-0.023938	-0.013141	-0.020826	-0.027269	0.001510	-0.025375	-0.006458	-0.000927	-0.010069	-0.031594	-0.004779	0.002891	-0.006781	-0.001426	1.017272	-0.016541	-0.006314	-0.009701	-0.009194	-0.021508	-0.012803	-0.003323	-0.013410	-0.051648	-0.026506	-0.035880	-0.023302	-0.016782	0.006300	-0.003812	-0.016063	-0.023058	-0.013089	-0.019532	-0.016740	-0.012340	-0.019355	-0.002171	-0.008889	0.011126	-0.016316	-0.019252	-0.014837	-0.050041	-0.019399	-0.031275	-0.032486	-0.012318	-0.046834	-0.024842	-0.022076	0.013657	-0.028571	-0.010260	0.040786	-0.033966	0.008349	0.018881	0.014119	-0.008198	-0.025926	0.028862	-0.026028	-0.002289	-0.033881	-0.012574	
-0.002387	-0.011175	0.000955	0.003190	-0.012791	0.021982	-0.019476	0.008260	-0.006396	-0.017571	0.011343	0.065703	-0.005131	-0.018193	-0.014554	-0.005921	-0.012628	-0.027367	-0.036659	-0.032826	-0.035486	-0.006796	-0.023929	-0.023417	0.000180	-0.014663	-0.016131	-0.023040	-0.005116	-0.021165	-0.003138	-0.028775	-0.019336	-0.009707	-0.011132	0.004612	-0.006843	-0.003784	-0.016541	1.002673	-0.010780	-0.013410	-0.033524	-0.030713	-0.012195	-0.018626	-0.013232	-0.004287	-0.007741	-0.021591	-0.014727	-0.010633	-0.012891	-0.014549	-0.024269	-0.010537	-0.008875	-0.016486	0.015740	-0.004547	-0.019522	0.014526	-0.019099	-0.046310	-0.034334	-0.020809	-0.034431	-0.047298	-0.010292	-0.048888	-0.043296	-0.023371	-0.014405	-0.018434	-0.016210	-0.012537	0.001290	-0.037809	-0.041407	-0.015297	-0.018080	-0.004022	0.013332	-0.004827	-0.027125	0.025659	-0.002055	0.021588	0.006345	-0.024376	
-0.038882	-0.150950	-0.019498	-0.014218	-0.049317	-0.019793	-0.112720	-0.044212	-0.034591	-0.014974	-0.038410	-0.120785	-0.029671	-0.016038	0.028586	-0.016380	-0.010209	-0.047928	-0.052633	-0.035119	-0.047912	-0.029690	-0.062819	-0.012538	-0.056645	-0.056991	-0.037344	-0.054332	-0.046428	-0.045518	-0.046715	-0.006603	-0.052414	-0.015648	-0.057685	-0.056981	-0.044617	-0.007022	-0.006314	-0.010780	1.165727	-0.032149	0.029314	-0.034754	-0.023887	-0.006518	0.089927	0.104126	0.025598	0.019020	0.049165	0.015948	0.011789	0.000849	0.074794	-0.088835	0.001438	-0.040846	-0.021129	-0.005134	-0.011891	-0.034848	-0.029925	-0.043601	-0.026847	-0.002435	-0.016718	-0.024828	0.017955	0.002729	0.018774	0.001689	-0.001334	-0.003853	-0.039459	-0.038595	-0.000740	-0.008718	-0.066330	-0.022874	-0.035668	0.036695	-0.009968	-0.025562	0.066646	-0.062652	-0.003692	-0.014637	0.046849	-0.012251	
-0.014442	-0.029264	-0.005113	0.008449	-0.015911	-0.028778	-0.034751	-0.003628	0.004856	-0.027152	-0.002801	-0.003500	-0.012181	-0.050762	-0.009037	-0.025099	0.010946	-0.024838	-0.026062	-0.018698	-0.009246	-0.019307	-0.013815	-0.000802	-0.008509	-0.002923	-0.031967	-0.017062	-0.013121	-0.014620	-0.013931	-0.009392	-0.029496	-0.007222	0.015898	-0.026460	-0.004106	0.003007	-0.009701	-0.013410	-0.032149	0.946528	-0.015240	-0.027506	-0.006076	-0.027405	0.001897	-0.005275	0.013599	0.005276	-0.017648	-0.015888	-0.005852	-0.002994	-0.010132	-0.015413	-0.034117	-0.027349	-0.012147	-0.010298	0.001564	-0.029774	-0.016132	-0.000873	-0.045854	-0.024179	-0.016962	-0.017637	-0.010056	-0.030873	-0.014550	-0.007337	-0.012015	-0.024387	-0.051723	-0.009860	-0.005988	-0.002674	-0.022882	0.001871	-0.008249	-0.026970	-0.008276	-0.020342	-0.015516	0.001521	0.009129	-0.017138	-0.000044	-0.006752	
-0.012624	-0.083356	-0.021226	-0.001780	-0.025251	-0.009246	-0.007751	-0.035612	-0.022568	0.001467	-0.004101	-0.023556	-0.010315	-0.048820	-0.013550	-0.024806	0.001792	-0.025656	-0.012804	-0.013531	-0.026497	-0.008862	-0.012723	-0.022260	-0.022416	-0.028577	-0.003307	-0.017145	-0.040728	-0.040077	-0.040464	-0.012887	-0.044039	-0.025616	-0.015712	-0.009606	-0.037147	-0.006130	-0.009194	-0.033524	0.029314	-0.015240	1.055176	0.013648	-0.016229	0.014311	-0.006460	0.004546	0.010590	0.000628	0.017688	0.024247	-0.025612	0.015100	0.015169	-0.017422	-0.007945	-0.048451	-0.028302	-0.011395	-0.022655	-0.032468	-0.014085	-0.046348	-0.029712	-0.024605	-0.022113	-0.050935	-0.024107	-0.006040	-0.038081	-0.002009	-0.031575	-0.008199	-0.010643	0.003233	-0.005776	-0.008102	-0.048122	-0.034403	-0.019907	-0.032731	0.016799	0.026939	-0.014157	-0.041543	0.002833	-0.041683	-0.032125	-0.014291	
-0.021099	-0.001682	-0.002675	0.012417	-0.036478	0.001320	0.036974	0.004088	-0.031446	0.024348	-0.008786	-0.016299	-0.017137	-0.015991	-0.006415	-0.010891	-0.017549	-0.037449	-0.028995	-0.040058	-0.014182	-0.001202	-0.005976	-0.029478	-0.034404	-0.033366	-0.026653	-0.000489	-0.011881	-0.002224	-0.016552	0.002503	-0.025538	-0.006562	-0.061299	-0.032244	-0.023229	-0.030445	-0.021508	-0.030713	-0.034754	-0.027506	0.013648	1.044927	-0.003815	-0.010231	-0.006787	-0.004313	-0.028445	0.005193	-0.035429	-0.013157	0.021655	-0.019092	-0.022157	-0.010404	-0.009496	-0.018287	-0.024043	-0.027361	-0.015344	-0.011708	-0.020257	-0.012638	-0.021586	-0.023529	-0.009857	-0.022204	-0.010821	-0.030645	-0.012432	-0.019601	-0.025934	-0.003890	-0.008806	-0.015190	-0.006941	-0.032461	0.026022	-0.035941	-0.025311	-0.005172	-0.016965	0.028766	-0.019288	-0.002200	-0.007773	0.007563	0.015065	-0.005777	
0.019085	-0.033859	0.005374	0.000490	-0.025696	0.006568	0.009141	-0.018243	-0.009725	0.000501	-0.014972	-0.000278	-0.030678	-0.018280	-0.012246	-0.014885	-0.012831	-0.017992	-0.019267	-0.020100	0.008284	0.006255	-0.033353	0.007083	-0.021096	-0.021536	-0.003073	-0.009272	-0.016442	-0.009983	-0.016341	-0.024800	-0.030259	-0.036611	-0.023532	-0.042124	-0.038947	-0.017679	-0.012803	-0.012195	-0.023887	-0.006076	-0.016229	-0.003815	0.943218	0.008815	-0.015081	-0.027069	0.011538	-0.012302	0.002592	-0.020618	-0.014671	-0.008958	-0.009348	-0.028958	-0.019167	-0.002051	-0.008052	0.000507	-0.016473	-0.029135	-0.020562	-0.018341	-0.012653	-0.002782	-0.000127	-0.043108	-0.025410	-0.011505	-0.002878	0.008207	-0.010693	-0.025529	-0.028175	-0.009263	-0.002126	-0.001785	-0.046731	0.003758	-0.020868	-0.023936	0.000418	-0.025218	-0.020836	-0.053257	-0.029503	-0.017551	-0.026548	-0.019569	
