0.9981920 0.0000835 -0.0010871 0.0023616 -0.0040085 -0.0032504 0.0031046 -0.0067088 -0.0078816 -0.0006205 0.0025406 -0.0047298 -0.0088122 -0.0028662 -0.0046153 -0.0072476 -0.0010409 -0.0042274 -0.0047526 0.0041436 0.0065781 0.0002943 0.0014314 0.0027096 0.0062347 0.0045613 0.0059987 0.0083863 0.0005588 0.0035445 0.0029998 0.0068917 -0.0010227 0.0034673 0.0041433 0.0070714 -0.0010307 0.0053007 0.0057760 -0.0109799 -0.0086895 -0.0136585 -0.0099141 -0.0058507 -0.0108159 -0.0071103 -0.0072328 -0.0022480 -0.0018113 -0.0053464 -0.0088493 -0.0069587 -0.0127782 -0.0092756 -0.0042556 0.0071212 0.0045311 0.0061776 0.0008167 0.0057301 0.0052110 0.0005095 0.0040756 0.0070460 0.0046474 0.0013407 0.0037257 0.0018573 0.0023192 0.0013436 0.0062494 0.0085993 -0.0050698 0.0068070 0.0027085
0.0000835 0.9896562 0.0010460 -0.0050138 0.0011136 -0.0013189 -0.0015022 0.0030744 -0.0069372 0.0003238 -0.0065586 -0.0048335 -0.0004332 0.0039767 -0.0002044 0.0063894 -0.0051982 0.0014077 0.0000511 -0.0042139 -0.0033558 0.0007559 -0.0076201 -0.0019444 -0.0071790 -0.0068519 -0.0016730 -0.0097429 -0.0039143 -0.0070480 -0.0058780 -0.0018529 -0.0039659 -0.0013075 -0.0051757 -0.0028158 -0.0007182 -0.0040595 -0.0072447 0.0071657 0.0000353 -0.0005398 0.0009402 0.0048684 -0.0004015 0.0005164 -0.0010430 -0.0058996 -0.0053570 0.0003144 -0.0043996 -0.0037707 0.0040417 -0.0016546 0.0031527 -0.0126565 -0.0035142 -0.0042358 0.0007440 -0.0038585 -0.0073720 -0.0071584 -0.0068922 -0.0031039 0.0023469 -0.0021136 -0.0014687 0.0005646 -0.0055534 -0.0051574 -0.0113418 -0.0006392 -0.0006696 -0.0094154 -0.0029774
-0.0010871 0.0010460 0.9885762 -0.0002056 -0.0041032 -0.0043999 -0.0048385 0.0075984 -0.0011802 -0.0037914 -0.0093115 -0.0059213 -0.0100894 0.0054289 -0.0003999 -0.0154938 -0.0030216 -0.0015648 -0.0014983 -0.0143279 -0.0144190 -0.0213172 -0.0213292 -0.0138075 -0.0115176 -0.0139447 -0.0043029 -0.0185367 0.0039056 -0.0123551 -0.0173221 -0.0090808 -0.0273004 -0.0164591 -0.0017042 -0.0094890 -0.0010449 -0.0263868 -0.0222429 0.0031224 -0.0136689 -0.0094991 0.0039540 -0.0098521 -0.0208796 -0.0067557 -0.0088053 -0.0111472 -0.0155925 -0.0036338 0.0065724 -0.0164413 -0.0032538 -0.0045365 -0.0107349 -0.0219292 -0.0078372 -0.0048008 -0.0110141 -0.0063910 -0.0044441 -0.0145708 -0.0095437 -0.0060977 -0.0195370 -0.0140954 -0.0136916 -0.0180398 -0.0291303 -0.0108698 -0.0252662 -0.0059402 -0.0057449 -0.0321578 -0.0078265
0.0023616 -0.0050138 -0.0002056 0.9767755 -0.0045951 -0.0134829 0.0039941 -0.0073677 -0.0131130 -0.0044596 0.0117352 -0.0072792 -0.0165623 -0.0057335 -0.0069282 -0.0276995 -0.0039865 -0.0064833 -0.0014219 0.0034311 -0.0038811 -0.0103395 -0.0056437 -0.0142911 -0.0008043 0.0069314 0.0095593 -0.0080598 -0.0043839 -0.0159501 -0.0138344 -0.0064608 -0.0096608 -0.0109362 0.0047939 -0.0136784 -0.0014932 -0.0035839 -0.0172372 -0.0159513 -0.0173508 -0.0172153 -0.0159888 -0.0104206 -0.0299341 -0.0162858 -0.0106540 0.0006236 -0.0065317 -0.0127165 -0.0170862 -0.0115976 -0.0255584 -0.0220384 -0.0067506 -0.0077375 0.0012470 -0.0058820 -0.0041664 -0.0035797 0.0016410 -0.0032477 -0.0087283 0.0018113 -0.0110229 -0.0053221 -0.0075766 -0.0001300 -0.0085192 0.0069951 0.0005248 0.0003998 -0.0203022 0.0009951 -0.0065766
-0.0040085 0.0011136 -0.0041032 -0.0045951 1.0010511 -0.0050332 -0.0095101 0.0120521 0.0201040 -0.0013074 -0.0130106 0.0048687 0.0128119 -0.0041275 0.0089385 0.0112115 -0.0131978 0.0087964 -0.0012020 -0.0156981 -0.0249005 -0.0173951 -0.0099113 -0.0173071 -0.0079011 -0.0045165 -0.0140792 -0.0249030 -0.0126965 -0.0166283 -0.0126065 -0.0124895 -0.0083933 -0.0057721 -0.0091540 -0.0255926 0.0019250 -0.0133995 -0.0254290 0.0101190 0.0095913 0.0074403 0.0148436 0.0031107 -0.0006446 0.0187385 0.0110684 0.0040976 -0.0054745 -0.0040651 0.0033750 -0.0004554 0.0147569 0.0118357 0.0006551 -0.0228130 -0.0134204 -0.0145675 -0.0047551 -0.0213473 -0.0136119 -0.0090017 -0.0166072 -0.0234060 -0.0165169 -0.0189210 -0.0100352 -0.0017382 -0.0013486 -0.0159495 -0.0229274 -0.0132190 -0.0048760 -0.0246563 -0.0220871
-0.0032504 -0.0013189 -0.0043999 -0.0134829 -0.0050332 1.0047102 -0.0043034 0.0158433 0.0152382 0.0005461 -0.0109913 -0.0027248 0.0187944 -0.0001039 0.0117905 -0.0005817 -0.0109984 0.0015257 0.0037131 -0.0250229 -0.0226801 -0.0157382 -0.0155143 -0.0111224 -0.0189397 -0.0124794 -0.0155173 -0.0121228 -0.0144965 -0.0124268 -0.0264863 -0.0155140 -0.0145744 -0.0181802 -0.0112478 -0.0137728 -0.0002506 -0.0284341 -0.0243840 0.0100142 0.0075463 0.0204182 0.0084927 -0.0111570 -0.0001560 0.0059371 0.0069027 0.0027043 -0.0219217 -0.0083692 -0.0036820 0.0099209 0.0050588 -0.0025679 -0.0096223 -0.0200490 -0.0162518 -0.0173583 -0.0202140 -0.0125636 0.0033821 -0.0149062 -0.0123156 -0.0183065 -0.0270759 -0.0088875 -0.0131802 -0.0076488 -0.0158483 -0.0171788 -0.0172982 -0.0303140 -0.0206222 -0.0245550 -0.0297625
0.0031046 -0.0015022 -0.0048385 0.0039941 -0.0095101 -0.0043034 0.9859126 -0.0139702 -0.0138998 -0.0007535 0.0025839 -0.0083308 -0.0175236 -0.0100091 -0.0100285 -0.0132366 -0.0017657 -0.0113357 -0.0111782 0.0106603 0.0105523 -0.0015942 0.0051258 0.0042393 0.0108552 0.0101241 0.0130233 0.0122084 -0.0008006 0.0059196 0.0073087 0.0126888 -0.0033224 0.0025689 0.0073737 0.0133898 -0.0020542 0.0141400 0.0111883 -0.0196999 -0.0155583 -0.0288373 -0.0208039 -0.0155673 -0.0216127 -0.0157166 -0.0160608 -0.0023510 -0.0011254 -0.0108474 -0.0177639 -0.0143610 -0.0286406 -0.0188645 -0.0151062 0.0178259 0.0066773 0.0105761 0.0008159 0.0121387 0.0059486 0.0001039 0.0085812 0.0134371 0.0067820 0.0027091 0.0046922 0.0017471 0.0052823 0.0041274 0.0144129 0.0118959 -0.0125212 0.0170873 0.0052652
-0.0067088 0.0030744 0.0075984 -0.0073677 0.0120521 0.0158433 -0.0139702 1.0230066 0.0344646 0.0050410 -0.0103120 0.0205725 0.0334251 0.0129074 0.0216152 0.0295084 -0.0021733 0.0238053 0.0185987 -0.0232010 -0.0286680 -0.0102004 -0.0064158 -0.0130643 -0.0335305 -0.0225956 -0.0263962 -0.0389276 0.0015637 -0.0217785 -0.0130012 -0.0257161 -0.0017441 -0.0160884 -0.0165850 -0.0337932 0.0049331 -0.0320559 -0.0288424 0.0438011 0.0360185 0.0487889 0.0435071 0.0263007 0.0375400 0.0271443 0.0314972 0.0043023 0.0049040 0.0195427 0.0332138 0.0208981 0.0607986 0.0342360 0.0206253 -0.0407225 -0.0226545 -0.0229973 -0.0053848 -0.0274110 -0.0191063 -0.0083811 -0.0191466 -0.0342081 -0.0168691 -0.0146884 -0.0112760 -0.0077388 -0.0152022 -0.0087943 -0.0315517 -0.0383890 0.0197613 -0.0385763 -0.0140958
-0.0078816 -0.0069372 -0.0011802 -0.0131130 0.0201040 0.0152382 -0.0138998 0.0344646 0.9996017 0.0062547 -0.0127147 0.0201675 0.0216298 0.0023784 0.0271934 -0.0082510 0.0021772 0.0232205 0.0148156 -0.0225345 -0.0274785 -0.0129602 -0.0225778 -0.0231237 -0.0232462 -0.0227457 -0.0346212 -0.0449264 -0.0145014 -0.0173438 -0.0267630 -0.0474557 -0.0246876 -0.0204966 -0.0228813 -0.0584537 0.0080734 -0.0356967 -0.0391947 0.0268282 0.0110361 0.0197878 0.0279739 -0.0060394 -0.0014963 0.0115752 0.0207562 -0.0038093 -0.0138731 0.0014777 0.0256224 -0.0032449 0.0185040 0.0073185 0.0004853 -0.0453503 -0.0262632 -0.0408007 -0.0079716 -0.0370430 -0.0259874 -0.0165885 -0.0267981 -0.0259841 -0.0210796 -0.0228396 -0.0171929 -0.0046132 -0.0188565 -0.0141617 -0.0124228 -0.0336130 -0.0098132 -0.0295014 -0.0261490
-0.0006205 0.0003238 -0.0037914 -0.0044596 -0.0013074 0.0005461 -0.0007535 0.0050410 0.0062547 0.9731839 -0.0000740 -0.0017502 0.0042613 0.0006167 0.0041682 0.0038987 0.0023415 0.0037676 0.0006836 -0.0033591 -0.0079897 -0.0049697 -0.0051835 -0.0105204 -0.0103267 -0.0068582 -0.0060533 -0.0063491 -0.0002780 -0.0065225 -0.0038681 -0.0064562 -0.0017490 -0.0035369 -0.0096890 -0.0073900 0.0009818 -0.0109721 -0.0044029 0.0130335 0.0026559 0.0080095 0.0046948 0.0031341 0.0030983 0.0052557 0.0043119 -0.0020684 -0.0020812 -0.0012326 0.0017460 0.0107722 0.0054066 0.0048819 0.0032125 -0.0132963 -0.0028847 -0.0119772 -0.0002409 -0.0088984 -0.0080519 0.0046043 -0.0102400 -0.0076763 -0.0058486 -0.0033957 -0.0052484 -0.0008700 -0.0034446 -0.0055204 -0.0129440 -0.0067151 -0.0064267 -0.0096376 0.0003056
0.0025406 -0.0065586 -0.0093115 0.0117352 -0.0130106 -0.0109913 0.0025839 -0.0103120 -0.0127147 -0.0000740 0.9511708 -0.0073714 -0.0234590 -0.0151286 -0.0101609 -0.0229653 -0.0027644 -0.0113030 -0.0105213 0.0031474 -0.0074885 -0.0172849 -0.0083195 -0.0077307 -0.0081956 -0.0047071 0.0081302 -0.0042456 -0.0074660 0.0041938 -0.0221627 -0.0027753 -0.0088870 0.0049471 -0.0056734 -0.0105980 -0.0006896 -0.0112154 -0.0135811 -0.0169515 -0.0146268 -0.0232271 -0.0175904 -0.0135493 -0.0315970 -0.0187153 -0.0155721 -0.0132167 -0.0027313 -0.0099535 -0.0242479 -0.0097839 -0.0306502 -0.0094620 -0.0055092 0.0012936 -0.0001395 -0.0120835 -0.0121576 0.0058872 -0.0012946 -0.0068239 0.0020049 -0.0027562 -0.0082943 -0.0057220 -0.0087492 -0.0033786 -0.0090181 -0.0056722 0.0001175 -0.0045238 -0.0171411 -0.0068022 -0.0121639
-0.0047298 -0.0048335 -0.0059213 -0.0072792 0.0048687 -0.0027248 -0.0083308 0.0205725 0.0201675 -0.0017502 -0.0073714 0.9629819 0.0220365 0.0140365 0.0126924 0.0006498 -0.0013418 0.0079541 -0.0183880 -0.0125468 -0.0331639 -0.0149835 -0.0138612 -0.0152464 -0.0164174 -0.0181432 -0.0162991 -0.0416373 -0.0052359 -0.0011407 -0.0130594 -0.0180472 -0.0034384 -0.0097315 -0.0180095 -0.0252823 0.0039118 -0.0253012 -0.0300728 0.0149777 0.0085036 0.0204248 0.0067523 -0.0030709 0.0018664 -0.0029321 0.0165105 -0.0092526 -0.0015974 -0.0111651 -0.0029983 -0.0023738 0.0119956 0.0081699 0.0026304 -0.0214156 -0.0259041 -0.0060117 -0.0141343 -0.0260399 -0.0168058 -0.0162799 -0.0169194 -0.0246680 -0.0088035 -0.0105981 -0.0126796 -0.0096606 -0.0200318 -0.0153417 -0.0163091 -0.0354986 0.0006586 -0.0295181 -0.0162286
-0.0088122 -0.0004332 -0.0100894 -0.0165623 0.0128119 0.0187944 -0.0175236 0.0334251 0.0216298 0.0042613 -0.0234590 0.0220365 1.0147430 0.0109309 0.0308509 0.0161786 0.0175152 0.0298130 0.0135813 -0.0264324 -0.0409288 -0.0169767 -0.0160224 -0.0146975 -0.0336002 -0.0344670 -0.0358574 -0.0372567 -0.0099297 -0.0169240 -0.0174554 -0.0347167 -0.0092373 -0.0154607 -0.0248706 -0.0348109 0.0069104 -0.0310571 -0.0300739 0.0424133 0.0340508 0.0406907 0.0545208 0.0139226 0.0267982 0.0220897 0.0308375 -0.0054377 0.0068951 0.0130859 0.0130036 0.0063223 0.0466053 0.0284245 0.0070990 -0.0386410 -0.0319579 -0.0311366 -0.0045080 -0.0274205 -0.0245791 -0.0112145 -0.0251636 -0.0370569 -0.0275614 -0.0165308 -0.0166153 -0.0138654 -0.0307498 -0.0182226 -0.0299839 -0.0523551 0.0096032 -0.0434202 -0.0185476
-0.0028662 0.0039767 0.0054289 -0.0057335 -0.0041275 -0.0001039 -0.0100091 0.0129074 0.0023784 0.0006167 -0.0151286 0.0140365 0.0109309 0.9868479 0.0114203 -0.0028134 -0.0008220 0.0101920 -0.0023416 -0.0291188 -0.0246426 -0.0114882 -0.0125700 -0.0139994 -0.0271137 -0.0152367 -0.0145227 -0.0255160 -0.0104548 -0.0082780 -0.0187324 -0.0214146 -0.0125924 -0.0202634 -0.0166978 -0.0255574 0.0036951 -0.0173676 -0.0229724 0.0119617 -0.0017974 0.0122436 0.0048104 -0.0020064 0.0057050 -0.0005782 0.0091183 -0.0143554 -0.0039664 -0.0136870 -0.0007795 -0.0065029 0.0065300 0.0128289 -0.0055377 -0.0266856 -0.0162128 -0.0200236 -0.0107681 -0.0126550 -0.0112186 -0.0140447 -0.0172119 -0.0184158 -0.0084503 -0.0201022 -0.0171668 -0.0048459 -0.0164912 -0.0009101 -0.0160283 -0.0205361 -0.0015444 -0.0250891 -0.0067765
-0.0046153 -0.0002044 -0.0003999 -0.0069282 0.0089385 0.0117905 -0.0100285 0.0216152 0.0271934 0.0041682 -0.0101609 0.0126924 0.0308509 0.0114203 1.0073690 0.0240264 0.0002865 0.0185633 0.0137547 -0.0155253 -0.0154063 -0.0073615 -0.0068307 -0.0074732 -0.0233157 -0.0157197 -0.0203785 -0.0293656 -0.0020446 -0.0167387 -0.0130609 -0.0161273 -0.0028780 -0.0115085 -0.0145561 -0.0224467 0.0031487 -0.0222714 -0.0255584 0.0288986 0.0210346 0.0417822 0.0299545 0.0156920 0.0224899 0.0268157 0.0219752 -0.0028191 0.0057663 0.0159941 0.0289114 0.0159519 0.0362336 0.0257251 0.0146465 -0.0309977 -0.0156995 -0.0197129 -0.0087981 -0.0251725 -0.0197136 -0.0090918 -0.0145656 -0.0258378 -0.0101693 -0.0051329 -0.0091922 -0.0077176 -0.0072563 -0.0074364 -0.0258561 -0.0324293 0.0122936 -0.0240195 -0.0161146
-0.0072476 0.0063894 -0.0154938 -0.0276995 0.0112115 -0.0005817 -0.0132366 0.0295084 -0.0082510 0.0038987 -0.0229653 0.0006498 0.0161786 -0.0028134 0.0240264 1.0155638 -0.0130557 0.0112659 -0.0015053 -0.0245592 -0.0268046 -0.0147141 -0.0196911 -0.0232509 -0.0285845 -0.0186447 -0.0312134 -0.0385195 -0.0119804 -0.0103676 -0.0219381 -0.0257143 -0.0101078 -0.0183517 -0.0179730 -0.0232123 0.0039362 -0.0258318 -0.0306100 0.0135138 0.0195307 0.0185788 0.0292514 -0.0013224 -0.0106839 0.0073461 0.0214855 -0.0037247 0.0003723 -0.0007678 -0.0060418 0.0017082 0.0217173 0.0201606 0.0018085 -0.0484625 -0.0376401 -0.0303105 -0.0266409 -0.0254598 -0.0274630 -0.0090008 -0.0273101 -0.0332207 -0.0254166 -0.0243695 -0.0209810 -0.0077148 -0.0228058 -0.0147062 -0.0447317 -0.0243063 0.0001795 -0.0416569 -0.0267875
-0.0010409 -0.0051982 -0.0030216 -0.0039865 -0.0131978 -0.0109984 -0.0017657 -0.0021733 0.0021772 0.0023415 -0.0027644 -0.0013418 0.0175152 -0.0008220 0.0002865 -0.0130557 0.9583403 0.0076829 -0.0071072 -0.0024715 -0.0152238 -0.0135526 -0.0156432 -0.0229297 -0.0103793 -0.0191507 -0.0035588 -0.0236719 -0.0178818 -0.0157239 -0.0032250 -0.0176303 -0.0231752 -0.0087481 -0.0132680 -0.0124597 -0.0001026 -0.0233391 -0.0229004 -0.0054873 0.0006527 -0.0084473 -0.0055687 -0.0054014 -0.0224045 0.0000862 -0.0119228 -0.0114051 -0.0077977 -0.0147629 -0.0025453 -0.0092660 -0.0126446 -0.0167734 -0.0150248 -0.0037652 -0.0088541 -0.0213518 -0.0185565 -0.0143220 -0.0220118 -0.0146362 -0.0147209 -0.0112982 -0.0193867 -0.0069421 -0.0051333 -0.0037029 -0.0240024 -0.0107640 -0.0068750 -0.0160607 -0.0179838 -0.0198739 -0.0126672
-0.0042274 0.0014077 -0.0015648 -0.0064833 0.0087964 0.0015257 -0.0113357 0.0238053 0.0232205 0.0037676 -0.0113030 0.0079541 0.0298130 0.0101920 0.0185633 0.0112659 0.0076829 0.9900631 0.0161421 -0.0119653 -0.0262362 -0.0071009 -0.0136104 -0.0169412 -0.0285999 -0.0212546 -0.0237910 -0.0362770 -0.0125242 -0.0245546 -0.0178189 -0.0277272 0.0034060 -0.0193112 -0.0173934 -0.0244102 0.0041498 -0.0260583 -0.0408765 0.0251460 0.0250997 0.0314030 0.0321019 0.0225874 0.0109621 0.0162379 0.0189382 -0.0076226 0.0060903 0.0151431 0.0186618 0.0155687 0.0383672 0.0308302 0.0074779 -0.0302914 -0.0219633 -0.0202439 -0.0047551 -0.0282710 -0.0172060 -0.0049225 -0.0124624 -0.0292056 -0.0129720 -0.0123679 -0.0137725 -0.0060857 -0.0174023 -0.0147246 -0.0285382 -0.0295244 0.0114549 -0.0249701 -0.0097245
-0.0047526 0.0000511 -0.0014983 -0.0014219 -0.0012020 0.0037131 -0.0111782 0.0185987 0.0148156 0.0006836 -0.0105213 -0.0183880 0.0135813 -0.0023416 0.0137547 -0.0015053 -0.0071072 0.0161421 0.9778718 -0.0088856 -0.0287166 -0.0165115 0.0050183 -0.0186941 -0.0216613 -0.0227107 -0.0159004 -0.0186012 -0.0109998 -0.0247295 -0.0127425 -0.0350987 -0.0023254 -0.0147006 -0.0215222 -0.0112205 -0.0006423 -0.0194120 -0.0264553 0.0102150 0.0063056 0.0108221 0.0057819 0.0024685 -0.0020547 0.0050058 0.0179540 0.0017165 -0.0111703 -0.0025814 0.0064002 -0.0051366 0.0101933 -0.0025286 -0.0006752 -0.0281125 -0.0104416 -0.0122111 -0.0151715 -0.0309301 -0.0181411 -0.0058300 -0.0114339 -0.0247265 -0.0138158 -0.0107487 -0.0127511 -0.0092674 -0.0092389 -0.0011736 -0.0214917 -0.0372525 -0.0008966 -0.0216333 -0.0184405
0.0041436 -0.0042139 -0.0143279 0.0034311 -0.0156981 -0.0250229 0.0106603 -0.0232010 -0.0225345 -0.0033591 0.0031474 -0.0125468 -0.0264324 -0.0291188 -0.0155253 -0.0245592 -0.0024715 -0.0119653 -0.0088856 0.9875869 0.0102878 -0.0063973 0.0006385 0.0171056 -0.0019306 -0.0009076 0.0170230 0.0079188 -0.0137670 -0.0072251 -0.0055231 0.0058793 -0.0051762 -0.0025629 -0.0139454 0.0045720 -0.0038787 -0.0060352 0.0134637 -0.0353255 -0.0204037 -0.0412299 -0.0377053 -0.0347587 -0.0290291 -0.0279497 -0.0234465 -0.0145485 -0.0072133 -0.0110998 -0.0366819 -0.0131822 -0.0383956 -0.0239559 -0.0176897 0.0124350 0.0069192 -0.0064135 -0.0146644 -0.0075291 0.0019606 -0.0052679 -0.0116693 0.0166331 -0.0147702 -0.0088482 -0.0118388 0.0009756 -0.0184308 -0.0085334 0.0033345 -0.0169455 -0.0122022 -0.0055658 -0.0097908
0.0065781 -0.0033558 -0.0144190 -0.0038811 -0.0249005 -0.0226801 0.0105523 -0.0286680 -0.0274785 -0.0079897 -0.0074885 -0.0331639 -0.0409288 -0.0246426 -0.0154063 -0.0268046 -0.0152238 -0.0262362 -0.0287166 0.0102878 0.9865065 -0.0104568 0.0033690 -0.0219489 0.0005774 -0.0001872 0.0253731 0.0001937 -0.0044947 -0.0015935 -0.0174608 -0.0053831 -0.0021150 0.0117768 -0.0018110 -0.0041668 -0.0040476 -0.0045725 -0.0173561 -0.0364552 -0.0347848 -0.0306916 -0.0464648 -0.0369798 -0.0224073 -0.0230647 -0.0273620 -0.0047311 -0.0161185 -0.0429150 -0.0308094 -0.0208147 -0.0394524 -0.0317988 -0.0185363 0.0066843 0.0064642 -0.0052793 -0.0022245 0.0064366 0.0069525 -0.0125108 0.0000097 0.0008980 -0.0109638 -0.0019626 0.0012774 0.0002611 -0.0167569 -0.0154433 -0.0071636 0.0097858 -0.0300119 -0.0088666 -0.0012281
0.0002943 0.0007559 -0.0213172 -0.0103395 -0.0173951 -0.0157382 -0.0015942 -0.0102004 -0.0129602 -0.0049697 -0.0172849 -0.0149835 -0.0169767 -0.0114882 -0.0073615 -0.0147141 -0.0135526 -0.0071009 -0.0165115 -0.0063973 -0.0104568 1.0066934 -0.0130766 -0.0019767 -0.0141159 -0.0051610 0.0043163 -0.0229398 -0.0087934 -0.0122346 -0.0053191 -0.0005844 -0.0190235 -0.0109550 -0.0129743 -0.0113688 -0.0035043 -0.0188192 -0.0105466 -0.0295070 -0.0129232 -0.0208212 -0.0072370 -0.0197086 -0.0138873 -0.0326907 -0.0200951 -0.0006726 -0.0149373 -0.0047614 -0.0145284 -0.0226196 -0.0138162 -0.0112807 -0.0216094 -0.0003351 -0.0044562 -0.0078761 -0.0090840 -0.0019838 -0.0096227 -0.0026245 -0.0129641 -0.0088096 -0.0051440 -0.0122498 -0.0065390 -0.0059608 -0.0087399 -0.0004963 -0.0152403 -0.0091272 -0.0062111 -0.0098791 -0.0178507
0.0014314 -0.0076201 -0.0213292 -0.0056437 -0.0099113 -0.0155143 0.0051258 -0.0064158 -0.0225778 -0.0051835 -0.0083195 -0.0138612 -0.0160224 -0.0125700 -0.0068307 -0.0196911 -0.0156432 -0.0136104 0.0050183 0.0006385 0.0033690 -0.0130766 0.9652692 -0.0308304 -0.0106216 -0.0151784 0.0069603 -0.0155818 0.0059846 -0.0114078 0.0037511 0.0063810 -0.0229474 -0.0045328 0.0019309 -0.0121200 -0.0014024 -0.0029143 -0.0109164 -0.0212550 -0.0132685 -0.0208236 -0.0238095 -0.0081380 -0.0093100 -0.0354405 -0.0087492 -0.0101657 -0.0136218 -0.0192447 -0.0175894 -0.0214901 -0.0269366 -0.0233715 -0.0212688 -0.0103647 -0.0019198 0.0054116 -0.0176769 -0.0029930 -0.0073420 -0.0089605 -0.0113105 -0.0060260 -0.0095135 0.0047143 -0.0008807 -0.0089170 -0.0044215 -0.0125650 -0.0153035 -0.0055739 -0.0092180 -0.0067281 0.0046025
0.0027096 -0.0019444 -0.0138075 -0.0142911 -0.0173071 -0.0111224 0.0042393 -0.0130643 -0.0231237 -0.0105204 -0.0077307 -0.0152464 -0.0146975 -0.0139994 -0.0074732 -0.0232509 -0.0229297 -0.0169412 -0.0186941 0.0171056 -0.0219489 -0.0019767 -0.0308304 1.0062475 -0.0025563 -0.0238334 0.0153599 -0.0118703 -0.0072842 -0.0123933 -0.0191130 -0.0149529 -0.0297915 0.0060983 -0.0083132 0.0105969 -0.0050924 -0.0037521 -0.0219402 -0.0240651 -0.0232135 -0.0210910 -0.0299885 -0.0377876 -0.0316788 -0.0220923 -0.0098539 -0.0227903 -0.0218471 -0.0142767 -0.0221528 -0.0281931 -0.0168252 -0.0204215 -0.0279271 0.0023143 -0.0068135 0.0086551 -0.0045019 -0.0064265 0.0011482 -0.0247173 0.0014858 0.0109020 -0.0034733 -0.0109406 -0.0134044 -0.0004600 -0.0125298 -0.0204209 -0.0029390 -0.0278308 -0.0157156 -0.0166666 -0.0229352
0.0062347 -0.0071790 -0.0115176 -0.0008043 -0.0079011 -0.0189397 0.0108552 -0.0335305 -0.0232462 -0.0103267 -0.0081956 -0.0164174 -0.0336002 -0.0271137 -0.0233157 -0.0285845 -0.0103793 -0.0285999 -0.0216613 -0.0019306 0.0005774 -0.0141159 -0.0106216 -0.0025563 0.9847827 0.0031519 0.0280985 0.0097912 -0.0043006 0.0123362 -0.0113110 -0.0186533 -0.0272117 0.0012460 0.0177003 -0.0043460 -0.0027647 -0.0031115 -0.0001088 -0.0450975 -0.0370815 -0.0403052 -0.0491220 -0.0223532 -0.0434058 -0.0397235 -0.0408476 -0.0155072 -0.0326103 -0.0359678 -0.0310448 -0.0288307 -0.0414180 -0.0371275 -0.0346619 0.0041156 0.0100472 0.0044935 -0.0134976 -0.0081699 -0.0048217 -0.0138342 -0.0027848 0.0219112 -0.0129793 -0.0068824 0.0079441 0.0017472 -0.0172192 -0.0158517 0.0059458 0.0059460 -0.0155684 0.0001539 -0.0077260
0.0045613 -0.0068519 -0.0139447 0.0069314 -0.0045165 -0.0124794 0.0101241 -0.0225956 -0.0227457 -0.0068582 -0.0047071 -0.0181432 -0.0344670 -0.0152367 -0.0157197 -0.0186447 -0.0191507 -0.0212546 -0.0227107 -0.0009076 -0.0001872 -0.0051610 -0.0151784 -0.0238334 0.0031519 1.0098618 0.0251997 0.0034431 -0.0009231 0.0031365 -0.0136842 -0.0013242 0.0031583 -0.0161659 0.0003921 -0.0029968 -0.0028700 0.0017606 -0.0089022 -0.0356449 -0.0321219 -0.0443771 -0.0476453 -0.0399456 -0.0303612 -0.0234656 -0.0260906 -0.0192162 -0.0190636 -0.0272148 -0.0217026 -0.0275695 -0.0369039 -0.0128651 -0.0179727 -0.0080551 0.0009477 -0.0002960 -0.0116391 0.0089542 0.0031125 -0.0112907 -0.0185607 0.0025053 -0.0085396 -0.0055576 -0.0045319 -0.0112389 -0.0229417 -0.0155534 -0.0108067 -0.0065110 -0.0173889 0.0094965 -0.0150125
0.0059987 -0.0016730 -0.0043029 0.0095593 -0.0140792 -0.0155173 0.0130233 -0.0263962 -0.0346212 -0.0060533 0.0081302 -0.0162991 -0.0358574 -0.0145227 -0.0203785 -0.0312134 -0.0035588 -0.0237910 -0.0159004 0.0170230 0.0253731 0.0043163 0.0069603 0.0153599 0.0280985 0.0251997 0.9999794 0.0318883 0.0002680 0.0154119 0.0111600 0.0210684 -0.0013353 0.0104740 0.0148245 0.0299475 -0.0039124 0.0253712 0.0251100 -0.0411289 -0.0334322 -0.0523211 -0.0443379 -0.0290327 -0.0380867 -0.0322322 -0.0307728 -0.0037560 -0.0096264 -0.0229585 -0.0343054 -0.0229778 -0.0570195 -0.0357349 -0.0211260 0.0332890 0.0201395 0.0217243 0.0067847 0.0252999 0.0202993 0.0032486 0.0148267 0.0304942 0.0166480 0.0079163 0.0116907 0.0042666 0.0105165 0.0044486 0.0281109 0.0343788 -0.0201767 0.0279011 0.0120369
0.0083863 -0.0097429 -0.0185367 -0.0080598 -0.0249030 -0.0121228 0.0122084 -0.0389276 -0.0449264 -0.0063491 -0.0042456 -0.0416373 -0.0372567 -0.0255160 -0.0293656 -0.0385195 -0.0236719 -0.0362770 -0.0186012 0.0079188 0.0001937 -0.0229398 -0.0155818 -0.0118703 0.0097912 0.0034431 0.0318883 0.9534190 -0.0112423 -0.0096493 -0.0174866 0.0012684 -0.0166397 0.0052151 -0.0148272 0.0015653 -0.0041319 0.0044375 0.1861778 -0.0378642 -0.0331307 -0.0630796 -0.0462601 -0.0230221 -0.0318304 -0.0187423 -0.0374514 -0.0059933 -0.0107138 -0.0337391 -0.0418917 -0.0198712 -0.0446684 -0.0495040 -0.0304636 0.0103672 0.0154610 0.0012681 -0.0059348 -0.0046217 0.0118699 -0.0090798 -0.0061335 0.0091021 -0.0078305 -0.0107706 -0.0023021 0.0007422 -0.0075254 -0.0110111 0.0064295 -0.0071490 -0.0355043 -0.0055018 -0.0061090
0.0005588 -0.0039143 0.0039056 -0.0043839 -0.0126965 -0.0144965 -0.0008006 0.0015637 -0.0145014 -0.0002780 -0.0074660 -0.0052359 -0.0099297 -0.0104548 -0.0020446 -0.0119804 -0.0178818 -0.0125242 -0.0109998 -0.0137670 -0.0044947 -0.0087934 0.0059846 -0.0072842 -0.0043006 -0.0009231 0.0002680 -0.0112423 0.9828029 0.0013773 -0.0051551 -0.0077375 -0.0150593 0.0135155 -0.0187229 -0.0054199 -0.0006303 0.0018702 -0.0172055 -0.0123307 -0.0050728 -0.0114451 -0.0051027 -0.0012299 -0.0041953 0.0001905 0.0050246 -0.0106347 -0.0055306 -0.0015252 -0.0060412 -0.0089311 -0.0048374 -0.0101719 -0.0138678 -0.0064599 -0.0133282 -0.0033160 -0.0041279 -0.0059890 -0.0027377 -0.0041349 -0.0095740 -0.0059370 -0.0138763 -0.0048842 -0.0002370 -0.0057771 -0.0080752 0.0054589 -0.0227605 -0.0150476 -0.0099971 -0.0065696 -0.0099119
0.0035445 -0.0070480 -0.0123551 -0.0159501 -0.0166283 -0.0124268 0.0059196 -0.0217785 -0.0173438 -0.0065225 0.0041938 -0.0011407 -0.0169240 -0.0082780 -0.0167387 -0.0103676 -0.0157239 -0.0245546 -0.0247295 -0.0072251 -0.0015935 -0.0122346 -0.0114078 -0.0123933 0.0123362 0.0031365 0.0154119 -0.0096493 0.0013773 0.9794350 -0.0075525 0.0029846 -0.0110593 0.0022537 -0.0081089 -0.0185415 -0.0032327 0.0039571 -0.0176171 -0.0225999 -0.0156244 -0.0356665 -0.0377197 -0.0228307 -0.0173189 -0.0175690 -0.0208349 -0.0119873 -0.0181797 -0.0273074 -0.0316631 -0.0117823 -0.0334147 -0.0256299 -0.0288096 0.0061404 0.0024770 -0.0000066 -0.0057926 -0.0123183 -0.0002237 -0.0091415 -0.0138810 0.0078644 -0.0082589 -0.0089677 -0.0052683 -0.0032396 -0.0036196 -0.0056928 -0.0041701 -0.0111702 -0.0259003 -0.0027491 0.0006589
0.0029998 -0.0058780 -0.0173221 -0.0138344 -0.0126065 -0.0264863 0.0073087 -0.0130012 -0.0267630 -0.0038681 -0.0221627 -0.0130594 -0.0174554 -0.0187324 -0.0130609 -0.0219381 -0.0032250 -0.0178189 -0.0127425 -0.0055231 -0.0174608 -0.0053191 0.0037511 -0.0191130 -0.0113110 -0.0136842 0.0111600 -0.0174866 -0.0051551 -0.0075525 0.9809030 -0.0039010 -0.0190877 -0.0102981 -0.0062375 -0.0126876 -0.0004498 -0.0031254 -0.0207401 -0.0258360 -0.0229417 -0.0273368 -0.0216955 -0.0118863 -0.0152863 -0.0207094 -0.0241039 -0.0134568 -0.0177195 -0.0298770 -0.0192299 -0.0296535 -0.0179007 -0.0255424 -0.0175424 -0.0019734 -0.0004702 -0.0096606 -0.0021814 -0.0148086 -0.0074876 -0.0115866 -0.0062697 -0.0127392 0.0000647 -0.0011135 -0.0083523 -0.0001244 -0.0039662 -0.0080309 0.0071353 0.0036534 -0.0118559 -0.0098525 -0.0020315
0.0068917 -0.0018529 -0.0090808 -0.0064608 -0.0124895 -0.0155140 0.0126888 -0.0257161 -0.0474557 -0.0064562 -0.0027753 -0.0180472 -0.0347167 -0.0214146 -0.0161273 -0.0257143 -0.0176303 -0.0277272 -0.0350987 0.0058793 -0.0053831 -0.0005844 0.0063810 -0.0149529 -0.0186533 -0.0013242 0.0210684 0.0012684 -0.0077375 0.0029846 -0.0039010 0.9669046 -0.0005900 0.0071426 0.0029971 0.0091588 -0.0038213 0.0021183 -0.0042660 -0.0306399 -0.0238455 -0.0299190 -0.0388046 -0.0336895 -0.0232158 -0.0296116 -0.0286575 -0.0074359 -0.0182906 -0.0119545 -0.0340470 -0.0274499 -0.0350238 -0.0304982 -0.0215663 0.0083523 0.0039620 0.0009894 -0.0009653 0.0051647 0.0033861 -0.0014683 -0.0127870 0.0140964 0.0068818 -0.0056153 -0.0109917 -0.0098036 -0.0112311 -0.0029957 -0.0078981 0.0016943 -0.0133982 0.0006574 -0.0124364
-0.0010227 -0.0039659 -0.0273004 -0.0096608 -0.0083933 -0.0145744 -0.0033224 -0.0017441 -0.0246876 -0.0017490 -0.0088870 -0.0034384 -0.0092373 -0.0125924 -0.0028780 -0.0101078 -0.0231752 0.0034060 -0.0023254 -0.0051762 -0.0021150 -0.0190235 -0.0229474 -0.0297915 -0.0272117 0.0031583 -0.0013353 -0.0166397 -0.0150593 -0.0110593 -0.0190877 -0.0005900 0.9681904 -0.0050075 -0.0106236 0.0228395 -0.0007568 -0.0117100 -0.0112178 -0.0042477 -0.0129131 0.0133974 -0.0018211 -0.0156383 -0.0113086 -0.0327568 -0.0026082 -0.0121090 -0.0149388 -0.0089651 -0.0257323 -0.0132895 0.0058096 -0.0040094 -0.0274582 -0.0165185 -0.0128371 -0.0103698 -0.0062924 -0.0168830 -0.0116719 -0.0077300 -0.0091209 -0.0103623 -0.0121139 -0.0163097 -0.0207858 -0.0038228 -0.0078685 -0.0156184 -0.0135617 -0.0127693 -0.0053938 -0.0245162 -0.0199699
0.0034673 -0.0013075 -0.0164591 -0.0109362 -0.0057721 -0.0181802 0.0025689 -0.0160884 -0.0204966 -0.0035369 0.0049471 -0.0097315 -0.0154607 -0.0202634 -0.0115085 -0.0183517 -0.0087481 -0.0193112 -0.0147006 -0.0025629 0.0117768 -0.0109550 -0.0045328 0.0060983 0.0012460 -0.0161659 0.0104740 0.0052151 0.0135155 0.0022537 -0.0102981 0.0071426 -0.0050075 0.9995127 -0.0007156 -0.0058468 -0.0052890 0.0000108 -0.0028120 -0.0154539 -0.0169254 -0.0238879 -0.0194416 -0.0202459 -0.0268827 -0.0275120 -0.0186691 -0.0075674 -0.0096308 -0.0181846 -0.0250114 -0.0208366 -0.0246909 -0.0269177 -0.0182992 -0.0005959 0.0016489 -0.0155709 -0.0102226 -0.0088951 -0.0058416 -0.0066375 -0.0161495 0.0113821 -0.0071367 -0.0095821 0.0037454 -0.0066074 -0.0228108 -0.0078295 -0.0156377 -0.0083338 -0.0056709 0.0017570 -0.0084799
0.0041433 -0.0051757 -0.0017042 0.0047939 -0.0091540 -0.0112478 0.0073737 -0.0165850 -0.0228813 -0.0096890 -0.0056734 -0.0180095 -0.0248706 -0.0166978 -0.0145561 -0.0179730 -0.0132680 -0.0173934 -0.0215222 -0.0139454 -0.0018110 -0.0129743 0.0019309 -0.0083132 0.0177003 0.0003921 0.0148245 -0.0148272 -0.0187229 -0.0081089 -0.0062375 0.0029971 -0.0106236 -0.0007156 1.0032268 -0.0000544 -0.0055731 -0.0109035 -0.0113916 -0.0300976 -0.0328396 -0.0432972 -0.0178862 -0.0138962 -0.0341793 -0.0309828 -0.0203955 -0.0121134 -0.0157753 -0.0405405 -0.0173769 -0.0267672 -0.0301474 -0.0240171 -0.0193269 -0.0123861 0.0014402 -0.0138136 -0.0113711 -0.0102322 -0.0116631 -0.0108310 -0.0147635 -0.0128407 -0.0157408 -0.0191156 -0.0102439 -0.0046930 -0.0401509 -0.0091922 -0.0186145 -0.0014050 -0.0110167 -0.0102144 -0.0195067
0.0070714 -0.0028158 -0.0094890 -0.0136784 -0.0255926 -0.0137728 0.0133898 -0.0337932 -0.0584537 -0.0073900 -0.0105980 -0.0252823 -0.0348109 -0.0255574 -0.0224467 -0.0232123 -0.0124597 -0.0244102 -0.0112205 0.0045720 -0.0041668 -0.0113688 -0.0121200 0.0105969 -0.0043460 -0.0029968 0.0299475 0.0015653 -0.0054199 -0.0185415 -0.0126876 0.0091588 0.0228395 -0.0058468 -0.0000544 0.9948809 -0.0048335 0.0102028 -0.0065674 -0.0348564 -0.0403325 -0.0537969 -0.0412094 -0.0268140 -0.0345782 -0.0305012 -0.0355319 -0.0178437 -0.0120261 -0.0220154 -0.0402459 -0.0319522 -0.0471753 -0.0395806 -0.0345578 0.0048442 -0.0020484 -0.0014936 -0.0231627 -0.0063824 -0.0008306 -0.0000076 -0.0078631 0.0169133 -0.0067755 -0.0228155 -0.0007594 0.0110887 -0.0139690 -0.0139956 0.0101654 -0.0073094 -0.0277668 -0.0035975 -0.0049430
-0.0010307 -0.0007182 -0.0010449 -0.0014932 0.0019250 -0.0002506 -0.0020542 0.0049331 0.0080734 0.0009818 -0.0006896 0.0039118 0.0069104 0.0036951 0.0031487 0.0039362 -0.0001026 0.0041498 -0.0006423 -0.0038787 -0.0040476 -0.0035043 -0.0014024 -0.0050924 -0.0027647 -0.0028700 -0.0039124 -0.0041319 -0.0006303 -0.0032327 -0.0004498 -0.0038213 -0.0007568 -0.0052890 -0.0055731 -0.0048335 1.0008643 -0.0029978 -0.0036076 0.0062054 0.0049514 0.0094605 0.0059586 0.0060654 0.0069302 0.0054333 0.0059869 0.0018524 0.0002986 0.0036743 0.0038158 0.0006735 0.0098805 0.0074888 0.0034532 -0.0064721 -0.0018673 -0.0035764 -0.0001994 -0.0062333 -0.0056892 -0.0002945 -0.0049616 -0.0041246 -0.0038884 -0.0038270 -0.0022080 -0.0014947 -0.0004943 -0.0019423 -0.0077932 -0.0060677 0.0026807 -0.0075684 -0.0049346
0.0053007 -0.0040595 -0.0263868 -0.0035839 -0.0133995 -0.0284341 0.0141400 -0.0320559 -0.0356967 -0.0109721 -0.0112154 -0.0253012 -0.0310571 -0.0173676 -0.0222714 -0.0258318 -0.0233391 -0.0260583 -0.0194120 -0.0060352 -0.0045725 -0.0188192 -0.0029143 -0.0037521 -0.0031115 0.0017606 0.0253712 0.0044375 0.0018702 0.0039571 -0.0031254 0.0021183 -0.0117100 0.0000108 -0.0109035 0.0102028 -0.0029978 0.9732168 0.0069278 -0.0462303 -0.0327593 -0.0455675 -0.0336277 -0.0278417 -0.0366799 -0.0212378 -0.0360747 -0.0159308 -0.0102138 -0.0084168 -0.0337386 -0.0268500 -0.0441791 -0.0233404 -0.0157480 0.0123587 0.0060098 0.0188626 -0.0107776 0.0088452 0.0076042 -0.0010192 -0.0304211 0.0128866 0.0028878 -0.0050229 0.0002968 -0.0012707 -0.0124170 -0.0019024 0.0005799 0.0003206 -0.0369382 -0.0015209 0.0001199
0.0057760 -0.0072447 -0.0222429 -0.0172372 -0.0254290 -0.0243840 0.0111883 -0.0288424 -0.0391947 -0.0044029 -0.0135811 -0.0300728 -0.0300739 -0.0229724 -0.0255584 -0.0306100 -0.0229004 -0.0408765 -0.0264553 0.0134637 -0.0173561 -0.0105466 -0.0109164 -0.0219402 -0.0001088 -0.0089022 0.0251100 0.1861778 -0.0172055 -0.0176171 -0.0207401 -0.0042660 -0.0112178 -0.0028120 -0.0113916 -0.0065674 -0.0036076 0.0069278 1.0317119 -0.0395556 -0.0225607 -0.0361241 -0.0251687 -0.0221037 -0.0430144 -0.0322177 -0.0331384 -0.0119884 -0.0147770 -0.0189017 -0.0265733 -0.0339988 -0.0237864 -0.0338299 -0.0273979 -0.0100626 0.0092248 -0.0041925 -0.0013014 -0.0033197 -0.0010692 -0.0155248 -0.0279233 -0.0057528 -0.0015498 -0.0022950 0.0028777 0.0005892 -0.0081575 -0.0137431 -0.0099378 -0.0132544 -0.0262590 -0.0069735 -0.0103245
-0.0109799 0.0071657 0.0031224 -0.0159513 0.0101190 0.0100142 -0.0196999 0.0438011 0.0268282 0.0130335 -0.0169515 0.0149777 0.0424133 0.0119617 0.0288986 0.0135138 -0.0054873 0.0251460 0.0102150 -0.0353255 -0.0364552 -0.0295070 -0.0212550 -0.0240651 -0.0450975 -0.0356449 -0.0411289 -0.0378642 -0.0123307 -0.0225999 -0.0258360 -0.0306399 -0.0042477 -0.0154539 -0.0300976 -0.0348564 0.0062054 -0.0462303 -0.0395556 1.0089121 0.0211869 0.0337974 0.0391824 0.0182485 0.0177222 0.0277312 0.0360931 -0.0021654 0.0054165 0.0143524 0.0361592 0.0216122 0.0577111 0.0243782 0.0173665 -0.0452872 -0.0378296 -0.0326136 -0.0234824 -0.0235943 -0.0326880 -0.0182152 -0.0272690 -0.0362431 -0.0343674 -0.0195927 -0.0262326 -0.0048773 -0.0212496 -0.0155401 -0.0375883 -0.0437667 0.0083986 -0.0354497 -0.0336952
-0.0086895 0.0000353 -0.0136689 -0.0173508 0.0095913 0.0075463 -0.0155583 0.0360185 0.0110361 0.0026559 -0.0146268 0.0085036 0.0340508 -0.0017974 0.0210346 0.0195307 0.0006527 0.0250997 0.0063056 -0.0204037 -0.0347848 -0.0129232 -0.0132685 -0.0232135 -0.0370815 -0.0321219 -0.0334322 -0.0331307 -0.0050728 -0.0156244 -0.0229417 -0.0238455 -0.0129131 -0.0169254 -0.0328396 -0.0403325 0.0049514 -0.0327593 -0.0225607 0.0211869 0.9991317 0.0323657 0.0425934 0.0173785 0.0210210 0.0208888 0.0375188 0.0016649 0.0040807 0.0129362 0.0159542 0.0074665 0.0270656 0.0237036 0.0164828 -0.0274608 -0.0342533 -0.0282556 -0.0105029 -0.0364896 -0.0310507 -0.0096892 -0.0261040 -0.0409188 -0.0292024 -0.0160187 -0.0178244 -0.0119407 -0.0191726 -0.0231764 -0.0457863 -0.0455102 -0.0012260 -0.0335979 -0.0307920
-0.0136585 -0.0005398 -0.0094991 -0.0172153 0.0074403 0.0204182 -0.0288373 0.0487889 0.0197878 0.0080095 -0.0232271 0.0204248 0.0406907 0.0122436 0.0417822 0.0185788 -0.0084473 0.0314030 0.0108221 -0.0412299 -0.0306916 -0.0208212 -0.0208236 -0.0210910 -0.0403052 -0.0443771 -0.0523211 -0.0630796 -0.0114451 -0.0356665 -0.0273368 -0.0299190 0.0133974 -0.0238879 -0.0432972 -0.0537969 0.0094605 -0.0455675 -0.0361241 0.0337974 0.0323657 1.0405337 0.0642449 0.0195260 0.0152508 0.0212767 0.0406548 -0.0067864 0.0066938 0.0288237 0.0143958 0.0074821 0.0520399 0.0225630 0.0108426 -0.0615738 -0.0449376 -0.0349677 -0.0169577 -0.0451142 -0.0294816 -0.0173320 -0.0348025 -0.0412891 -0.0243691 -0.0197168 -0.0200290 -0.0157651 -0.0266643 -0.0159640 -0.0396827 -0.0566902 0.0151405 -0.0466204 -0.0328998
-0.0099141 0.0009402 0.0039540 -0.0159888 0.0148436 0.0084927 -0.0208039 0.0435071 0.0279739 0.0046948 -0.0175904 0.0067523 0.0545208 0.0048104 0.0299545 0.0292514 -0.0055687 0.0321019 0.0057819 -0.0377053 -0.0464648 -0.0072370 -0.0238095 -0.0299885 -0.0491220 -0.0476453 -0.0443379 -0.0462601 -0.0051027 -0.0377197 -0.0216955 -0.0388046 -0.0018211 -0.0194416 -0.0178862 -0.0412094 0.0059586 -0.0336277 -0.0251687 0.0391824 0.0425934 0.0642449 1.0375048 0.0089582 0.0466959 0.0206356 0.0448868 -0.0072695 0.0044985 0.0296532 0.0361222 0.0175599 0.0512076 0.0494236 0.0206706 -0.0522715 -0.0329578 -0.0370965 -0.0182809 -0.0424016 -0.0321190 -0.0185372 -0.0269248 -0.0573842 -0.0272862 -0.0131574 -0.0266648 -0.0148776 -0.0160981 -0.0223824 -0.0432796 -0.0403830 0.0069808 -0.0396226 -0.0274950
-0.0058507 0.0048684 -0.0098521 -0.0104206 0.0031107 -0.0111570 -0.0155673 0.0263007 -0.0060394 0.0031341 -0.0135493 -0.0030709 0.0139226 -0.0020064 0.0156920 -0.0013224 -0.0054014 0.0225874 0.0024685 -0.0347587 -0.0369798 -0.0197086 -0.0081380 -0.0377876 -0.0223532 -0.0399456 -0.0290327 -0.0230221 -0.0012299 -0.0228307 -0.0118863 -0.0336895 -0.0156383 -0.0202459 -0.0138962 -0.0268140 0.0060654 -0.0278417 -0.0221037 0.0182485 0.0173785 0.0195260 0.0089582 1.0269160 -0.0026520 0.0019653 0.0119322 -0.0085290 -0.0150682 -0.0014233 -0.0064459 -0.0066982 -0.0018399 0.0010358 0.0071556 -0.0242199 -0.0284989 -0.0258546 -0.0117234 -0.0204302 -0.0241051 -0.0123973 -0.0287174 -0.0301339 -0.0237347 -0.0205799 -0.0089053 -0.0183249 -0.0225156 -0.0210431 -0.0388514 -0.0458739 -0.0061709 -0.0282404 -0.0118889
-0.0108159 -0.0004015 -0.0208796 -0.0299341 -0.0006446 -0.0001560 -0.0216127 0.0375400 -0.0014963 0.0030983 -0.0315970 0.0018664 0.0267982 0.0057050 0.0224899 -0.0106839 -0.0224045 0.0109621 -0.0020547 -0.0290291 -0.0224073 -0.0138873 -0.0093100 -0.0316788 -0.0434058 -0.0303612 -0.0380867 -0.0318304 -0.0041953 -0.0173189 -0.0152863 -0.0232158 -0.0113086 -0.0268827 -0.0341793 -0.0345782 0.0069302 -0.0366799 -0.0430144 0.0177222 0.0210210 0.0152508 0.0466959 -0.0026520 1.0494661 -0.0019838 0.0353041 -0.0075250 -0.0123723 -0.0031122 0.0313887 -0.0029349 0.0127879 0.0072087 0.0054285 -0.0368748 -0.0229274 -0.0378596 -0.0204643 -0.0233170 -0.0386708 -0.0285341 -0.0263528 -0.0291099 -0.0315439 -0.0195345 -0.0309906 -0.0128804 -0.0182574 -0.0203823 -0.0302181 -0.0167002 -0.0129426 -0.0399620 -0.0200768
-0.0071103 0.0005164 -0.0067557 -0.0162858 0.0187385 0.0059371 -0.0157166 0.0271443 0.0115752 0.0052557 -0.0187153 -0.0029321 0.0220897 -0.0005782 0.0268157 0.0073461 0.0000862 0.0162379 0.0050058 -0.0279497 -0.0230647 -0.0326907 -0.0354405 -0.0220923 -0.0397235 -0.0234656 -0.0322322 -0.0187423 0.0001905 -0.0175690 -0.0207094 -0.0296116 -0.0327568 -0.0275120 -0.0309828 -0.0305012 0.0054333 -0.0212378 -0.0322177 0.0277312 0.0208888 0.0212767 0.0206356 0.0019653 -0.0019838 1.0029379 0.0195485 -0.0028606 -0.0022514 -0.0041998 0.0102344 0.0192358 0.0144965 0.0045565 0.0069085 -0.0409549 -0.0302061 -0.0367982 -0.0149051 -0.0351764 -0.0166943 -0.0077816 -0.0199809 -0.0309583 -0.0300783 -0.0148393 -0.0228530 -0.0151608 -0.0263482 -0.0181540 -0.0285249 -0.0318342 -0.0022693 -0.0458333 -0.0222422
-0.0072328 -0.0010430 -0.0088053 -0.0106540 0.0110684 0.0069027 -0.0160608 0.0314972 0.0207562 0.0043119 -0.0155721 0.0165105 0.0308375 0.0091183 0.0219752 0.0214855 -0.0119228 0.0189382 0.0179540 -0.0234465 -0.0273620 -0.0200951 -0.0087492 -0.0098539 -0.0408476 -0.0260906 -0.0307728 -0.0374514 0.0050246 -0.0208349 -0.0241039 -0.0286575 -0.0026082 -0.0186691 -0.0203955 -0.0355319 0.0059869 -0.0360747 -0.0331384 0.0360931 0.0375188 0.0406548 0.0448868 0.0119322 0.0353041 0.0195485 1.0026488 -0.0023995 0.0032305 0.0277108 0.0310578 0.0162563 0.0488958 0.0358150 0.0203060 -0.0368159 -0.0342214 -0.0323560 -0.0089104 -0.0364010 -0.0244725 -0.0149887 -0.0100527 -0.0419319 -0.0306486 -0.0162846 -0.0216155 -0.0092684 -0.0164354 -0.0159303 -0.0307031 -0.0363135 0.0207051 -0.0315585 -0.0192530
-0.0022480 -0.0058996 -0.0111472 0.0006236 0.0040976 0.0027043 -0.0023510 0.0043023 -0.0038093 -0.0020684 -0.0132167 -0.0092526 -0.0054377 -0.0143554 -0.0028191 -0.0037247 -0.0114051 -0.0076226 0.0017165 -0.0145485 -0.0047311 -0.0006726 -0.0101657 -0.0227903 -0.0155072 -0.0192162 -0.0037560 -0.0059933 -0.0106347 -0.0119873 -0.0134568 -0.0074359 -0.0121090 -0.0075674 -0.0121134 -0.0178437 0.0018524 -0.0159308 -0.0119884 -0.0021654 0.0016649 -0.0067864 -0.0072695 -0.0085290 -0.0075250 -0.0028606 -0.0023995 0.9734762 -0.0111547 -0.0027587 -0.0011810 0.0082920 -0.0037419 -0.0101091 -0.0071995 -0.0096348 -0.0075989 -0.0142873 -0.0192905 -0.0140075 -0.0092794 0.0035830 -0.0073768 -0.0145681 -0.0110250 -0.0172742 -0.0062289 -0.0058148 -0.0086219 -0.0125433 -0.0142530 -0.0087458 -0.0105783 -0.0164922 -0.0082381
-0.0018113 -0.0053570 -0.0155925 -0.0065317 -0.0054745 -0.0219217 -0.0011254 0.0049040 -0.0138731 -0.0020812 -0.0027313 -0.0015974 0.0068951 -0.0039664 0.0057663 0.0003723 -0.0077977 0.0060903 -0.0111703 -0.0072133 -0.0161185 -0.0149373 -0.0136218 -0.0218471 -0.0326103 -0.0190636 -0.0096264 -0.0107138 -0.0055306 -0.0181797 -0.0177195 -0.0182906 -0.0149388 -0.0096308 -0.0157753 -0.0120261 0.0002986 -0.0102138 -0.0147770 0.0054165 0.0040807 0.0066938 0.0044985 -0.0150682 -0.0123723 -0.0022514 0.0032305 -0.0111547 0.9899169 -0.0119662 -0.0119350 -0.0031149 0.0072552 0.0029579 -0.0099518 -0.0121482 -0.0034983 -0.0162452 -0.0301015 -0.0323618 -0.0144602 -0.0093646 -0.0208151 -0.0121719 -0.0007026 0.0018298 -0.0131938 -0.0081584 -0.0153028 -0.0006105 -0.0093550 -0.0109637 -0.0096708 -0.0169659 -0.0304287
