0.00000000099999999999 0.00000000099999999999 0.00000002627184097730 0.00000000099999999999 0.99999997072815904886 
0.00000000099999999994 0.00000000099999999994 0.00000000099999999994 0.00000000099999999994 0.99999999599999989108 
0.43741897034883309159 0.00000000099999999998 0.00000000099999999998 0.56258102665116693775 0.00000000099999999998 
0.24632910846709726860 0.00000000099999999999 0.18497181823084946073 0.35180411548788820264 0.21689495681416506856 
0.00000000099999999997 0.00000000099999999997 0.00000000099999999997 0.99999996535848101331 0.00000003164151906960 
0.00000000099999999998 0.75505279445637607516 0.24494720254362398193 0.00000000099999999998 0.00000000099999999998 
0.00000000099999999997 0.99999999600000000211 0.00000000099999999997 0.00000000099999999997 0.00000000099999999997 
0.00000000099999999997 0.99999999600000000211 0.00000000099999999997 0.00000000099999999997 0.00000000099999999997 
0.00000000099999999999 0.00000000099999999999 0.00000001312750868372 0.76802879860488992847 0.23197118626760140914 
0.00000000099999999995 0.00000000099999999995 0.99999999599999989108 0.00000000099999999995 0.00000000099999999995 
0.00000000099999999999 0.00000000099999999999 0.52110574878046922453 0.47889424821953069378 0.00000000099999999999 
0.31591318899649450946 0.00000000099999999999 0.52738918132944911932 0.00000000099999999999 0.15669762767405651105 
0.21152079840536180955 0.42121863714729429473 0.36726056244734400780 0.00000000099999999998 0.00000000099999999998 
0.99999999600000000211 0.00000000099999999995 0.00000000099999999995 0.00000000099999999995 0.00000000099999999995 
0.00000000099999999994 0.00000000099999999994 0.00000000099999999994 0.00000000099999999994 0.99999999599999989108 
0.42109907023491099931 0.00000000099999999996 0.00000000099999999996 0.00000000099999999996 0.57890092676508897451 
0.34951756079908841146 0.00000000099999999999 0.24689674550742315984 0.40358569169348823547 0.00000000099999999999 
0.00000000099999999997 0.00000000099999999997 0.99999999599999989108 0.00000000099999999997 0.00000000099999999997 
0.42588849328939726302 0.00017806886768442090 0.57386548091640665614 0.00000000099999999999 0.00006795592651163050 
0.00000000099999999997 0.32174917610194125883 0.00000000099999999997 0.67825082089805854846 0.00000000099999999997 
0.00000000099999999996 0.00000000099999999996 0.00000000099999999996 0.99999999599999989108 0.00000000099999999996 
0.00000000099999999999 0.22896708987994709994 0.00000000099999999999 0.16748174801985457605 0.60355116010019838058 
0.00000000099999999999 0.00000000099999999999 0.45226263344377887199 0.54773736355622115735 0.00000000099999999999 
0.45502165503930214197 0.00000000099999999998 0.00000000099999999998 0.28078786367939706503 0.26419047928130062752 
0.58088535649111305847 0.00000000099999999998 0.41911463872928211849 0.00000000277960476561 0.00000000099999999998 
0.00000000099999999995 0.00000000099999999995 0.00000000099999999995 0.99999999599999989108 0.00000000099999999995 
0.00000000099999999998 0.00000000099999999998 0.99971702138391305148 0.00028297561608693600 0.00000000099999999998 
0.00000000099999999997 0.99999999600000000211 0.00000000099999999997 0.00000000099999999997 0.00000000099999999997 
0.00000000099999999999 0.50598974316194111900 0.00000000275501998337 0.00000000099999999999 0.49401025208303900316 
0.00000000099999999999 0.00000000099999999999 0.72249991099320076682 0.00015499297988193518 0.27734509402691720492 
0.00000000099999999997 0.99999999600000011313 0.00000000099999999997 0.00000000099999999997 0.00000000099999999997 
0.21786605033550790478 0.27848815442291063871 0.22560719755386396401 0.02258777842463249516 0.25545081926308510489 
0.00000019098646186972 0.26554859567156630096 0.00000000099999999999 0.49400768306671738461 0.24044352927525425301 
0.00000000099999999998 0.00000000099999999998 0.50258914074254856796 0.00000000099999999998 0.49741085625745140586 
0.31942854314382418401 0.00000000099999999998 0.37286396591475273743 0.00000000099999999998 0.30770748894142302410 
0.49843299242881589084 0.00000000099999999999 0.25257805428379270785 0.00000000099999999999 0.24898895128739145788 
0.00000000099999999999 0.00000000183698874033 0.99999999336742662059 0.00000000099999999999 0.00000000279558466540 
0.45885705611993599096 0.54038856611599161983 0.00075437576407241596 0.00000000099999999998 0.00000000099999999998 
0.00000000099999999998 0.74080208067809760752 0.25919791632190236630 0.00000000099999999998 0.00000000099999999998 
0.00000000099999999997 0.00000000099999999997 0.00000000099999999997 0.49081017268155491262 0.50918982431844517222 
0.99999999600000011313 0.00000000099999999995 0.00000000099999999995 0.00000000099999999995 0.00000000099999999995 
0.00000000099999999998 0.00000000099999999998 0.57326248010712199665 0.00000000099999999998 0.42673751689287792166 
0.00000000099999999994 0.00000000099999999994 0.00000000099999999994 0.00000000099999999994 0.99999999599999989108 
0.63183400179112469974 0.00000000099999999996 0.00000000099999999996 0.36816599520887544061 0.00000000099999999996 
0.52591518606290765803 0.00000000099999999998 0.00000000099999999998 0.00000000099999999998 0.47408481093709237131 
0.00000000099999999996 0.00000000099999999996 0.00000000099999999996 0.00000000099999999996 0.99999999600000000211 
0.00000000099999999993 0.00000000099999999993 0.99999999599999989108 0.00000000099999999993 0.00000000099999999993 
0.00000000099999999998 0.44657207674979981782 0.00000000099999999998 0.37529274483320951283 0.17813517641699055938 
0.48514260809166437349 0.00000000099999999997 0.00000000099999999997 0.00000000099999999997 0.51485738890833565584 
0.63331119065221286313 0.36668880634778705518 0.00000000099999999997 0.00000000099999999997 0.00000000099999999997 
0.25884029046492090798 0.00000000099999999998 0.00000000099999999998 0.74115970653507901034 0.00000000099999999998 
0.00000000099999999995 0.99999999600000011313 0.00000000099999999995 0.00000000099999999995 0.00000000099999999995 
0.32935663449862079277 0.32132270576135885110 0.00000000099999999999 0.00000000099999999999 0.34932065774002041270 
0.30523212579990560700 0.53459513888946197380 0.00000000099999999999 0.16017273331063247577 0.00000000099999999999 
0.54166211845016887239 0.31542724704020091986 0.14226129504232476464 0.00064933846730539583 0.00000000099999999999 
0.21284157471441556009 0.00000000099999999999 0.45419892937134620503 0.33295949391423829145 0.00000000099999999999 
0.00000000099999999994 0.99999999600000000211 0.00000000099999999994 0.00000000099999999994 0.00000000099999999994 
0.80453617386576481429 0.00000000099999999998 0.19546382313423532606 0.00000000099999999998 0.00000000099999999998 
0.44729851184971841649 0.00000000099999999998 0.00000000099999999998 0.55270148515028150182 0.00000000099999999998 
0.55641809517602480728 0.00000000099999999997 0.00000000099999999997 0.44358190182397516654 0.00000000099999999997 
0.00000000099999999997 0.00000000099999999997 0.00000000099999999997 0.99999999600000000211 0.00000000099999999997 
0.00000000099999999995 0.00000000099999999995 0.00000000099999999995 0.99999999599999989108 0.00000000099999999995 
0.00000524558461834485 0.16378725781179734322 0.38644987162391142288 0.44975762397967289363 0.00000000099999999999 
0.00000000099999999996 0.00000000099999999996 0.99999999599999989108 0.00000000099999999996 0.00000000099999999996 
0.36371864488331567822 0.00000000099999999998 0.00000000099999999998 0.00000000099999999998 0.63628135211668435112 
0.67548111016410938845 0.00000000099999999996 0.32451888683589058537 0.00000000099999999996 0.00000000099999999996 
0.99999999600000011313 0.00000000099999999994 0.00000000099999999994 0.00000000099999999994 0.00000000099999999994 
0.00000000099999999996 0.00000000099999999996 0.00000000099999999996 0.99999999599999989108 0.00000000099999999996 
0.42791314543376779422 0.11618958234456236434 0.00011100168140853161 0.00000000100000000000 0.45578626954026113527 
0.32294268459338454358 0.29677176826459150671 0.10104490524731112033 0.00000000100000000000 0.27924064089471301031 
0.00000000099999999998 0.41835413542914245966 0.58164586157085751417 0.00000000099999999998 0.00000000099999999998 
0.00000000099999999999 0.00000000099999999999 0.41101155305963865683 0.58898844394036120597 0.00000000099999999999 
0.00000000099999999997 0.00000000099999999997 0.00000000099999999997 0.00000000099999999997 0.99999999600000000211 
0.59747046669317116496 0.00000000099999999997 0.40252953030682891988 0.00000000099999999997 0.00000000099999999997 
0.00000000099999999995 0.99999999600000000211 0.00000000099999999995 0.00000000099999999995 0.00000000099999999995 
