0.000000	0.167878	0.181180	0.172727	0.178493	0.205323	0.156627	0.182063	0.171247	0.172080	0.159076	0.171076	0.160902	0.160243	0.152732	0.156340	0.168995	0.180611	0.162929	0.160453	0.170121	0.177310	0.188366	0.176549	0.158879	0.181213	0.186768	0.170616	0.160689	0.172000	0.167901	0.164366	0.171115	0.173482	0.139860	0.156385	0.184407	0.171324	0.171648	0.188153	0.153897	0.167005	0.174009	0.166334	0.165750	0.160480	0.159652	0.160608	0.156146	0.176162	0.184370	0.174126	0.172948	0.166667	0.162562	0.173948	0.169708	0.175325	0.182774	0.162307	0.177486	0.171523	0.180441	0.165260	0.172485	0.163854	0.169892	0.149590	0.173597	0.167832	0.160079	0.169231	0.187854	0.176343	0.153061	0.169190	0.159868	0.176201	0.160572	0.170088	0.165548	0.181681	0.187166	0.172065	0.180275	0.178476	0.175676	0.160467	0.157789	0.186492	0.187612	0.470073	0.460674	0.466562	0.465753	0.463106	0.442211	0.427807	0.470588	0.477143	0.495268	0.466571	0.471306	0.466094	0.472077	0.436893	0.462000	0.477350	0.466667	0.454089	0.466474	0.463137	0.474008	0.467123	0.466622	0.475432	0.481331	0.476000	0.463023	0.476023	0.467252	0.479720	0.474864	0.463235	0.466401	0.462051	0.473257	0.480000	0.466570	0.489826	0.471506	0.479681	0.485235	0.466135	0.472054	0.524913	0.473299	0.462950	0.468085	0.465211	0.462054	0.480839	0.473356	0.465340	0.461433	0.481081	0.460342	0.466054	0.460777	0.472222	0.466617	0.471791	0.475168	0.464104	0.471141	0.465100	0.462822	0.432007	0.479278	0.470946	0.475342	0.471058	0.460589	0.465217	0.469687	0.477164	
0.167878	0.000000	0.163440	0.167361	0.157895	0.196721	0.152068	0.168398	0.164009	0.168998	0.161188	0.163690	0.168800	0.162045	0.163675	0.163982	0.157867	0.156768	0.162162	0.147891	0.157153	0.172435	0.172748	0.159420	0.160647	0.164882	0.161040	0.166486	0.156196	0.156852	0.151392	0.169133	0.177918	0.169772	0.171799	0.159039	0.167939	0.178998	0.171468	0.156955	0.168099	0.167939	0.160096	0.155366	0.171111	0.159537	0.154601	0.167817	0.150103	0.163825	0.173184	0.168831	0.167119	0.151214	0.167179	0.152466	0.151880	0.167633	0.160657	0.164339	0.178591	0.150400	0.154994	0.165821	0.171745	0.170068	0.172101	0.166208	0.161359	0.162132	0.160572	0.158310	0.166557	0.166959	0.155537	0.160847	0.153316	0.163904	0.160598	0.153800	0.166063	0.149080	0.158371	0.162162	0.153997	0.179528	0.161644	0.153025	0.180567	0.162072	0.169288	0.448609	0.462185	0.460583	0.469216	0.469688	0.436759	0.394813	0.481081	0.474914	0.480255	0.457831	0.474138	0.464382	0.466984	0.409836	0.466169	0.473171	0.459884	0.468231	0.477312	0.457481	0.472131	0.460736	0.474649	0.472814	0.473312	0.477796	0.466624	0.480998	0.471831	0.471116	0.473312	0.456599	0.472089	0.471748	0.474026	0.493082	0.471995	0.489571	0.468258	0.475285	0.478564	0.470995	0.467532	0.516822	0.470554	0.459230	0.470090	0.474781	0.479452	0.474469	0.480929	0.463014	0.455440	0.487527	0.463859	0.469353	0.467496	0.465694	0.472353	0.460973	0.476037	0.470314	0.469795	0.477034	0.457802	0.452310	0.476701	0.473941	0.482683	0.488782	0.467769	0.465263	0.474920	0.479737	
0.181180	0.163440	0.000000	0.189851	0.164419	0.186667	0.146468	0.174219	0.153893	0.169946	0.161180	0.161742	0.179587	0.167536	0.159820	0.174739	0.175768	0.167712	0.170814	0.173516	0.171558	0.165899	0.184335	0.164000	0.173364	0.170760	0.174528	0.176436	0.165851	0.165809	0.170029	0.163934	0.169221	0.170330	0.167100	0.178998	0.176267	0.176209	0.183807	0.169941	0.172493	0.176847	0.163694	0.172178	0.168947	0.174976	0.156533	0.165065	0.155702	0.162354	0.174227	0.161252	0.179027	0.162668	0.176923	0.171177	0.177394	0.174102	0.163925	0.154066	0.178404	0.171038	0.167665	0.172476	0.171681	0.173808	0.177481	0.164809	0.170056	0.172330	0.154412	0.178230	0.167837	0.179104	0.150134	0.165350	0.168831	0.173152	0.164355	0.165823	0.182872	0.167641	0.189125	0.197487	0.174064	0.177346	0.181556	0.174953	0.196028	0.176678	0.170810	0.446015	0.449016	0.451333	0.460526	0.468561	0.414583	0.389474	0.477448	0.472273	0.478378	0.442875	0.473652	0.460375	0.470701	0.437097	0.458215	0.471884	0.457269	0.456881	0.463249	0.464983	0.473068	0.459459	0.465398	0.475540	0.463372	0.471763	0.456714	0.457247	0.464928	0.470024	0.464764	0.455696	0.471623	0.469620	0.474812	0.482840	0.464286	0.481756	0.466357	0.481406	0.464837	0.462500	0.467014	0.504980	0.475625	0.459116	0.462659	0.467525	0.468611	0.462623	0.476613	0.458920	0.457210	0.478563	0.460189	0.458131	0.454051	0.458213	0.462986	0.463120	0.476108	0.462594	0.461450	0.465089	0.457014	0.439044	0.467659	0.463146	0.469208	0.475485	0.462713	0.471247	0.467236	0.470346	
0.172727	0.167361	0.189851	0.000000	0.166509	0.133891	0.150000	0.174157	0.175176	0.198618	0.183402	0.183585	0.168091	0.176174	0.175453	0.169811	0.193201	0.175395	0.180395	0.177299	0.163158	0.180077	0.199561	0.184255	0.187500	0.172788	0.185690	0.188917	0.190090	0.182274	0.186528	0.181369	0.183654	0.187406	0.158580	0.187908	0.203191	0.203451	0.190178	0.175732	0.179551	0.189670	0.176740	0.174236	0.189446	0.168919	0.164486	0.188119	0.180962	0.164794	0.196445	0.173913	0.176322	0.181896	0.184480	0.188406	0.168122	0.180036	0.171642	0.197995	0.190189	0.184080	0.185619	0.200519	0.201371	0.175393	0.183246	0.169086	0.181445	0.170563	0.179487	0.193241	0.192113	0.195848	0.168814	0.183690	0.186161	0.201878	0.177305	0.164220	0.172477	0.174074	0.196078	0.182464	0.170535	0.185309	0.213740	0.175342	0.180638	0.159006	0.180985	0.475046	0.450000	0.456123	0.461847	0.455895	0.421053	0.379085	0.486692	0.472469	0.478585	0.467206	0.465158	0.444563	0.464656	0.426190	0.470785	0.480541	0.466921	0.460303	0.459016	0.452941	0.462199	0.465116	0.471634	0.464672	0.468213	0.469710	0.453017	0.469965	0.461735	0.470280	0.468750	0.450743	0.466446	0.465560	0.475465	0.484321	0.471575	0.486972	0.468322	0.472960	0.476151	0.457781	0.466610	0.525622	0.463927	0.463111	0.478533	0.460493	0.473340	0.464928	0.469264	0.449744	0.449659	0.474348	0.466667	0.466258	0.450266	0.458438	0.457143	0.464254	0.469302	0.459509	0.488215	0.473409	0.453947	0.455916	0.473507	0.464860	0.473100	0.465388	0.468085	0.454448	0.479236	0.460426	
0.178493	0.157895	0.164419	0.166509	0.000000	0.192568	0.169850	0.175021	0.153548	0.156740	0.166163	0.176282	0.176190	0.158220	0.162567	0.162760	0.173019	0.159297	0.159517	0.170200	0.162312	0.158333	0.188917	0.166058	0.163514	0.163924	0.179423	0.172649	0.163292	0.158440	0.164236	0.155048	0.180973	0.164336	0.160000	0.171835	0.168213	0.176985	0.163566	0.173116	0.171637	0.156500	0.174380	0.165354	0.182219	0.165517	0.158537	0.159542	0.162058	0.165188	0.169587	0.172942	0.168719	0.170518	0.165336	0.170767	0.168614	0.177324	0.163658	0.165857	0.165207	0.153055	0.163546	0.174936	0.184741	0.169787	0.168699	0.165729	0.163363	0.171905	0.170072	0.169319	0.194671	0.171637	0.156955	0.163363	0.166366	0.184303	0.167634	0.161725	0.185236	0.175694	0.202934	0.173432	0.169355	0.177331	0.214502	0.176825	0.206770	0.183597	0.156171	0.464141	0.473482	0.469417	0.476401	0.472527	0.439560	0.421725	0.486320	0.490541	0.511046	0.463048	0.481944	0.476080	0.475643	0.428331	0.476392	0.483395	0.479245	0.469520	0.470820	0.469113	0.484773	0.471322	0.479115	0.478472	0.485820	0.489362	0.453616	0.487113	0.483292	0.482406	0.482054	0.463924	0.481840	0.492112	0.480615	0.485553	0.475280	0.500330	0.475248	0.489270	0.488429	0.476133	0.489583	0.515957	0.481358	0.466580	0.488746	0.476280	0.479592	0.478544	0.476730	0.472015	0.468125	0.479680	0.491792	0.475420	0.474936	0.479730	0.478000	0.476467	0.476190	0.479470	0.482843	0.490898	0.469655	0.470940	0.489336	0.485130	0.490625	0.488471	0.496539	0.487159	0.479976	0.493142	
0.205323	0.196721	0.186667	0.133891	0.192568	0.000000	0.179931	0.203125	0.195035	0.203279	0.194175	0.167883	0.192171	0.201342	0.191558	0.170000	0.198052	0.200658	0.231270	0.172638	0.183333	0.172414	0.231405	0.177049	0.203947	0.221498	0.201320	0.203279	0.207612	0.196078	0.219608	0.218954	0.226277	0.191860	0.180672	0.198895	0.231270	0.218430	0.216730	0.222749	0.197411	0.209836	0.181495	0.190323	0.187500	0.228571	0.196203	0.214286	0.177606	0.152778	0.214789	0.205387	0.220395	0.228013	0.186869	0.189286	0.209459	0.183746	0.196078	0.184818	0.188552	0.178808	0.192893	0.182759	0.214765	0.202797	0.203390	0.196721	0.217252	0.199336	0.188312	0.227273	0.213483	0.205479	0.166667	0.194175	0.188312	0.164286	0.205882	0.167832	0.189781	0.191336	0.206897	0.170886	0.223881	0.203947	0.160000	0.166667	0.200000	0.200837	0.168675	0.514493	0.458621	0.470356	0.443983	0.452055	0.370000	0.409091	0.498168	0.462094	0.530973	0.459854	0.475524	0.447257	0.520599	0.447368	0.475728	0.481728	0.475000	0.453571	0.474820	0.483333	0.453608	0.446367	0.461794	0.537954	0.498282	0.476974	0.454198	0.476703	0.505085	0.487455	0.477816	0.459459	0.503247	0.465116	0.464883	0.463415	0.481343	0.487455	0.475862	0.465812	0.483108	0.457237	0.462585	0.484848	0.463235	0.462069	0.500000	0.469178	0.483271	0.453237	0.491166	0.438776	0.451827	0.469388	0.456274	0.476015	0.489655	0.484950	0.462687	0.480287	0.491639	0.452107	0.464646	0.467797	0.461255	0.449761	0.503378	0.487973	0.479021	0.466887	0.452962	0.473214	0.470199	0.452381	
0.156627	0.152068	0.146468	0.150000	0.169850	0.179931	0.000000	0.169702	0.155844	0.153700	0.156648	0.158163	0.165986	0.155077	0.165862	0.151932	0.167277	0.165149	0.167171	0.161916	0.168246	0.156510	0.172932	0.167883	0.157766	0.171149	0.177429	0.164706	0.160445	0.162607	0.163202	0.162847	0.168451	0.158265	0.170424	0.167718	0.165006	0.174797	0.178988	0.166840	0.171551	0.168010	0.158108	0.150426	0.165609	0.162675	0.163514	0.164350	0.141975	0.169668	0.161538	0.173469	0.174721	0.166667	0.149490	0.173631	0.167464	0.154557	0.163339	0.160562	0.170455	0.161800	0.181360	0.160941	0.174653	0.159337	0.169388	0.156348	0.166969	0.169132	0.152870	0.166561	0.172748	0.179351	0.156162	0.158404	0.155891	0.164698	0.152367	0.162071	0.177839	0.159091	0.169082	0.151013	0.170103	0.174312	0.152905	0.159574	0.157658	0.159434	0.173841	0.450954	0.454137	0.460442	0.471587	0.473581	0.452273	0.386435	0.471634	0.478744	0.484627	0.460380	0.476913	0.464286	0.462594	0.413621	0.470767	0.473586	0.467925	0.455853	0.470822	0.466503	0.471250	0.467965	0.478691	0.471664	0.480374	0.474939	0.460248	0.473342	0.471535	0.475672	0.467290	0.455773	0.470803	0.469512	0.474010	0.480330	0.467914	0.481481	0.464020	0.471056	0.477594	0.471160	0.466337	0.498936	0.465506	0.468003	0.476774	0.466165	0.476126	0.477466	0.476825	0.465539	0.461202	0.476485	0.461704	0.463288	0.460143	0.459309	0.477823	0.474026	0.476895	0.468085	0.475369	0.465441	0.456446	0.454082	0.470912	0.478342	0.482064	0.485034	0.473585	0.465753	0.476801	0.473024	
0.182063	0.168398	0.174219	0.174157	0.175021	0.203125	0.169702	0.000000	0.180159	0.184758	0.165192	0.184676	0.193257	0.179775	0.169853	0.152979	0.177037	0.175726	0.169492	0.169993	0.165370	0.163453	0.177355	0.190157	0.172131	0.185960	0.178218	0.175544	0.164791	0.169254	0.166202	0.169853	0.187075	0.160494	0.167206	0.161388	0.177528	0.187958	0.193906	0.169689	0.167660	0.168295	0.179551	0.167036	0.166538	0.187500	0.179795	0.178152	0.169460	0.168624	0.173045	0.172068	0.177542	0.160946	0.165333	0.170984	0.160784	0.174960	0.190406	0.173848	0.177947	0.177037	0.155251	0.178600	0.173547	0.178600	0.197248	0.174312	0.175556	0.161466	0.162482	0.163313	0.178350	0.166800	0.150965	0.164827	0.169242	0.170339	0.177102	0.182787	0.193257	0.172043	0.169444	0.190171	0.166516	0.178123	0.184783	0.179529	0.181719	0.163080	0.180972	0.448000	0.461659	0.465398	0.466186	0.457614	0.422343	0.418079	0.477387	0.468700	0.496377	0.446141	0.465339	0.449905	0.459550	0.414226	0.466221	0.462642	0.458920	0.449447	0.463629	0.454275	0.448591	0.457341	0.470189	0.471418	0.471256	0.461367	0.453812	0.469274	0.469248	0.466877	0.473445	0.445823	0.468542	0.467262	0.473328	0.470178	0.471358	0.482506	0.459439	0.481548	0.473802	0.468242	0.468326	0.502695	0.457050	0.454834	0.460745	0.473242	0.465214	0.466667	0.474011	0.456903	0.454684	0.471927	0.471979	0.458665	0.460568	0.463102	0.477759	0.463281	0.474513	0.452936	0.459276	0.472265	0.457728	0.451417	0.470544	0.478723	0.476117	0.468750	0.472031	0.469208	0.468703	0.470543	
0.171247	0.164009	0.153893	0.175176	0.153548	0.195035	0.155844	0.180159	0.000000	0.175000	0.159272	0.141524	0.165482	0.168891	0.166855	0.164400	0.168668	0.159977	0.157745	0.158857	0.171023	0.164150	0.189103	0.173863	0.157621	0.157652	0.177065	0.166084	0.161946	0.161773	0.173851	0.164205	0.171622	0.176663	0.164807	0.176039	0.167056	0.181587	0.179204	0.170297	0.164652	0.158786	0.164877	0.143021	0.175909	0.159774	0.148631	0.166572	0.149351	0.164267	0.166667	0.173205	0.166667	0.159318	0.159956	0.169952	0.169811	0.173779	0.155378	0.158076	0.168533	0.159221	0.163241	0.166268	0.169031	0.174910	0.195695	0.166371	0.156729	0.162621	0.159453	0.164152	0.165738	0.174295	0.147378	0.159181	0.173394	0.171391	0.167711	0.172240	0.173463	0.174396	0.170115	0.195341	0.171569	0.177317	0.206395	0.167401	0.189119	0.167254	0.171725	0.454075	0.470801	0.479489	0.470752	0.476857	0.453159	0.412037	0.491580	0.487492	0.488435	0.468269	0.463956	0.467870	0.479743	0.424879	0.478013	0.488928	0.470009	0.459309	0.482010	0.472527	0.479105	0.464897	0.484113	0.476245	0.475103	0.483945	0.465196	0.475121	0.481352	0.484629	0.480094	0.469089	0.487443	0.485109	0.487493	0.491395	0.467712	0.492192	0.475190	0.487127	0.485616	0.479405	0.479021	0.517553	0.483750	0.472019	0.480559	0.481481	0.473684	0.475956	0.480975	0.470588	0.467098	0.489225	0.479781	0.474741	0.475469	0.476494	0.473084	0.473716	0.484357	0.476131	0.488683	0.486326	0.467448	0.435939	0.487622	0.477577	0.484670	0.488239	0.481635	0.471526	0.483391	0.482394	
0.172080	0.168998	0.169946	0.198618	0.156740	0.203279	0.153700	0.184758	0.175000	0.000000	0.159509	0.174727	0.169835	0.164196	0.162147	0.167374	0.163494	0.165359	0.158889	0.164522	0.158438	0.167093	0.174652	0.160090	0.161673	0.170787	0.181503	0.170370	0.158374	0.164330	0.170092	0.157428	0.178453	0.167931	0.162162	0.176123	0.170370	0.182555	0.172266	0.168972	0.164137	0.171233	0.168645	0.163025	0.174752	0.149628	0.173913	0.169265	0.161702	0.175650	0.168823	0.179245	0.167614	0.167340	0.144231	0.170113	0.159443	0.170109	0.163707	0.173498	0.171938	0.173937	0.167067	0.150822	0.171694	0.160757	0.164179	0.163972	0.157865	0.174584	0.164071	0.179034	0.176144	0.185140	0.150758	0.168240	0.176013	0.167092	0.167681	0.173724	0.172676	0.168159	0.180778	0.189474	0.163823	0.174621	0.161111	0.165637	0.180150	0.174672	0.168618	0.465668	0.474487	0.460432	0.461905	0.469607	0.446281	0.410959	0.474608	0.473968	0.498656	0.458560	0.481906	0.464869	0.475983	0.426984	0.471508	0.473834	0.460139	0.463576	0.480291	0.468468	0.478809	0.476959	0.468362	0.476244	0.482581	0.480651	0.461383	0.473246	0.476109	0.478542	0.478857	0.462882	0.483835	0.476803	0.488675	0.481395	0.473652	0.495128	0.471192	0.484728	0.479213	0.476615	0.472996	0.518701	0.473684	0.466469	0.476247	0.474771	0.479401	0.478287	0.481181	0.466170	0.463652	0.493743	0.474104	0.468174	0.472123	0.473982	0.484288	0.473622	0.477671	0.465159	0.479638	0.477326	0.458651	0.448948	0.479237	0.469818	0.484988	0.487668	0.477207	0.469941	0.475070	0.474742	
0.159076	0.161188	0.161180	0.183402	0.166163	0.194175	0.156648	0.165192	0.159272	0.159509	0.000000	0.166915	0.174545	0.165312	0.154129	0.156897	0.161170	0.165157	0.158034	0.164092	0.152495	0.154226	0.178042	0.163451	0.168461	0.179296	0.167863	0.162162	0.164368	0.160085	0.170715	0.160865	0.176397	0.159255	0.159036	0.177346	0.170652	0.172005	0.169747	0.162791	0.158007	0.160870	0.147551	0.158511	0.172682	0.156584	0.136364	0.178931	0.146475	0.151184	0.161828	0.163013	0.173795	0.174176	0.169388	0.176209	0.159701	0.173611	0.156366	0.159358	0.167126	0.167732	0.165517	0.159257	0.161326	0.170153	0.170599	0.161255	0.156697	0.163369	0.162434	0.168729	0.184747	0.190920	0.153781	0.174670	0.169133	0.161783	0.184994	0.171429	0.180012	0.174020	0.191964	0.165275	0.167532	0.169338	0.168937	0.158082	0.180645	0.171927	0.171875	0.454874	0.461453	0.460681	0.452720	0.460452	0.435039	0.421356	0.479329	0.472428	0.491783	0.457880	0.465103	0.459987	0.464881	0.434978	0.471338	0.467027	0.453344	0.463290	0.465023	0.464056	0.469532	0.464989	0.465054	0.475279	0.468512	0.470149	0.461245	0.460712	0.465983	0.466704	0.475570	0.463863	0.476695	0.471838	0.470334	0.480132	0.465467	0.492494	0.469697	0.483607	0.478098	0.459173	0.467925	0.500929	0.471545	0.458498	0.465653	0.478142	0.477151	0.477364	0.467733	0.462254	0.455786	0.482964	0.467002	0.462932	0.466817	0.461497	0.475015	0.465954	0.467777	0.464617	0.464267	0.462472	0.455314	0.460282	0.476241	0.472403	0.475877	0.474973	0.468424	0.463636	0.466738	0.469689	
0.171076	0.163690	0.161742	0.183585	0.176282	0.167883	0.158163	0.184676	0.141524	0.174727	0.166915	0.000000	0.169355	0.166415	0.171852	0.164297	0.173077	0.168889	0.156805	0.181684	0.174573	0.167774	0.186879	0.167674	0.173193	0.162687	0.163043	0.155354	0.171157	0.176558	0.163993	0.151694	0.157040	0.178191	0.149495	0.148810	0.165152	0.173701	0.171790	0.179669	0.165179	0.173047	0.177134	0.154762	0.190840	0.154023	0.158055	0.173591	0.153430	0.165552	0.194030	0.168770	0.165913	0.158307	0.192020	0.179262	0.171141	0.170047	0.160237	0.165663	0.159443	0.153846	0.176638	0.155725	0.162367	0.162539	0.161702	0.161585	0.170118	0.157165	0.147275	0.169279	0.168440	0.173139	0.126033	0.149408	0.156112	0.178752	0.184397	0.171569	0.169600	0.168576	0.186047	0.148855	0.174067	0.171898	0.204082	0.191083	0.181452	0.203540	0.143701	0.417178	0.450949	0.421793	0.448029	0.454114	0.388889	0.364341	0.465890	0.466667	0.442446	0.431529	0.463768	0.422642	0.442434	0.379747	0.456012	0.446970	0.440835	0.426016	0.428341	0.447094	0.434049	0.425758	0.454683	0.454545	0.441755	0.463704	0.438061	0.455556	0.441400	0.453397	0.455639	0.433498	0.469539	0.433934	0.430091	0.489231	0.463987	0.444625	0.442396	0.475439	0.448120	0.466468	0.426205	0.488722	0.448505	0.440514	0.444795	0.443096	0.434426	0.446634	0.463224	0.453416	0.417311	0.447806	0.435456	0.427673	0.441130	0.442073	0.440457	0.455272	0.456884	0.422764	0.461654	0.462264	0.432479	0.413442	0.455371	0.445636	0.443769	0.440476	0.430746	0.439216	0.432593	0.460000	
0.160902	0.168800	0.179587	0.168091	0.176190	0.192171	0.165986	0.193257	0.165482	0.169835	0.174545	0.169355	0.000000	0.169975	0.161252	0.178782	0.165551	0.165854	0.167676	0.178896	0.163009	0.167477	0.193412	0.152862	0.161747	0.172076	0.182275	0.186962	0.172346	0.163017	0.167048	0.155100	0.174910	0.184364	0.170932	0.185841	0.185644	0.167673	0.187403	0.169969	0.177982	0.175743	0.163612	0.180767	0.175427	0.166172	0.148048	0.167874	0.157414	0.164025	0.176553	0.175796	0.174074	0.156348	0.181293	0.154401	0.167785	0.181938	0.160920	0.174390	0.176803	0.169915	0.169211	0.158196	0.181472	0.176319	0.187625	0.181932	0.177536	0.182754	0.165862	0.176056	0.183857	0.180795	0.165736	0.182750	0.157609	0.177700	0.152174	0.158891	0.165522	0.174897	0.207547	0.166976	0.177550	0.169915	0.171975	0.160643	0.175090	0.168529	0.174643	0.470270	0.477593	0.478944	0.480712	0.474663	0.463942	0.409917	0.491409	0.486346	0.497093	0.466798	0.482940	0.461128	0.472279	0.424561	0.476596	0.489244	0.470367	0.470858	0.484148	0.473942	0.479102	0.473388	0.482716	0.481459	0.489441	0.483516	0.462719	0.486731	0.469678	0.483397	0.477909	0.469758	0.481166	0.481774	0.491985	0.493064	0.468750	0.497026	0.481413	0.505051	0.491733	0.476046	0.478960	0.523316	0.478958	0.468305	0.476774	0.487500	0.482735	0.483007	0.487001	0.478670	0.471910	0.495043	0.474294	0.471808	0.480284	0.471931	0.490604	0.474055	0.488029	0.473018	0.475369	0.481669	0.469686	0.459622	0.494519	0.483292	0.490037	0.491783	0.482064	0.485966	0.488740	0.483104	
0.160243	0.162045	0.167536	0.176174	0.158220	0.201342	0.155077	0.179775	0.168891	0.164196	0.165312	0.166415	0.169975	0.000000	0.166487	0.163133	0.165851	0.173391	0.163872	0.165671	0.159222	0.158291	0.178277	0.165936	0.158791	0.165027	0.177765	0.166851	0.161557	0.174102	0.148907	0.164243	0.164955	0.164226	0.169394	0.173763	0.163333	0.170200	0.161447	0.160458	0.166485	0.169529	0.166261	0.169750	0.162698	0.163470	0.148802	0.168649	0.165730	0.161410	0.171357	0.182026	0.172662	0.167413	0.161826	0.169051	0.165913	0.175636	0.158919	0.161644	0.173717	0.159412	0.172535	0.160643	0.173815	0.173838	0.164557	0.160022	0.169995	0.163584	0.153971	0.174013	0.171009	0.173008	0.163478	0.167116	0.164865	0.173317	0.175100	0.161738	0.177518	0.177681	0.209821	0.174957	0.172185	0.179543	0.190083	0.175121	0.182927	0.179269	0.165414	0.434466	0.455631	0.461974	0.461691	0.453602	0.433809	0.401163	0.472205	0.471238	0.470741	0.455023	0.476385	0.454545	0.460606	0.412817	0.472599	0.472115	0.462312	0.456028	0.469759	0.447974	0.467113	0.459127	0.474176	0.475054	0.471405	0.472222	0.450942	0.465089	0.468578	0.473955	0.468109	0.450483	0.468074	0.471800	0.461114	0.478849	0.469363	0.488482	0.464641	0.476129	0.473828	0.468835	0.475509	0.508103	0.463863	0.456484	0.468354	0.474124	0.470303	0.467017	0.472707	0.457845	0.459007	0.480398	0.471228	0.465587	0.456897	0.461496	0.472488	0.466437	0.473396	0.457817	0.471460	0.468697	0.451017	0.442511	0.473025	0.465451	0.470291	0.482327	0.465508	0.462143	0.467681	0.474066	
0.152732	0.163675	0.159820	0.175453	0.162567	0.191558	0.165862	0.169853	0.166855	0.162147	0.154129	0.171852	0.161252	0.166487	0.000000	0.164282	0.173453	0.154131	0.158888	0.169572	0.173548	0.161881	0.174743	0.165338	0.159444	0.171809	0.168860	0.171060	0.157895	0.162778	0.165434	0.154088	0.165414	0.155670	0.168665	0.176739	0.178244	0.172963	0.159075	0.161230	0.170292	0.157951	0.166468	0.159175	0.164088	0.164602	0.156020	0.160883	0.159755	0.159928	0.169626	0.154190	0.171152	0.156403	0.158002	0.156627	0.174107	0.183544	0.160021	0.161702	0.167123	0.161648	0.178490	0.151532	0.170785	0.164706	0.180832	0.155483	0.151706	0.165730	0.152231	0.160804	0.159136	0.180451	0.141533	0.162035	0.165181	0.158470	0.169677	0.157025	0.177671	0.170613	0.178022	0.185811	0.165049	0.161359	0.198895	0.153529	0.178686	0.171784	0.174332	0.456599	0.470327	0.471455	0.459216	0.467190	0.453465	0.407143	0.485443	0.477721	0.508217	0.465870	0.481250	0.472000	0.480826	0.442478	0.471270	0.481501	0.459283	0.464063	0.478632	0.468584	0.478073	0.466848	0.474640	0.480211	0.477371	0.478031	0.467937	0.479798	0.476395	0.481974	0.483279	0.461268	0.482904	0.483122	0.482315	0.488499	0.472591	0.496275	0.475832	0.483104	0.475610	0.471022	0.474531	0.529520	0.472286	0.463866	0.474273	0.482366	0.473529	0.475839	0.481380	0.464169	0.464751	0.491953	0.465753	0.465807	0.472626	0.471688	0.468259	0.471477	0.478933	0.466053	0.472504	0.469589	0.457434	0.459041	0.484367	0.480666	0.482308	0.477021	0.480916	0.470097	0.479112	0.477507	
0.156340	0.163982	0.174739	0.169811	0.162760	0.170000	0.151932	0.152979	0.164400	0.167374	0.156897	0.164297	0.178782	0.163133	0.164282	0.000000	0.164550	0.159907	0.158530	0.165026	0.166413	0.154911	0.169182	0.166279	0.164713	0.171694	0.175481	0.158702	0.156948	0.163963	0.169086	0.161309	0.170315	0.157778	0.170175	0.182152	0.180047	0.180064	0.173462	0.155909	0.165987	0.168931	0.173351	0.157225	0.166667	0.167939	0.151316	0.167241	0.161196	0.173456	0.171602	0.168712	0.167549	0.160981	0.165770	0.171843	0.156398	0.176991	0.176843	0.166667	0.170966	0.164058	0.180124	0.158788	0.172269	0.161529	0.159533	0.154030	0.169540	0.153137	0.156592	0.176867	0.166548	0.170870	0.158929	0.165616	0.182604	0.171410	0.160952	0.159923	0.179134	0.171523	0.182670	0.166365	0.179146	0.179234	0.158501	0.165813	0.172145	0.177738	0.180500	0.438320	0.458888	0.456640	0.459689	0.460210	0.438326	0.401884	0.460784	0.470297	0.469697	0.458904	0.475093	0.457664	0.467012	0.417208	0.461005	0.467020	0.464446	0.464596	0.463840	0.452951	0.461676	0.458333	0.473961	0.469021	0.468917	0.459977	0.455563	0.461111	0.465922	0.474484	0.466706	0.450804	0.471470	0.468750	0.473036	0.481081	0.462810	0.475801	0.466706	0.477663	0.470041	0.464862	0.471210	0.512690	0.468005	0.456281	0.464746	0.465435	0.471197	0.471322	0.472038	0.456548	0.455734	0.472075	0.462008	0.454880	0.461585	0.464327	0.459528	0.462247	0.471036	0.455696	0.464641	0.464586	0.446557	0.448359	0.466589	0.470554	0.476730	0.475334	0.464072	0.461132	0.461717	0.477097	
0.168995	0.157867	0.175768	0.193201	0.173019	0.198052	0.167277	0.177037	0.168668	0.163494	0.161170	0.173077	0.165551	0.165851	0.173453	0.164550	0.000000	0.139052	0.165517	0.163908	0.155258	0.165019	0.181278	0.162716	0.168558	0.158969	0.174515	0.162677	0.173233	0.175307	0.164189	0.160847	0.178774	0.175983	0.172330	0.176941	0.173937	0.172024	0.179135	0.173258	0.171505	0.162854	0.162470	0.158204	0.172895	0.166222	0.155280	0.173312	0.161202	0.172036	0.169240	0.172686	0.172658	0.173098	0.147808	0.161887	0.170877	0.173535	0.174098	0.162903	0.175951	0.162306	0.160367	0.156355	0.175916	0.156463	0.187500	0.169613	0.163752	0.158820	0.153846	0.165634	0.174457	0.167738	0.152672	0.172578	0.169671	0.164316	0.177546	0.168152	0.174440	0.164216	0.192394	0.170648	0.168078	0.187701	0.175824	0.170428	0.170593	0.169192	0.170531	0.444043	0.471181	0.470844	0.466883	0.466591	0.442460	0.411594	0.483774	0.476598	0.484157	0.462644	0.472142	0.461538	0.470799	0.431784	0.476038	0.475081	0.456882	0.463652	0.471470	0.466380	0.475123	0.470071	0.470842	0.477867	0.480109	0.481006	0.473752	0.477595	0.479675	0.471910	0.485574	0.465599	0.482722	0.478956	0.471034	0.486427	0.474329	0.493349	0.475285	0.487635	0.479936	0.467270	0.467209	0.518553	0.480186	0.465195	0.468362	0.485214	0.479142	0.482818	0.484798	0.460779	0.462760	0.490249	0.476010	0.466818	0.468397	0.471637	0.483795	0.462147	0.473060	0.472674	0.473571	0.467109	0.460375	0.454884	0.481541	0.475828	0.479648	0.484250	0.480441	0.461376	0.481580	0.483853	
0.180611	0.156768	0.167712	0.175395	0.159297	0.200658	0.165149	0.175726	0.159977	0.165359	0.165157	0.168889	0.165854	0.173391	0.154131	0.159907	0.139052	0.000000	0.155768	0.164611	0.160198	0.166563	0.174074	0.164058	0.168381	0.168991	0.174154	0.168576	0.171893	0.164876	0.170054	0.158983	0.180380	0.168750	0.169643	0.163429	0.168852	0.175239	0.175779	0.163842	0.166038	0.170213	0.176082	0.162828	0.173356	0.156028	0.156984	0.176878	0.161046	0.164024	0.170068	0.177337	0.173203	0.166943	0.159509	0.155029	0.186667	0.168703	0.170213	0.159397	0.164353	0.163364	0.163406	0.161582	0.170379	0.159864	0.166667	0.168695	0.155685	0.166100	0.165069	0.169865	0.181818	0.169204	0.132653	0.172761	0.177094	0.176833	0.171783	0.171548	0.180158	0.164612	0.189310	0.170358	0.166339	0.179129	0.206522	0.164979	0.180421	0.181741	0.172830	0.453995	0.454494	0.452336	0.461238	0.456200	0.434783	0.403156	0.465663	0.464797	0.480867	0.453709	0.461095	0.447811	0.454219	0.403008	0.459936	0.459489	0.447303	0.445783	0.466782	0.448220	0.454745	0.453795	0.462121	0.460716	0.460109	0.463846	0.447656	0.470990	0.460619	0.466216	0.465611	0.449465	0.457889	0.468199	0.459283	0.472253	0.467525	0.483759	0.454248	0.471853	0.464804	0.455176	0.465003	0.505618	0.458163	0.446337	0.463456	0.464031	0.461538	0.467473	0.466704	0.443833	0.445055	0.465217	0.460809	0.451907	0.448413	0.455874	0.460588	0.447025	0.463784	0.451895	0.471606	0.465000	0.443971	0.442207	0.467777	0.456723	0.469939	0.462775	0.465746	0.458832	0.454789	0.468389	
0.162929	0.162162	0.170814	0.180395	0.159517	0.231270	0.167171	0.169492	0.157745	0.158889	0.158034	0.156805	0.167676	0.163872	0.158888	0.158530	0.165517	0.155768	0.000000	0.166136	0.161404	0.163692	0.173176	0.171750	0.166577	0.162220	0.168960	0.160454	0.153272	0.164537	0.154674	0.156316	0.174733	0.167351	0.163446	0.165148	0.170547	0.169923	0.168378	0.168843	0.160619	0.161693	0.165575	0.150903	0.171650	0.157662	0.173219	0.162619	0.151907	0.161818	0.170567	0.174621	0.167208	0.159253	0.157360	0.161372	0.159463	0.164835	0.158755	0.169872	0.163636	0.163124	0.171461	0.162556	0.159316	0.161873	0.165756	0.159452	0.171143	0.158667	0.154536	0.167695	0.171711	0.170633	0.142012	0.166579	0.158228	0.175898	0.172190	0.162708	0.165862	0.144336	0.190265	0.171477	0.180637	0.181867	0.178082	0.148848	0.186998	0.171119	0.150634	0.446834	0.460468	0.461444	0.462677	0.464225	0.448819	0.412356	0.473716	0.475085	0.474747	0.459429	0.469143	0.446381	0.475118	0.448071	0.461376	0.473854	0.449180	0.459306	0.461670	0.450374	0.475543	0.460950	0.470241	0.465891	0.478378	0.469713	0.454835	0.469560	0.473089	0.477146	0.474567	0.454009	0.477573	0.478560	0.478495	0.479670	0.468714	0.485616	0.465983	0.486198	0.467519	0.465362	0.473060	0.509242	0.464037	0.463703	0.461841	0.469499	0.471285	0.479475	0.479934	0.458265	0.457516	0.480345	0.465247	0.469859	0.462142	0.464592	0.469555	0.468838	0.476701	0.457539	0.469770	0.473597	0.455750	0.446336	0.481107	0.464401	0.478950	0.479299	0.470717	0.473208	0.467870	0.468410	
0.160453	0.147891	0.173516	0.177299	0.170200	0.172638	0.161916	0.169993	0.158857	0.164522	0.164092	0.181684	0.178896	0.165671	0.169572	0.165026	0.163908	0.164611	0.166136	0.000000	0.165488	0.169136	0.177778	0.171951	0.151810	0.170430	0.167496	0.163774	0.157349	0.170144	0.157288	0.159873	0.174492	0.170681	0.162602	0.188289	0.175477	0.170428	0.179084	0.164165	0.172043	0.176726	0.160383	0.154380	0.178013	0.181574	0.153846	0.165074	0.167693	0.166667	0.172946	0.179661	0.168838	0.164088	0.166667	0.169211	0.186567	0.168598	0.170032	0.165591	0.168601	0.170758	0.152601	0.148732	0.170366	0.167043	0.190128	0.164641	0.164718	0.158613	0.148089	0.165443	0.172277	0.171546	0.160684	0.167373	0.154497	0.172181	0.175082	0.176576	0.164034	0.176220	0.196035	0.175379	0.171466	0.182744	0.175487	0.162998	0.182630	0.155593	0.170037	0.443510	0.469697	0.460772	0.476623	0.467045	0.438247	0.400572	0.482821	0.477467	0.499361	0.458573	0.478987	0.461538	0.472554	0.422619	0.473067	0.478804	0.465078	0.463569	0.468822	0.460420	0.466338	0.464796	0.478402	0.485577	0.476268	0.474022	0.470135	0.479795	0.471770	0.472707	0.471904	0.459202	0.475785	0.469867	0.479133	0.487521	0.473653	0.495067	0.467645	0.485406	0.487386	0.472311	0.464460	0.509822	0.473715	0.458877	0.471154	0.478332	0.474374	0.475862	0.482281	0.461792	0.462719	0.492400	0.471184	0.463331	0.464367	0.465657	0.475207	0.471154	0.473571	0.460687	0.474338	0.474792	0.457143	0.452096	0.483906	0.472797	0.473829	0.481561	0.477110	0.469761	0.466061	0.474493	
0.170121	0.157153	0.171558	0.163158	0.162312	0.183333	0.168246	0.165370	0.171023	0.158438	0.152495	0.174573	0.163009	0.159222	0.173548	0.166413	0.155258	0.160198	0.161404	0.165488	0.000000	0.165737	0.172179	0.162890	0.164765	0.165488	0.171408	0.169395	0.160363	0.170801	0.169462	0.157083	0.169295	0.169108	0.169734	0.180375	0.181884	0.174118	0.180053	0.168067	0.176387	0.162808	0.169267	0.154173	0.177467	0.157534	0.181102	0.171831	0.160000	0.158983	0.160463	0.181409	0.182014	0.168850	0.171103	0.164315	0.166667	0.173415	0.155148	0.157224	0.166911	0.159830	0.153623	0.165436	0.173881	0.177612	0.168919	0.181355	0.161744	0.170387	0.154712	0.168773	0.180399	0.179389	0.144850	0.179595	0.158931	0.176377	0.173547	0.170960	0.170947	0.164427	0.209497	0.169421	0.172644	0.184528	0.177258	0.159906	0.188272	0.178687	0.174374	0.457851	0.468117	0.467446	0.476684	0.469480	0.422604	0.419048	0.491129	0.485540	0.481117	0.476009	0.485035	0.463768	0.465545	0.417154	0.473423	0.481988	0.454248	0.472054	0.483846	0.470968	0.480029	0.477206	0.481004	0.489046	0.480671	0.484031	0.470437	0.477736	0.487383	0.474981	0.490253	0.465262	0.480565	0.483003	0.483081	0.495238	0.474787	0.493045	0.476052	0.497026	0.493248	0.483416	0.473760	0.525672	0.479845	0.475435	0.471741	0.488406	0.488170	0.488550	0.491137	0.468271	0.467836	0.492826	0.480884	0.478652	0.474041	0.477354	0.476826	0.474513	0.489224	0.475857	0.477044	0.468819	0.468977	0.449900	0.481112	0.484499	0.480116	0.487580	0.481672	0.477444	0.475177	0.483187	
0.177310	0.172435	0.165899	0.180077	0.158333	0.172414	0.156510	0.163453	0.164150	0.167093	0.154226	0.167774	0.167477	0.158291	0.161881	0.154911	0.165019	0.166563	0.163692	0.169136	0.165737	0.000000	0.195373	0.164815	0.158820	0.165217	0.177191	0.163842	0.160584	0.163995	0.178103	0.156730	0.175235	0.180000	0.170074	0.174026	0.170455	0.179959	0.171496	0.153846	0.171943	0.160804	0.157750	0.174769	0.177450	0.157681	0.141689	0.182320	0.162791	0.164920	0.175627	0.173403	0.174214	0.171120	0.187075	0.161409	0.152685	0.171582	0.167488	0.156814	0.163590	0.148949	0.166667	0.158782	0.171575	0.168078	0.183099	0.155172	0.169742	0.173856	0.156346	0.163424	0.175399	0.166779	0.168269	0.168712	0.169637	0.181119	0.176515	0.168593	0.169456	0.177477	0.193548	0.162835	0.166049	0.174476	0.203647	0.172109	0.190561	0.154511	0.175232	0.480822	0.482781	0.484761	0.479607	0.479974	0.439732	0.427852	0.493733	0.488652	0.502890	0.476381	0.495979	0.478807	0.490264	0.413357	0.481184	0.489322	0.481232	0.471372	0.485541	0.477528	0.485369	0.474857	0.484072	0.491945	0.493976	0.486051	0.478228	0.489152	0.486792	0.487565	0.496526	0.465052	0.482759	0.479283	0.492781	0.499035	0.488087	0.498997	0.481669	0.501464	0.494717	0.482165	0.472590	0.531453	0.491903	0.475626	0.480315	0.497132	0.482498	0.485294	0.488462	0.477374	0.471710	0.498111	0.485272	0.476943	0.492449	0.488357	0.485284	0.481579	0.493726	0.472468	0.480926	0.490735	0.476562	0.464193	0.497512	0.486776	0.494260	0.485467	0.489213	0.491429	0.482099	0.494911	
0.188366	0.172748	0.184335	0.199561	0.188917	0.231405	0.172932	0.177355	0.189103	0.174652	0.178042	0.186879	0.193412	0.178277	0.174743	0.169182	0.181278	0.174074	0.173176	0.177778	0.172179	0.195373	0.000000	0.174010	0.184546	0.180867	0.183282	0.166041	0.177419	0.195846	0.170572	0.172921	0.193270	0.169209	0.185381	0.190332	0.197004	0.185609	0.195915	0.163546	0.183099	0.184429	0.174854	0.163341	0.190000	0.176030	0.177893	0.182622	0.191370	0.179700	0.182200	0.196276	0.200606	0.177542	0.190476	0.167680	0.172147	0.172468	0.184855	0.168405	0.181678	0.186756	0.207752	0.174118	0.182443	0.182320	0.174641	0.180290	0.184967	0.176654	0.180015	0.170245	0.172973	0.185478	0.153403	0.191661	0.192336	0.179316	0.170841	0.177703	0.196817	0.173840	0.169916	0.168067	0.183710	0.188749	0.170732	0.175367	0.189542	0.195820	0.197110	0.446400	0.448518	0.449744	0.445527	0.440610	0.409574	0.398131	0.454545	0.441579	0.480207	0.438003	0.459330	0.453023	0.446295	0.435361	0.443870	0.459029	0.450512	0.442429	0.451613	0.437781	0.447229	0.435348	0.454066	0.447173	0.450077	0.454478	0.446864	0.458635	0.446550	0.439063	0.440794	0.441472	0.445765	0.464047	0.447148	0.464230	0.443994	0.475918	0.447068	0.459556	0.455291	0.443123	0.444277	0.472703	0.455212	0.438088	0.448083	0.453018	0.447195	0.448963	0.443667	0.440184	0.435115	0.466415	0.445614	0.433812	0.442368	0.444027	0.457516	0.422292	0.456864	0.434959	0.455022	0.446759	0.435552	0.416327	0.455431	0.445034	0.454058	0.452239	0.444272	0.442495	0.446349	0.451687	
0.176549	0.159420	0.164000	0.184255	0.166058	0.177049	0.167883	0.190157	0.173863	0.160090	0.163451	0.167674	0.152862	0.165936	0.165338	0.166279	0.162716	0.164058	0.171750	0.171951	0.162890	0.164815	0.174010	0.000000	0.168753	0.170270	0.178113	0.164661	0.163858	0.165588	0.167009	0.164624	0.187421	0.176225	0.182334	0.200924	0.185855	0.172372	0.163787	0.167603	0.170626	0.187809	0.165862	0.162903	0.169101	0.165179	0.174346	0.173890	0.160579	0.172817	0.163863	0.169501	0.175246	0.156024	0.172840	0.166237	0.181955	0.171445	0.167469	0.168290	0.171031	0.160388	0.177289	0.163832	0.183946	0.171038	0.171533	0.168514	0.172193	0.165143	0.162393	0.174135	0.189586	0.173529	0.154237	0.164092	0.167645	0.174907	0.168746	0.167364	0.172772	0.169127	0.168514	0.177474	0.162943	0.193514	0.171745	0.159498	0.179153	0.177665	0.167166	0.449398	0.464669	0.463369	0.461286	0.462243	0.458586	0.402899	0.483910	0.476684	0.494898	0.459850	0.473654	0.469831	0.467829	0.409985	0.468599	0.476217	0.458472	0.461938	0.475886	0.458785	0.474642	0.470653	0.473598	0.476344	0.473626	0.469542	0.457309	0.474227	0.474030	0.479049	0.469007	0.463837	0.478307	0.470430	0.479826	0.485491	0.465568	0.487734	0.472070	0.484694	0.470556	0.465378	0.473253	0.517404	0.470346	0.462286	0.481460	0.471563	0.488330	0.469364	0.476270	0.465708	0.459923	0.478689	0.475128	0.454181	0.468109	0.459401	0.473246	0.470622	0.480999	0.461043	0.476346	0.475154	0.454768	0.437076	0.475445	0.472329	0.475874	0.475754	0.479733	0.472045	0.467491	0.464128	
0.158879	0.160647	0.173364	0.187500	0.163514	0.203947	0.157766	0.172131	0.157621	0.161673	0.168461	0.173193	0.161747	0.158791	0.159444	0.164713	0.168558	0.168381	0.166577	0.151810	0.164765	0.158820	0.184546	0.168753	0.000000	0.169473	0.183399	0.170423	0.163743	0.165312	0.158219	0.162206	0.171154	0.168432	0.157680	0.180023	0.177766	0.185611	0.175414	0.177526	0.161325	0.161521	0.158022	0.164865	0.171171	0.164420	0.164384	0.166935	0.160776	0.171359	0.164794	0.178184	0.168867	0.153203	0.177551	0.167964	0.165653	0.167155	0.159164	0.161957	0.161435	0.164413	0.157471	0.166856	0.175547	0.176471	0.177656	0.171858	0.158517	0.169530	0.157189	0.169801	0.181275	0.171310	0.158255	0.168184	0.163276	0.166977	0.162943	0.166867	0.169325	0.184682	0.196903	0.166384	0.169874	0.181670	0.167582	0.171856	0.175062	0.167655	0.185102	0.463980	0.468785	0.477030	0.475971	0.473020	0.428571	0.402616	0.473492	0.480069	0.494805	0.469459	0.480858	0.469904	0.477025	0.420814	0.477652	0.478332	0.461282	0.464699	0.481871	0.468767	0.478982	0.462778	0.468050	0.474649	0.478501	0.477015	0.459740	0.474440	0.476425	0.485227	0.474670	0.462740	0.474449	0.480043	0.483571	0.493005	0.472501	0.487089	0.476636	0.480179	0.483731	0.472551	0.470685	0.520379	0.472845	0.465330	0.475072	0.470882	0.473779	0.480000	0.480134	0.466889	0.468473	0.492037	0.466879	0.472957	0.474286	0.475670	0.481856	0.467696	0.483642	0.468824	0.471616	0.477604	0.456548	0.452616	0.481562	0.475590	0.485794	0.480260	0.482432	0.484698	0.478942	0.478357	
0.181213	0.164882	0.170760	0.172788	0.163924	0.221498	0.171149	0.185960	0.157652	0.170787	0.179296	0.162687	0.172076	0.165027	0.171809	0.171694	0.158969	0.168991	0.162220	0.170430	0.165488	0.165217	0.180867	0.170270	0.169473	0.000000	0.162856	0.176793	0.165217	0.167384	0.168256	0.151515	0.174714	0.174322	0.152033	0.179724	0.172887	0.180998	0.183575	0.167455	0.168290	0.164105	0.162959	0.166309	0.167413	0.155496	0.166052	0.168894	0.158621	0.170851	0.172564	0.179807	0.165393	0.165559	0.158487	0.175225	0.190405	0.163839	0.166311	0.163784	0.156808	0.162728	0.164571	0.173099	0.176241	0.175768	0.201465	0.163525	0.159830	0.164860	0.174586	0.175269	0.181758	0.169294	0.147485	0.170213	0.175467	0.176108	0.177356	0.163278	0.165652	0.167901	0.204494	0.185185	0.178899	0.183827	0.186813	0.182578	0.183007	0.179832	0.177577	0.463030	0.468768	0.473815	0.473581	0.469783	0.452381	0.404899	0.488499	0.485911	0.485237	0.469129	0.475448	0.471467	0.466147	0.435897	0.480450	0.482289	0.458541	0.468048	0.475970	0.464035	0.478022	0.468250	0.481542	0.480171	0.482740	0.484131	0.465551	0.472904	0.490453	0.475975	0.477547	0.466507	0.474359	0.480707	0.479869	0.484158	0.473592	0.501456	0.474345	0.490108	0.486792	0.475120	0.473341	0.529577	0.474209	0.472665	0.481229	0.483480	0.482346	0.478914	0.488307	0.464719	0.473568	0.492098	0.476190	0.472665	0.476487	0.472826	0.478932	0.480682	0.477248	0.464871	0.479110	0.476667	0.467968	0.452292	0.479806	0.477335	0.482014	0.486574	0.476744	0.481716	0.482018	0.477110	
