0.00020889141743691907 0.00000423907474389630 0.99978686950781925358 
0.99999999800000005656 0.00000000099999999998 0.00000000099999999998 
0.00000000099999999999 0.57643087036907258991 0.42356912863092760491 
0.44646229433370260287 0.31861521650784946358 0.23492248915844796131 
0.40842591872196964964 0.00000000099999999999 0.59157408027803026762 
0.00000000100000000000 0.36904672522582343541 0.63095327377417653736 
0.00000002876751814618 0.00000000099999999999 0.99999997023248177186 
0.00000000099999999999 0.00000000099999999999 0.99999999800000005656 
0.36437980761535881946 0.63562019138464109780 0.00000000099999999999 
0.99999999799999994554 0.00000000099999999998 0.00000000099999999998 
0.19166524492083708564 0.80833475407916277611 0.00000000099999999999 
0.40341326406947997096 0.59658673493051994630 0.00000000100000000000 
0.13481822676654423021 0.00000013426076337253 0.86518163897269251272 
0.14301779314187318404 0.53389630706366819624 0.32308589979445856422 
0.99999999799999994554 0.00000000099999999998 0.00000000099999999998 
0.34202772624402949520 0.00000000099999999999 0.65797227275597047758 
0.00000000099999999998 0.99999999800000005656 0.00000000099999999998 
0.00000000099999999999 0.99999999799999994554 0.00000000099999999999 
0.36522190198578835529 0.32452350607210644906 0.31025459194210514013 
0.37445205401295117431 0.62554794498704879846 0.00000000100000000000 
0.00000000100000000000 0.71126795287469479767 0.28873204612530528612 
0.81888461017919356166 0.00000000100000000000 0.18111538882080646662 
0.27886945045092853546 0.72113054854907143731 0.00000000099999999999 
0.15707072878069591737 0.47997596913187229317 0.36295330208743176170 
0.00005147931409354655 0.57636101908374859359 0.42358750160215785652 
0.00000000099999999998 0.99999999800000005656 0.00000000099999999998 
0.99999576608354745488 0.00000036326896159306 0.00000387064749096696 
0.39434966540770971521 0.16125035482183636137 0.44439997977045397892 
0.51948866520201120167 0.38641065156960663352 0.09410068322838224808 
0.58326880173854844802 0.41673119726145152475 0.00000000099999999999 
0.42134928461254794740 0.00001067210224588296 0.57864004328520624032 
0.52822959191236396048 0.47177040708763584576 0.00000000100000000000 
0.30931715559220812617 0.49495915975758142391 0.19572368465021047768 
0.92097652259319506829 0.07889847977295859349 0.00012499763384636291 
0.42843705592031833262 0.57156294247850747414 0.00000000160117411411 
0.43924461790938468253 0.40925140841387230850 0.15150397367674306448 
0.00000000099999999999 0.00000000099999999999 0.99999999800000005656 
0.00000000099999999999 0.29300439659155164129 0.70699560240844838699 
0.63376199519218612277 0.00000000099999999999 0.36623800380781401653 
0.39147727571737717112 0.23093669623628537702 0.37758602804633750738 
0.00000000100000000000 0.56667513225582399894 0.43332486674417602934 
0.65017243077432218534 0.34982756822567767641 0.00000000099999999999 
0.33774076428819782558 0.49033691012207397675 0.17192232558972819767 
0.00000000099999999999 0.56102022578250432261 0.43897977321749565016 
0.25181255531374135970 0.39683488932981497710 0.35135255535644371871 
0.39328966312330765343 0.28549709987529703348 0.32121323700139531310 
0.99999999799999994554 0.00000000099999999997 0.00000000099999999997 
0.55146525227561304927 0.00000000100000000000 0.44853474672438697901 
0.69336427081668350336 0.00000000099999999999 0.30663572818331658043 
0.00000000100000000000 0.99999999625995772412 0.00000000274004229383 
0.15595099043741084133 0.39519687931548247439 0.44885213024710679530 
0.00000000100000000000 0.38025654879262982266 0.61974345020737020562 
0.60054002700045860941 0.00000059510713384271 0.39945937789240765214 
0.00000000099999999998 0.00000000099999999998 0.99999999799999994554 
0.00000000099999999999 0.00000000099999999999 0.99999999799999994554 
0.31615457477795466668 0.46934691553980406598 0.21449850968224135062 
0.00000000099999999997 0.00000000099999999997 0.99999999800000005656 
0.00000000100000000000 0.64635477099822125080 0.35364522800177872197 
0.00000000099999999999 0.64063713422635559791 0.35936286477364443037 
0.00000000099999999999 0.47086904024797587853 0.52913095875202420526 
0.00000000099999999999 0.99999999800000005656 0.00000000099999999999 
0.39938003590214316008 0.60061996309785681269 0.00000000099999999999 
0.00000000099999999998 0.99999999800000005656 0.00000000099999999998 
0.99999999800000005656 0.00000000099999999998 0.00000000099999999998 
0.99839479956891552526 0.00000000099999999999 0.00160519943108453599 
0.00000000099999999997 0.99999999800000005656 0.00000000099999999997 
0.00000000099999999998 0.00000000099999999998 0.99999999800000005656 
0.00000000099999999998 0.00000000099999999998 0.99999999799999994554 
0.57770792232246170883 0.18334213750549230304 0.23894994017204593262 
0.32890581772231575197 0.42970930752866143276 0.24138487474902281527 
0.99999999800000005656 0.00000000099999999999 0.00000000099999999999 
0.27198281387605477422 0.45695335828435917902 0.27106382783958604676 
0.99999999799999994554 0.00000000099999999997 0.00000000099999999997 
0.30564224763357544790 0.35975990811568370198 0.33459784425074085012 
0.25351782500195030323 0.00000000099999999999 0.74648217399804961403 
