0.00000000099999999999 0.00000000099999999999 0.99999999699999997382 0.00000000099999999999 
0.00000000099999999994 0.00000000099999999994 0.99999999699999997382 0.00000000099999999994 
0.00000000099999999998 0.99999999700000008485 0.00000000099999999998 0.00000000099999999998 
0.51689617570651080758 0.00000000099999999999 0.00000000099999999999 0.48310382229348930450 
0.99999999700000008485 0.00000000099999999997 0.00000000099999999997 0.00000000099999999997 
0.27152481998808170038 0.00000000099999999999 0.00000000099999999999 0.72847517801191818965 
0.00000000099999999998 0.00000000099999999998 0.99999999699999986280 0.00000000099999999998 
0.99999999699999997382 0.00000000099999999996 0.00000000099999999996 0.00000000099999999996 
0.16928613179678730916 0.60814080295411832022 0.22257306424909431564 0.00000000099999999999 
0.99999999700000008485 0.00000000099999999995 0.00000000099999999995 0.00000000099999999995 
0.00000000099999999997 0.99999999699999997382 0.00000000099999999997 0.00000000099999999997 
0.00000000099999999999 0.45741622740857607043 0.35287830079215365409 0.18970547079927016498 
0.00000000099999999998 0.00000000099999999998 0.00000000099999999998 0.99999999699999997382 
0.17359847239743755876 0.00000000099999999999 0.12898109860772444257 0.69742042799483805471 
0.00000000099999999996 0.00000000099999999996 0.99999999699999986280 0.00000000099999999996 
0.18142352467547628869 0.00000000099999999999 0.28927861595552678553 0.52929785836899689855 
0.04735182333114158759 0.52111011376554217112 0.00000000287163015853 0.43153806003168609928 
0.00000000099999999999 0.60167976597563110897 0.39832023202436883658 0.00000000099999999999 
0.31734829833396271948 0.09446437458949694110 0.00058770582670698162 0.58759962124983344811 
0.00000000099999999999 0.77265043640263730840 0.22734956159736266490 0.00000000099999999999 
0.00000000099999999995 0.99999999699999997382 0.00000000099999999995 0.00000000099999999995 
0.00000000099999999999 0.00000000099999999999 0.99999999699999997382 0.00000000099999999999 
0.30510189970341600185 0.69489809829658399920 0.00000000099999999999 0.00000000099999999999 
0.00000000099999999999 0.40892086054287712926 0.11134388706355943799 0.47973525139356326674 
0.12997229647991095924 0.24423989118636479922 0.00000000100000000000 0.62578781133372407552 
0.00000000099999999997 0.99999999700000008485 0.00000000099999999997 0.00000000099999999997 
0.99999999700000008485 0.00000000099999999998 0.00000000099999999998 0.00000000099999999998 
0.38111604641571417140 0.20078371301001460281 0.23892807016760225780 0.17917217040666894023 
0.00000000099999999998 0.59099701503552382054 0.40900298296447629154 0.00000000099999999998 
0.01856602279453843304 0.40167216922774545695 0.39592455233701673301 0.18383725564069930414 
0.18873172449583680566 0.29547905368369437040 0.24727855849244803621 0.26851066332802081549 
0.15012659533250585775 0.28667437488619490482 0.26573908211206392904 0.29745994766923533614 
0.25988466132072973735 0.20041502415381015623 0.00000000100000000000 0.53970031352546010694 
0.34659251212278491261 0.00000000100000000000 0.41629426008305864260 0.23711322679415630654 
0.00000000099999999999 0.00787684192580494387 0.37543472113187009720 0.61668843594232491956 
0.00000000099999999999 0.13376878009697978911 0.45057773443297138849 0.41565348447004885069 
0.00000000099999999998 0.00000000099999999998 0.99999999699999997382 0.00000000099999999998 
0.34645939212278714647 0.00000000099999999998 0.00000000099999999998 0.65354060587721274356 
0.53893285059749940213 0.00000000099999999999 0.46106714740250048790 0.00000000099999999999 
0.00000000100000000000 0.22533842358158745478 0.42938329212314468863 0.34527828329526777384 
0.19941715876779178562 0.00000000099999999998 0.00000000099999999998 0.80058283923220818767 
0.22371892025001882676 0.46831832851038251997 0.30796275023959857053 0.00000000100000000000 
0.00000000099999999999 0.00000000139306234846 0.00000000976046433942 0.99999998784647337047 
0.00000000099999999998 0.49784670932492036677 0.00000000099999999998 0.50215328867507957877 
0.00000000099999999999 0.00000000099999999999 0.24463146056316290022 0.75536853743683707307 
0.00000000099999999998 0.00000000099999999998 0.34557382490941090936 0.65442617309058914721 
0.39604234007944416618 0.00000000099999999998 0.60395765792055577936 0.00000000099999999998 
0.52968240509199371324 0.27835868218634374216 0.19195891172166262839 0.00000000099999999999 
0.43015333670327376980 0.00000000100000000000 0.22688939302887237148 0.34295726926785380373 
0.00000000099999999996 0.00000000099999999996 0.00000000099999999996 0.99999999700000008485 
0.38393427157734122401 0.30797181778692422904 0.00000000099999999999 0.30809390963573463074 
0.00000000099999999999 0.33781481732627771652 0.00000000099999999999 0.66218518067372211799 
0.48841977435685740572 0.00000000099999999999 0.00000000099999999999 0.51158022364314259534 
0.26154230163325964398 0.20098448740660002088 0.05930168499606706944 0.47817152596407336285 
0.00000000099999999998 0.00000000099999999998 0.00000000099999999998 0.99999999700000008485 
0.00000000099999999998 0.99999999699999997382 0.00000000099999999998 0.00000000099999999998 
0.51148711518911460505 0.00000005776566625677 0.17701746004238319565 0.31149536700283603219 
0.00000000099999999999 0.37678344084741161035 0.00000000345214181702 0.62321655470044645675 
0.00000000099999999997 0.99999999699999997382 0.00000000099999999997 0.00000000099999999997 
0.00000000099999999999 0.16351479584501538156 0.00000000236619434459 0.83648520078879018413 
0.42333593996632024048 0.57666405803367992711 0.00000000099999999998 0.00000000099999999998 
0.21110732804642087790 0.61870267520149657692 0.17018999575208251795 0.00000000099999999999 
0.00000000099999999999 0.79171841477327076220 0.20828158322672926661 0.00000000099999999999 
0.00000000099999999997 0.00000000099999999997 0.99999999699999997382 0.00000000099999999997 
0.35197953196751885496 0.00000000099999999998 0.64802046603248120160 0.00000000099999999998 
0.00000000099999999996 0.00000000099999999996 0.00000000099999999996 0.99999999699999997382 
0.28228307288700144051 0.00000000099999999998 0.00000000099999999998 0.71771692511299844952 
0.99999999699999997382 0.00000000099999999995 0.00000000099999999995 0.00000000099999999995 
0.00000000100000000000 0.27744011534556056731 0.50042323713659753182 0.22213664651784181814 
0.00000000099999999999 0.00000000099999999999 0.28481062862575906580 0.71518936937424093525 
0.56695165361594224152 0.00000000099999999999 0.43304834438405775954 0.00000000099999999999 
0.00000000099999999997 0.99999999699999997382 0.00000000099999999997 0.00000000099999999997 
0.34968857449931295411 0.00000000099999999998 0.65031142350068682489 0.00000000099999999998 
0.00000000100000000000 0.34755781809522490189 0.23751748369124134341 0.41492469721353381074 
0.23581569001796501284 0.00000000099999999999 0.21651524178613845706 0.54766906719589647512 
