0.000000	0.000000	0.352941	0.303030	0.333333	0.515152	0.285714	0.363636	0.266667	0.363636	0.441176	0.000000	0.470588	0.272727	0.424242	0.285714	0.314286	0.411765	0.323529	0.542857	0.382353	0.411765	0.343750	0.424242	0.393939	0.323529	0.457143	0.411765	0.285714	0.323529	0.354839	0.485714	0.451613	0.314286	0.441176	0.238095	0.531250	0.388889	0.424242	0.400000	0.393939	0.631579	0.500000	0.371429	0.424242	0.285714	0.411765	0.588235	0.125000	0.257143	0.333333	0.314286	0.457143	0.242424	0.500000	0.363636	0.363636	0.470588	0.461538	0.470588	0.257143	0.558824	0.411765	0.411765	0.294118	0.542857	-nan	0.352941	0.272727	0.444444	0.411765	0.600000	0.342857	0.406250	0.323529	0.393939	0.352941	0.478261	0.542857	0.400000	0.500000	0.294118	0.303030	0.470588	0.441176	0.625000	0.400000	0.428571	0.400000	0.000000	0.433333	0.370370	0.523810	0.259259	-nan	0.545455	0.542857	0.620690	0.535714	-nan	0.468750	1.000000	0.714286	0.645161	0.617647	0.600000	0.542857	0.441176	0.586207	0.406250	0.571429	0.676471	0.428571	0.500000	0.470588	0.580645	0.470588	0.600000	0.588235	0.647059	0.363636	0.542857	-nan	0.529412	0.548387	0.575758	0.750000	0.441176	0.558824	0.529412	0.484848	0.531250	-nan	0.484848	0.705882	0.647059	0.727273	0.600000	0.703704	0.457143	0.588235	0.529412	0.642857	0.656250	0.515152	0.705882	0.457143	0.758621	0.428571	0.600000	0.588235	0.451613	0.545455	0.387097	0.558824	0.514286	0.600000	0.606061	0.428571	0.406250	0.468750	0.558824	0.575758	0.700000	0.576923	0.657143	0.529412	0.588235	0.575758	0.656250	0.592593	0.636364	0.617647	
0.000000	0.000000	0.500000	0.000000	0.000000	0.000000	0.500000	0.500000	0.000000	0.000000	0.000000	0.500000	0.500000	0.500000	0.500000	0.000000	0.000000	0.500000	0.000000	0.000000	0.500000	0.500000	0.000000	0.500000	0.000000	0.500000	0.000000	0.500000	0.000000	0.000000	0.500000	0.000000	0.500000	0.500000	0.000000	0.500000	0.500000	0.500000	0.000000	0.500000	0.000000	0.500000	0.000000	0.000000	0.500000	0.000000	0.000000	0.500000	0.000000	0.500000	0.500000	0.000000	0.000000	0.000000	0.500000	0.000000	0.000000	0.000000	0.500000	0.000000	0.000000	0.500000	0.000000	0.000000	0.000000	0.000000	-nan	1.000000	0.000000	0.500000	0.500000	0.000000	0.000000	0.000000	0.000000	0.000000	0.500000	0.000000	0.500000	0.000000	0.500000	0.000000	0.500000	0.000000	0.500000	0.500000	0.500000	0.500000	0.500000	0.000000	0.500000	0.500000	0.000000	0.000000	-nan	1.000000	0.500000	-nan	1.000000	-nan	1.000000	-nan	1.000000	0.000000	0.500000	0.000000	0.500000	1.000000	0.000000	0.000000	0.000000	0.500000	0.000000	1.000000	0.500000	1.000000	0.500000	0.000000	0.500000	1.000000	1.000000	0.500000	-nan	1.000000	1.000000	0.500000	0.000000	0.000000	0.500000	0.500000	0.000000	0.500000	-nan	0.000000	1.000000	0.000000	1.000000	0.500000	1.000000	0.500000	0.500000	0.500000	0.000000	0.500000	1.000000	0.500000	1.000000	-nan	0.000000	0.000000	1.000000	-nan	-nan	0.500000	0.500000	0.500000	0.500000	-nan	0.500000	1.000000	0.500000	0.500000	-nan	1.000000	0.000000	0.000000	0.500000	1.000000	1.000000	1.000000	0.000000	0.000000	0.000000	
0.352941	0.500000	0.000000	0.485714	0.407407	0.363636	0.125000	0.411765	0.483871	0.485714	0.444444	0.000000	0.388889	0.500000	0.371429	0.486486	0.324324	0.472222	0.361111	0.405405	0.333333	0.416667	0.393939	0.428571	0.371429	0.361111	0.513514	0.388889	0.351351	0.400000	0.352941	0.378378	0.363636	0.405405	0.444444	0.285714	0.281250	0.315789	0.257143	0.432432	0.342857	0.578947	0.472222	0.594595	0.323529	0.378378	0.444444	0.555556	0.111111	0.216216	0.300000	0.459459	0.297297	0.457143	0.361111	0.285714	0.250000	0.388889	0.214286	0.361111	0.351351	0.361111	0.277778	0.388889	0.388889	0.378378	-nan	0.342857	0.485714	0.300000	0.388889	0.324324	0.405405	0.411765	0.361111	0.411765	0.305556	0.318182	0.405405	0.351351	0.388889	0.400000	0.342857	0.416667	0.472222	0.222222	0.272727	0.250000	0.378378	0.333333	0.500000	0.250000	0.416667	0.413793	-nan	0.357143	0.594595	0.677419	0.633333	-nan	0.470588	0.500000	0.555556	0.515152	0.444444	0.615385	0.648649	0.555556	0.656250	0.514286	0.777778	0.638889	0.648649	0.560000	0.555556	0.515152	0.333333	0.513514	0.611111	0.583333	0.542857	0.513514	-nan	0.555556	0.454545	0.542857	0.514286	0.416667	0.555556	0.638889	0.514286	0.647059	-nan	0.514286	0.621622	0.500000	0.628571	0.594595	0.533333	0.459459	0.702703	0.648649	0.625000	0.676471	0.542857	0.648649	0.513514	0.645161	0.594595	0.675676	0.500000	0.468750	0.441176	0.529412	0.567568	0.432432	0.567568	0.441176	0.405405	0.514286	0.441176	0.583333	0.628571	0.636364	0.586207	0.513514	0.638889	0.472222	0.542857	0.323529	0.620690	0.542857	0.611111	
0.303030	0.000000	0.485714	0.000000	0.384615	0.531250	0.285714	0.424242	0.233333	0.294118	0.285714	0.333333	0.342857	0.500000	0.441176	0.222222	0.250000	0.428571	0.342857	0.416667	0.342857	0.257143	0.406250	0.411765	0.352941	0.371429	0.361111	0.428571	0.250000	0.323529	0.375000	0.416667	0.375000	0.444444	0.257143	0.200000	0.516129	0.500000	0.588235	0.361111	0.323529	0.631579	0.428571	0.222222	0.515152	0.361111	0.371429	0.437500	0.222222	0.500000	0.366667	0.472222	0.277778	0.314286	0.371429	0.285714	0.347826	0.400000	0.333333	0.514286	0.388889	0.416667	0.428571	0.228571	0.437500	0.472222	-nan	0.441176	0.314286	0.625000	0.400000	0.444444	0.500000	0.382353	0.400000	0.454545	0.371429	0.409091	0.416667	0.277778	0.485714	0.294118	0.382353	0.485714	0.257143	0.714286	0.666667	0.518519	0.361111	0.000000	0.375000	0.428571	0.272727	0.285714	-nan	0.769231	0.527778	0.655172	0.551724	-nan	0.727273	0.750000	0.375000	0.625000	0.714286	0.666667	0.527778	0.600000	0.700000	0.515152	0.555556	0.714286	0.472222	0.521739	0.514286	0.687500	0.571429	0.638889	0.542857	0.628571	0.588235	0.555556	-nan	0.485714	0.718750	0.514286	0.666667	0.485714	0.542857	0.571429	0.617647	0.588235	-nan	0.514286	0.571429	0.571429	0.529412	0.472222	0.750000	0.638889	0.542857	0.657143	0.600000	0.727273	0.588235	0.771429	0.583333	0.655172	0.527778	0.444444	0.657143	0.580645	0.575758	0.531250	0.600000	0.555556	0.555556	0.606061	0.638889	0.606061	0.588235	0.657143	0.636364	0.580645	0.555556	0.638889	0.571429	0.742857	0.676471	0.666667	0.535714	0.500000	0.600000	
0.333333	0.000000	0.407407	0.384615	0.000000	0.370370	0.375000	0.518519	0.434783	0.370370	0.370370	0.333333	0.392857	0.454545	0.535714	0.464286	0.285714	0.407407	0.321429	0.464286	0.333333	0.392857	0.481481	0.321429	0.307692	0.464286	0.392857	0.285714	0.428571	0.538462	0.600000	0.285714	0.333333	0.464286	0.392857	0.476190	0.407407	0.388889	0.407407	0.214286	0.296296	0.500000	0.392857	0.392857	0.296296	0.357143	0.259259	0.500000	0.250000	0.428571	0.360000	0.464286	0.464286	0.307692	0.500000	0.423077	0.409091	0.407407	0.454545	0.518519	0.357143	0.407407	0.357143	0.428571	0.294118	0.500000	-nan	0.307692	0.407407	0.222222	0.464286	0.357143	0.321429	0.370370	0.259259	0.240000	0.370370	0.444444	0.428571	0.392857	0.571429	0.222222	0.407407	0.642857	0.285714	0.375000	0.111111	0.347826	0.428571	0.000000	0.423077	0.500000	0.476190	0.360000	-nan	0.600000	0.464286	0.545455	0.500000	-nan	0.480000	1.000000	1.000000	0.520000	0.481481	0.600000	0.571429	0.444444	0.625000	0.600000	0.375000	0.518519	0.464286	0.588235	0.555556	0.583333	0.444444	0.607143	0.555556	0.407407	0.555556	0.607143	-nan	0.500000	0.625000	0.653846	0.576923	0.370370	0.535714	0.678571	0.423077	0.600000	-nan	0.555556	0.740741	0.444444	0.692308	0.607143	0.739130	0.464286	0.555556	0.444444	0.416667	0.600000	0.576923	0.703704	0.428571	0.818182	0.464286	0.500000	0.555556	0.458333	0.480000	0.583333	0.592593	0.500000	0.678571	0.480000	0.392857	0.560000	0.555556	0.607143	0.560000	0.583333	0.550000	0.535714	0.481481	0.592593	0.653846	0.461538	0.521739	0.615385	0.518519	
0.515152	0.000000	0.363636	0.531250	0.370370	0.000000	0.285714	0.562500	0.517241	0.531250	0.575758	0.000000	0.441176	0.454545	0.515152	0.411765	0.470588	0.454545	0.441176	0.382353	0.424242	0.529412	0.516129	0.424242	0.531250	0.515152	0.441176	0.470588	0.500000	0.484848	0.451613	0.441176	0.258065	0.411765	0.382353	0.380952	0.366667	0.421053	0.406250	0.323529	0.312500	0.421053	0.352941	0.529412	0.354839	0.411765	0.393939	0.529412	0.500000	0.411765	0.400000	0.352941	0.382353	0.375000	0.558824	0.468750	0.391304	0.393939	0.384615	0.484848	0.500000	0.424242	0.441176	0.382353	0.294118	0.382353	-nan	0.393939	0.515152	0.333333	0.454545	0.352941	0.382353	0.343750	0.393939	0.468750	0.545455	0.434783	0.411765	0.411765	0.500000	0.437500	0.575758	0.382353	0.441176	0.500000	0.100000	0.464286	0.411765	0.000000	0.516129	0.370370	0.409091	0.428571	-nan	0.545455	0.529412	0.620690	0.642857	-nan	0.580645	0.500000	0.500000	0.733333	0.424242	0.363636	0.470588	0.515152	0.700000	0.548387	0.625000	0.545455	0.647059	0.500000	0.575758	0.600000	0.484848	0.441176	0.636364	0.454545	0.625000	0.441176	-nan	0.484848	0.466667	0.593750	0.516129	0.545455	0.636364	0.666667	0.562500	0.580645	-nan	0.593750	0.545455	0.515152	0.625000	0.588235	0.535714	0.558824	0.515152	0.484848	0.600000	0.612903	0.468750	0.515152	0.470588	0.607143	0.529412	0.588235	0.515152	0.600000	0.500000	0.566667	0.666667	0.676471	0.470588	0.593750	0.500000	0.483871	0.580645	0.575758	0.500000	0.533333	0.640000	0.558824	0.575758	0.484848	0.562500	0.548387	0.571429	0.718750	0.515152	
0.285714	0.500000	0.125000	0.285714	0.375000	0.285714	0.000000	0.375000	0.142857	0.500000	0.375000	0.000000	0.500000	0.571429	0.375000	0.375000	0.250000	0.500000	0.375000	0.500000	0.000000	0.500000	0.250000	0.000000	0.375000	0.250000	0.625000	0.500000	0.250000	0.428571	0.250000	0.375000	0.125000	0.500000	0.125000	0.125000	0.375000	0.250000	0.375000	0.375000	0.500000	0.285714	0.500000	0.500000	0.375000	0.500000	0.375000	0.375000	0.200000	0.125000	0.250000	0.750000	0.250000	0.500000	0.375000	0.250000	0.125000	0.500000	0.000000	0.250000	0.500000	0.428571	0.500000	0.500000	0.571429	0.375000	-nan	0.571429	0.500000	0.285714	0.375000	0.250000	0.625000	0.571429	0.428571	0.571429	0.125000	0.166667	0.375000	0.500000	0.250000	0.500000	0.125000	0.500000	0.125000	0.333333	0.285714	0.125000	0.500000	0.333333	0.285714	0.250000	0.375000	0.500000	-nan	0.250000	0.625000	1.000000	0.666667	-nan	0.333333	1.000000	0.333333	0.666667	0.571429	1.000000	0.500000	0.625000	0.833333	0.571429	1.000000	0.750000	0.750000	0.666667	0.571429	0.166667	0.250000	0.750000	0.571429	0.500000	0.500000	0.500000	-nan	0.250000	0.571429	0.500000	0.857143	0.571429	0.750000	0.750000	0.500000	0.285714	-nan	0.250000	0.500000	0.285714	0.428571	0.250000	0.571429	0.375000	0.875000	0.875000	0.666667	1.000000	0.333333	0.875000	0.625000	0.333333	0.750000	0.625000	0.428571	0.250000	0.333333	0.571429	0.875000	0.875000	0.250000	0.400000	0.375000	0.285714	0.750000	0.500000	0.166667	0.666667	0.333333	0.750000	0.375000	0.571429	0.285714	0.333333	0.500000	0.666667	0.750000	
0.363636	0.500000	0.411765	0.424242	0.518519	0.562500	0.375000	0.000000	0.448276	0.333333	0.323529	0.000000	0.382353	0.333333	0.484848	0.400000	0.400000	0.470588	0.400000	0.371429	0.352941	0.352941	0.451613	0.393939	0.363636	0.382353	0.314286	0.257143	0.400000	0.363636	0.290323	0.542857	0.483871	0.428571	0.382353	0.363636	0.468750	0.368421	0.424242	0.428571	0.500000	0.350000	0.470588	0.400000	0.393939	0.542857	0.529412	0.388889	0.111111	0.314286	0.419355	0.228571	0.457143	0.484848	0.314286	0.363636	0.458333	0.411765	0.357143	0.382353	0.371429	0.441176	0.558824	0.485714	0.444444	0.342857	-nan	0.515152	0.470588	0.300000	0.411765	0.514286	0.400000	0.424242	0.470588	0.500000	0.382353	0.391304	0.400000	0.428571	0.382353	0.400000	0.393939	0.382353	0.470588	0.333333	0.454545	0.413793	0.342857	0.333333	0.483871	0.407407	0.565217	0.517241	-nan	0.384615	0.457143	0.620690	0.600000	-nan	0.437500	0.666667	0.500000	0.548387	0.588235	0.583333	0.542857	0.705882	0.566667	0.468750	0.666667	0.735294	0.542857	0.541667	0.588235	0.656250	0.529412	0.514286	0.558824	0.588235	0.575758	0.628571	-nan	0.647059	0.531250	0.676471	0.750000	0.588235	0.617647	0.529412	0.484848	0.562500	-nan	0.636364	0.588235	0.705882	0.575758	0.457143	0.535714	0.400000	0.558824	0.705882	0.600000	0.656250	0.484848	0.529412	0.600000	0.620690	0.542857	0.657143	0.558824	0.600000	0.531250	0.419355	0.529412	0.571429	0.428571	0.593750	0.542857	0.562500	0.562500	0.588235	0.593750	0.580645	0.500000	0.657143	0.558824	0.588235	0.454545	0.562500	0.535714	0.484848	0.411765	
0.266667	0.000000	0.483871	0.233333	0.434783	0.517241	0.142857	0.448276	0.000000	0.300000	0.483871	0.000000	0.419355	0.363636	0.333333	0.406250	0.375000	0.343750	0.387097	0.437500	0.419355	0.322581	0.428571	0.466667	0.406250	0.419355	0.406250	0.451613	0.281250	0.322581	0.413793	0.375000	0.344828	0.312500	0.419355	0.157895	0.629630	0.444444	0.433333	0.375000	0.300000	0.500000	0.419355	0.312500	0.551724	0.406250	0.387097	0.600000	0.285714	0.437500	0.280000	0.437500	0.375000	0.300000	0.451613	0.433333	0.272727	0.483871	0.384615	0.483871	0.312500	0.548387	0.483871	0.419355	0.250000	0.531250	-nan	0.451613	0.400000	0.555556	0.483871	0.500000	0.437500	0.482759	0.354839	0.333333	0.387097	0.428571	0.468750	0.375000	0.387097	0.466667	0.366667	0.387097	0.387097	0.625000	0.500000	0.416667	0.468750	0.000000	0.296296	0.360000	0.272727	0.360000	-nan	0.692308	0.500000	0.703704	0.423077	-nan	0.517241	0.500000	0.375000	0.535714	0.580645	0.545455	0.437500	0.516129	0.576923	0.533333	0.555556	0.741935	0.625000	0.375000	0.451613	0.678571	0.531250	0.625000	0.516129	0.612903	0.533333	0.656250	-nan	0.451613	0.535714	0.466667	0.586207	0.451613	0.645161	0.677419	0.533333	0.517241	-nan	0.366667	0.548387	0.483871	0.548387	0.531250	0.480000	0.562500	0.645161	0.580645	0.500000	0.655172	0.466667	0.645161	0.562500	0.535714	0.593750	0.562500	0.548387	0.392857	0.600000	0.464286	0.612903	0.625000	0.500000	0.666667	0.500000	0.448276	0.600000	0.645161	0.500000	0.555556	0.480000	0.593750	0.483871	0.516129	0.500000	0.620690	0.375000	0.466667	0.580645	
0.363636	0.000000	0.485714	0.294118	0.370370	0.531250	0.500000	0.333333	0.300000	0.000000	0.428571	0.333333	0.400000	0.363636	0.558824	0.416667	0.333333	0.257143	0.257143	0.416667	0.542857	0.342857	0.375000	0.500000	0.382353	0.333333	0.250000	0.285714	0.361111	0.441176	0.312500	0.444444	0.500000	0.361111	0.485714	0.380952	0.580645	0.555556	0.457143	0.416667	0.323529	0.388889	0.457143	0.194444	0.484848	0.500000	0.361111	0.470588	0.111111	0.444444	0.482759	0.388889	0.416667	0.352941	0.371429	0.411765	0.391304	0.428571	0.461538	0.514286	0.361111	0.542857	0.457143	0.428571	0.294118	0.333333	-nan	0.529412	0.264706	0.444444	0.444444	0.500000	0.333333	0.454545	0.428571	0.484848	0.342857	0.363636	0.388889	0.277778	0.371429	0.441176	0.382353	0.428571	0.342857	0.375000	0.600000	0.444444	0.388889	0.000000	0.406250	0.555556	0.478261	0.275862	-nan	0.769231	0.444444	0.655172	0.533333	-nan	0.606061	0.666667	0.571429	0.531250	0.600000	0.538462	0.583333	0.571429	0.633333	0.545455	0.500000	0.571429	0.555556	0.565217	0.485714	0.625000	0.400000	0.500000	0.600000	0.514286	0.558824	0.694444	-nan	0.555556	0.500000	0.500000	0.545455	0.600000	0.583333	0.571429	0.500000	0.575758	-nan	0.428571	0.657143	0.514286	0.529412	0.527778	0.642857	0.472222	0.600000	0.600000	0.357143	0.606061	0.529412	0.542857	0.500000	0.600000	0.416667	0.527778	0.657143	0.516129	0.666667	0.593750	0.542857	0.555556	0.583333	0.666667	0.416667	0.515152	0.558824	0.611111	0.696970	0.612903	0.629630	0.555556	0.457143	0.600000	0.705882	0.588235	0.413793	0.411765	0.457143	
0.441176	0.000000	0.444444	0.285714	0.370370	0.575758	0.375000	0.323529	0.483871	0.428571	0.000000	0.333333	0.277778	0.545455	0.400000	0.378378	0.297297	0.500000	0.361111	0.378378	0.378378	0.333333	0.272727	0.342857	0.257143	0.444444	0.297297	0.388889	0.432432	0.472222	0.333333	0.432432	0.545455	0.432432	0.250000	0.428571	0.281250	0.421053	0.428571	0.297297	0.514286	0.526316	0.305556	0.405405	0.382353	0.432432	0.361111	0.352941	0.125000	0.351351	0.500000	0.432432	0.324324	0.371429	0.416667	0.228571	0.375000	0.324324	0.214286	0.361111	0.405405	0.222222	0.388889	0.305556	0.411765	0.378378	-nan	0.400000	0.400000	0.444444	0.333333	0.432432	0.378378	0.441176	0.444444	0.457143	0.378378	0.227273	0.216216	0.486486	0.361111	0.371429	0.428571	0.416667	0.277778	0.333333	0.400000	0.357143	0.351351	0.000000	0.406250	0.357143	0.391304	0.310345	-nan	0.571429	0.648649	0.500000	0.700000	-nan	0.676471	0.250000	0.555556	0.636364	0.750000	0.615385	0.621622	0.805556	0.645161	0.617647	0.500000	0.648649	0.567568	0.640000	0.638889	0.666667	0.611111	0.594595	0.611111	0.722222	0.714286	0.567568	-nan	0.611111	0.705882	0.571429	0.617647	0.611111	0.638889	0.583333	0.571429	0.571429	-nan	0.657143	0.666667	0.527778	0.542857	0.540541	0.758621	0.621622	0.694444	0.750000	0.562500	0.676471	0.685714	0.750000	0.702703	0.666667	0.540541	0.621622	0.694444	0.625000	0.500000	0.636364	0.527778	0.567568	0.513514	0.647059	0.513514	0.617647	0.647059	0.583333	0.500000	0.625000	0.571429	0.648649	0.702703	0.638889	0.600000	0.617647	0.448276	0.628571	0.500000	
0.000000	0.500000	0.000000	0.333333	0.333333	0.000000	0.000000	0.000000	0.000000	0.333333	0.333333	0.000000	0.000000	0.000000	0.000000	0.333333	0.333333	0.666667	0.333333	0.333333	0.000000	0.000000	0.333333	0.000000	0.333333	0.000000	0.333333	0.000000	0.333333	0.000000	0.000000	0.333333	0.000000	0.000000	0.333333	0.000000	0.000000	0.000000	0.333333	0.000000	0.333333	0.000000	0.333333	0.333333	0.000000	0.333333	0.333333	0.000000	0.333333	0.000000	0.000000	0.333333	0.333333	0.333333	0.000000	0.333333	0.333333	0.333333	0.000000	0.333333	0.333333	0.000000	0.333333	0.333333	0.333333	0.333333	-nan	0.500000	0.333333	0.000000	0.000000	0.333333	0.333333	0.333333	0.333333	0.000000	0.000000	0.000000	0.000000	0.333333	0.000000	0.333333	0.000000	0.333333	0.000000	0.000000	0.000000	0.000000	0.000000	0.333333	0.000000	0.000000	0.333333	0.333333	-nan	0.000000	0.000000	-nan	0.000000	-nan	0.000000	-nan	0.000000	1.000000	0.000000	1.000000	0.333333	0.666667	1.000000	0.500000	1.000000	1.000000	0.666667	0.000000	1.000000	0.000000	0.000000	0.666667	1.000000	0.666667	0.666667	0.666667	-nan	0.333333	0.500000	0.333333	1.000000	1.000000	1.000000	1.000000	0.500000	0.000000	-nan	0.666667	0.666667	0.500000	0.500000	0.000000	0.500000	0.000000	1.000000	1.000000	1.000000	1.000000	0.000000	1.000000	0.666667	1.000000	0.666667	0.666667	0.000000	-nan	1.000000	1.000000	1.000000	1.000000	0.333333	-nan	0.333333	0.000000	1.000000	0.333333	1.000000	0.000000	1.000000	0.666667	0.333333	0.000000	0.000000	0.000000	1.000000	1.000000	0.333333	
0.470588	0.500000	0.388889	0.342857	0.392857	0.441176	0.500000	0.382353	0.419355	0.400000	0.277778	0.000000	0.000000	0.333333	0.333333	0.378378	0.351351	0.527778	0.361111	0.405405	0.361111	0.324324	0.454545	0.361111	0.428571	0.416667	0.432432	0.305556	0.540541	0.428571	0.352941	0.459459	0.470588	0.351351	0.405405	0.409091	0.281250	0.350000	0.428571	0.270270	0.428571	0.550000	0.378378	0.405405	0.235294	0.378378	0.361111	0.333333	0.333333	0.459459	0.387097	0.432432	0.243243	0.371429	0.333333	0.342857	0.520000	0.250000	0.428571	0.583333	0.378378	0.166667	0.405405	0.305556	0.388889	0.486486	-nan	0.457143	0.400000	0.300000	0.333333	0.459459	0.405405	0.441176	0.416667	0.382353	0.472222	0.347826	0.189189	0.405405	0.432432	0.428571	0.416667	0.459459	0.270270	0.000000	0.454545	0.413793	0.270270	0.333333	0.424242	0.448276	0.416667	0.300000	-nan	0.461538	0.513514	0.466667	0.500000	-nan	0.647059	0.000000	0.222222	0.636364	0.583333	0.538462	0.540541	0.611111	0.625000	0.676471	0.500000	0.638889	0.648649	0.458333	0.694444	0.696970	0.527778	0.486486	0.583333	0.555556	0.628571	0.594595	-nan	0.638889	0.545455	0.600000	0.588235	0.611111	0.638889	0.750000	0.571429	0.558824	-nan	0.628571	0.638889	0.583333	0.485714	0.513514	0.633333	0.486486	0.638889	0.666667	0.500000	0.617647	0.571429	0.694444	0.621622	0.666667	0.594595	0.648649	0.555556	0.531250	0.588235	0.757576	0.472222	0.621622	0.486486	0.588235	0.405405	0.441176	0.617647	0.611111	0.588235	0.500000	0.607143	0.621622	0.583333	0.583333	0.571429	0.529412	0.433333	0.542857	0.527778	
0.272727	0.500000	0.500000	0.500000	0.454545	0.454545	0.571429	0.333333	0.363636	0.363636	0.545455	0.000000	0.333333	0.000000	0.333333	0.666667	0.583333	0.666667	0.500000	0.666667	0.545455	0.250000	0.416667	0.500000	0.583333	0.181818	0.083333	0.166667	0.583333	0.300000	0.363636	0.500000	0.250000	0.250000	0.583333	0.416667	0.416667	0.416667	0.454545	0.333333	0.333333	0.333333	0.416667	0.500000	0.166667	0.500000	0.500000	0.300000	0.571429	0.500000	0.250000	0.166667	0.666667	0.166667	0.500000	0.545455	0.666667	0.454545	0.555556	0.636364	0.333333	0.500000	0.500000	0.583333	0.200000	0.416667	-nan	0.272727	0.500000	0.500000	0.363636	0.666667	0.333333	0.250000	0.454545	0.200000	0.636364	0.545455	0.416667	0.500000	0.416667	0.333333	0.363636	0.333333	0.416667	0.333333	0.375000	0.416667	0.166667	0.333333	0.181818	0.363636	0.636364	0.272727	-nan	0.571429	0.333333	0.222222	0.200000	-nan	0.500000	0.500000	0.400000	0.600000	0.363636	0.200000	0.333333	0.250000	0.500000	0.454545	0.200000	0.636364	0.500000	0.222222	0.545455	0.600000	0.500000	0.583333	0.818182	0.666667	0.363636	0.583333	-nan	0.545455	0.500000	0.500000	0.636364	0.545455	0.727273	0.583333	0.300000	0.400000	-nan	0.818182	0.833333	0.545455	0.545455	0.583333	0.454545	0.333333	0.500000	0.416667	0.555556	0.500000	0.500000	0.583333	0.500000	0.666667	0.500000	0.583333	0.272727	0.500000	0.700000	0.636364	0.500000	0.500000	0.500000	0.555556	0.416667	0.454545	0.454545	0.454545	0.700000	0.300000	0.500000	0.416667	0.363636	0.363636	0.545455	0.666667	0.666667	0.500000	0.416667	
0.424242	0.500000	0.371429	0.441176	0.535714	0.515152	0.375000	0.484848	0.333333	0.558824	0.400000	0.000000	0.333333	0.333333	0.000000	0.444444	0.472222	0.542857	0.485714	0.527778	0.428571	0.388889	0.375000	0.361111	0.529412	0.371429	0.500000	0.428571	0.333333	0.352941	0.363636	0.444444	0.470588	0.250000	0.416667	0.409091	0.343750	0.500000	0.382353	0.444444	0.400000	0.550000	0.277778	0.527778	0.333333	0.416667	0.342857	0.500000	0.555556	0.472222	0.300000	0.444444	0.305556	0.352941	0.457143	0.323529	0.440000	0.485714	0.384615	0.542857	0.444444	0.400000	0.361111	0.485714	0.444444	0.555556	-nan	0.411765	0.352941	0.500000	0.228571	0.500000	0.472222	0.484848	0.371429	0.303030	0.314286	0.478261	0.305556	0.527778	0.444444	0.529412	0.428571	0.472222	0.388889	0.222222	0.454545	0.392857	0.333333	0.333333	0.312500	0.285714	0.375000	0.448276	-nan	0.384615	0.500000	0.482759	0.586207	-nan	0.515152	0.000000	0.333333	0.531250	0.571429	0.538462	0.527778	0.542857	0.419355	0.545455	0.500000	0.571429	0.638889	0.521739	0.685714	0.500000	0.457143	0.444444	0.600000	0.600000	0.571429	0.500000	-nan	0.542857	0.625000	0.500000	0.617647	0.485714	0.685714	0.600000	0.588235	0.424242	-nan	0.558824	0.657143	0.514286	0.529412	0.583333	0.448276	0.500000	0.685714	0.742857	0.687500	0.545455	0.588235	0.600000	0.583333	0.482759	0.500000	0.611111	0.542857	0.593750	0.575758	0.562500	0.571429	0.611111	0.500000	0.575758	0.527778	0.515152	0.575758	0.457143	0.545455	0.451613	0.555556	0.500000	0.628571	0.457143	0.529412	0.545455	0.586207	0.588235	0.657143	
0.285714	0.000000	0.486486	0.222222	0.464286	0.411765	0.375000	0.400000	0.406250	0.416667	0.378378	0.333333	0.378378	0.666667	0.444444	0.000000	0.394737	0.351351	0.405405	0.421053	0.432432	0.486486	0.382353	0.305556	0.305556	0.432432	0.473684	0.459459	0.342105	0.361111	0.323529	0.473684	0.470588	0.394737	0.351351	0.409091	0.515152	0.550000	0.472222	0.394737	0.472222	0.650000	0.378378	0.342105	0.428571	0.263158	0.405405	0.388889	0.222222	0.368421	0.419355	0.368421	0.289474	0.361111	0.378378	0.361111	0.400000	0.486486	0.500000	0.540541	0.473684	0.351351	0.459459	0.324324	0.611111	0.552632	-nan	0.555556	0.277778	0.500000	0.297297	0.368421	0.368421	0.342857	0.432432	0.457143	0.486486	0.434783	0.421053	0.447368	0.432432	0.361111	0.305556	0.459459	0.378378	0.555556	0.636364	0.551724	0.368421	0.000000	0.515152	0.551724	0.250000	0.400000	-nan	0.500000	0.526316	0.709677	0.709677	-nan	0.685714	1.000000	0.333333	0.764706	0.702703	0.769231	0.526316	0.648649	0.531250	0.600000	0.600000	0.648649	0.473684	0.560000	0.540541	0.647059	0.567568	0.447368	0.540541	0.621622	0.666667	0.447368	-nan	0.621622	0.588235	0.611111	0.685714	0.621622	0.513514	0.540541	0.666667	0.628571	-nan	0.527778	0.567568	0.702703	0.583333	0.473684	0.766667	0.500000	0.540541	0.648649	0.500000	0.714286	0.555556	0.648649	0.657895	0.709677	0.473684	0.552632	0.621622	0.545455	0.514286	0.529412	0.675676	0.578947	0.578947	0.571429	0.631579	0.400000	0.685714	0.594595	0.657143	0.666667	0.551724	0.710526	0.594595	0.621622	0.611111	0.628571	0.533333	0.583333	0.567568	
0.314286	0.000000	0.324324	0.250000	0.285714	0.470588	0.250000	0.400000	0.375000	0.333333	0.297297	0.333333	0.351351	0.583333	0.472222	0.394737	0.000000	0.432432	0.135135	0.342105	0.405405	0.351351	0.382353	0.388889	0.388889	0.270270	0.447368	0.405405	0.421053	0.333333	0.441176	0.394737	0.500000	0.526316	0.324324	0.318182	0.424242	0.450000	0.388889	0.263158	0.444444	0.450000	0.513514	0.263158	0.428571	0.342105	0.297297	0.500000	0.222222	0.394737	0.387097	0.394737	0.368421	0.388889	0.432432	0.250000	0.280000	0.405405	0.285714	0.459459	0.236842	0.351351	0.324324	0.378378	0.333333	0.315789	-nan	0.388889	0.361111	0.200000	0.405405	0.447368	0.342105	0.314286	0.432432	0.428571	0.297297	0.347826	0.342105	0.368421	0.405405	0.277778	0.388889	0.486486	0.405405	0.444444	0.272727	0.275862	0.447368	0.000000	0.454545	0.379310	0.333333	0.300000	-nan	0.785714	0.605263	0.677419	0.677419	-nan	0.714286	0.500000	0.888889	0.647059	0.621622	0.615385	0.710526	0.621622	0.656250	0.514286	0.800000	0.675676	0.552632	0.600000	0.621622	0.705882	0.567568	0.736842	0.513514	0.648649	0.555556	0.578947	-nan	0.567568	0.617647	0.555556	0.685714	0.594595	0.675676	0.675676	0.583333	0.571429	-nan	0.611111	0.567568	0.567568	0.583333	0.500000	0.700000	0.578947	0.540541	0.648649	0.687500	0.657143	0.472222	0.702703	0.526316	0.709677	0.447368	0.526316	0.540541	0.575758	0.514286	0.617647	0.621622	0.605263	0.552632	0.542857	0.500000	0.514286	0.542857	0.648649	0.714286	0.636364	0.551724	0.631579	0.621622	0.648649	0.555556	0.514286	0.400000	0.611111	0.513514	
0.411765	0.500000	0.472222	0.428571	0.407407	0.454545	0.500000	0.470588	0.343750	0.257143	0.500000	0.666667	0.527778	0.666667	0.542857	0.351351	0.432432	0.000000	0.333333	0.405405	0.500000	0.500000	0.424242	0.457143	0.285714	0.416667	0.432432	0.388889	0.351351	0.400000	0.411765	0.432432	0.515152	0.351351	0.444444	0.500000	0.593750	0.500000	0.371429	0.432432	0.400000	0.400000	0.361111	0.297297	0.529412	0.405405	0.361111	0.444444	0.333333	0.405405	0.566667	0.405405	0.486486	0.314286	0.416667	0.428571	0.375000	0.555556	0.500000	0.444444	0.459459	0.500000	0.305556	0.388889	0.555556	0.486486	-nan	0.428571	0.371429	0.400000	0.333333	0.405405	0.297297	0.529412	0.472222	0.411765	0.388889	0.391304	0.459459	0.405405	0.305556	0.514286	0.400000	0.388889	0.444444	0.555556	0.454545	0.500000	0.621622	0.333333	0.437500	0.500000	0.391304	0.448276	-nan	0.642857	0.594595	0.800000	0.666667	-nan	0.558824	1.000000	0.555556	0.575758	0.638889	0.615385	0.648649	0.611111	0.580645	0.676471	0.700000	0.555556	0.594595	0.440000	0.611111	0.636364	0.472222	0.540541	0.472222	0.583333	0.657143	0.648649	-nan	0.583333	0.545455	0.628571	0.500000	0.611111	0.583333	0.638889	0.542857	0.735294	-nan	0.514286	0.666667	0.527778	0.542857	0.567568	0.620690	0.540541	0.527778	0.611111	0.437500	0.647059	0.628571	0.416667	0.621622	0.677419	0.594595	0.567568	0.694444	0.437500	0.558824	0.575758	0.583333	0.648649	0.621622	0.588235	0.594595	0.441176	0.617647	0.777778	0.705882	0.625000	0.535714	0.675676	0.555556	0.527778	0.600000	0.529412	0.413793	0.485714	0.583333	
0.323529	0.000000	0.361111	0.342857	0.321429	0.441176	0.375000	0.400000	0.387097	0.257143	0.361111	0.333333	0.361111	0.500000	0.485714	0.405405	0.135135	0.333333	0.000000	0.351351	0.444444	0.444444	0.272727	0.400000	0.457143	0.361111	0.432432	0.432432	0.405405	0.371429	0.333333	0.459459	0.545455	0.432432	0.388889	0.363636	0.406250	0.500000	0.400000	0.270270	0.400000	0.350000	0.361111	0.297297	0.382353	0.297297	0.361111	0.388889	0.222222	0.405405	0.516129	0.297297	0.378378	0.342857	0.405405	0.285714	0.320000	0.388889	0.357143	0.472222	0.270270	0.361111	0.333333	0.351351	0.388889	0.297297	-nan	0.342857	0.277778	0.400000	0.305556	0.486486	0.297297	0.342857	0.416667	0.382353	0.388889	0.347826	0.351351	0.405405	0.305556	0.342857	0.400000	0.444444	0.361111	0.555556	0.363636	0.413793	0.432432	0.000000	0.424242	0.500000	0.416667	0.233333	-nan	0.857143	0.594595	0.709677	0.741935	-nan	0.676471	0.500000	0.666667	0.696970	0.722222	0.615385	0.729730	0.666667	0.625000	0.558824	0.600000	0.666667	0.648649	0.680000	0.611111	0.666667	0.500000	0.648649	0.611111	0.638889	0.600000	0.594595	-nan	0.555556	0.575758	0.571429	0.617647	0.638889	0.666667	0.611111	0.685714	0.617647	-nan	0.600000	0.666667	0.611111	0.628571	0.540541	0.666667	0.567568	0.583333	0.638889	0.437500	0.676471	0.514286	0.638889	0.567568	0.733333	0.540541	0.567568	0.694444	0.437500	0.588235	0.666667	0.583333	0.648649	0.567568	0.647059	0.513514	0.411765	0.588235	0.750000	0.735294	0.606061	0.642857	0.729730	0.611111	0.638889	0.571429	0.676471	0.433333	0.485714	0.500000	
0.542857	0.000000	0.405405	0.416667	0.464286	0.382353	0.500000	0.371429	0.437500	0.416667	0.378378	0.333333	0.405405	0.666667	0.527778	0.421053	0.342105	0.405405	0.351351	0.000000	0.486486	0.405405	0.529412	0.500000	0.305556	0.513514	0.473684	0.459459	0.394737	0.472222	0.558824	0.368421	0.529412	0.552632	0.378378	0.363636	0.363636	0.400000	0.416667	0.342105	0.416667	0.300000	0.405405	0.289474	0.485714	0.473684	0.486486	0.388889	0.444444	0.421053	0.419355	0.368421	0.394737	0.583333	0.378378	0.500000	0.320000	0.486486	0.428571	0.378378	0.315789	0.351351	0.324324	0.270270	0.333333	0.236842	-nan	0.472222	0.472222	0.300000	0.540541	0.368421	0.315789	0.400000	0.594595	0.428571	0.432432	0.260870	0.421053	0.236842	0.351351	0.388889	0.500000	0.270270	0.459459	0.555556	0.272727	0.379310	0.473684	0.000000	0.484848	0.344828	0.250000	0.433333	-nan	0.714286	0.473684	0.548387	0.483871	-nan	0.628571	0.250000	0.666667	0.529412	0.432432	0.384615	0.578947	0.756757	0.562500	0.542857	0.500000	0.648649	0.526316	0.600000	0.540541	0.617647	0.486486	0.447368	0.486486	0.540541	0.722222	0.447368	-nan	0.540541	0.470588	0.583333	0.428571	0.621622	0.432432	0.567568	0.500000	0.600000	-nan	0.638889	0.378378	0.540541	0.555556	0.421053	0.466667	0.500000	0.513514	0.621622	0.625000	0.571429	0.444444	0.621622	0.552632	0.677419	0.526316	0.342105	0.513514	0.484848	0.428571	0.588235	0.540541	0.526316	0.473684	0.571429	0.526316	0.571429	0.685714	0.567568	0.628571	0.393939	0.517241	0.552632	0.702703	0.567568	0.527778	0.428571	0.466667	0.527778	0.378378	
0.382353	0.500000	0.333333	0.342857	0.333333	0.424242	0.000000	0.352941	0.419355	0.542857	0.378378	0.000000	0.361111	0.545455	0.428571	0.432432	0.405405	0.500000	0.444444	0.486486	0.000000	0.416667	0.515152	0.257143	0.457143	0.416667	0.459459	0.361111	0.378378	0.444444	0.424242	0.486486	0.333333	0.432432	0.333333	0.285714	0.375000	0.315789	0.428571	0.459459	0.314286	0.421053	0.388889	0.405405	0.352941	0.432432	0.444444	0.294118	0.250000	0.459459	0.366667	0.486486	0.378378	0.400000	0.500000	0.400000	0.458333	0.270270	0.142857	0.472222	0.405405	0.444444	0.416667	0.388889	0.529412	0.486486	-nan	0.457143	0.428571	0.444444	0.472222	0.432432	0.540541	0.500000	0.333333	0.428571	0.324324	0.318182	0.432432	0.378378	0.444444	0.371429	0.457143	0.444444	0.361111	0.333333	0.400000	0.357143	0.459459	0.333333	0.312500	0.392857	0.434783	0.310345	-nan	0.357143	0.594595	0.566667	0.600000	-nan	0.441176	0.500000	0.333333	0.545455	0.583333	0.769231	0.513514	0.527778	0.677419	0.588235	0.600000	0.540541	0.567568	0.440000	0.638889	0.545455	0.416667	0.594595	0.555556	0.500000	0.542857	0.513514	-nan	0.527778	0.558824	0.657143	0.558824	0.444444	0.555556	0.583333	0.485714	0.400000	-nan	0.571429	0.666667	0.527778	0.571429	0.540541	0.586207	0.459459	0.638889	0.638889	0.562500	0.558824	0.457143	0.694444	0.594595	0.533333	0.594595	0.621622	0.472222	0.625000	0.617647	0.545455	0.527778	0.621622	0.459459	0.558824	0.567568	0.558824	0.500000	0.555556	0.470588	0.593750	0.464286	0.594595	0.486486	0.527778	0.514286	0.470588	0.586207	0.571429	0.694444	
0.411765	0.500000	0.416667	0.257143	0.392857	0.529412	0.500000	0.352941	0.322581	0.342857	0.333333	0.000000	0.324324	0.250000	0.388889	0.486486	0.351351	0.500000	0.444444	0.405405	0.416667	0.000000	0.424242	0.527778	0.314286	0.361111	0.378378	0.333333	0.324324	0.371429	0.352941	0.405405	0.352941	0.297297	0.351351	0.454545	0.500000	0.500000	0.571429	0.324324	0.371429	0.450000	0.432432	0.405405	0.441176	0.486486	0.305556	0.388889	0.333333	0.459459	0.354839	0.486486	0.351351	0.428571	0.361111	0.371429	0.360000	0.472222	0.428571	0.472222	0.324324	0.444444	0.405405	0.388889	0.277778	0.432432	-nan	0.428571	0.457143	0.300000	0.444444	0.351351	0.513514	0.500000	0.277778	0.352941	0.361111	0.478261	0.405405	0.297297	0.432432	0.314286	0.527778	0.405405	0.378378	0.333333	0.454545	0.448276	0.324324	0.333333	0.363636	0.275862	0.333333	0.466667	-nan	0.692308	0.459459	0.566667	0.466667	-nan	0.588235	0.000000	0.555556	0.484848	0.472222	0.538462	0.486486	0.555556	0.656250	0.588235	0.400000	0.638889	0.594595	0.458333	0.472222	0.606061	0.472222	0.594595	0.527778	0.527778	0.657143	0.594595	-nan	0.527778	0.666667	0.400000	0.500000	0.555556	0.583333	0.638889	0.457143	0.470588	-nan	0.657143	0.500000	0.416667	0.542857	0.405405	0.500000	0.594595	0.500000	0.638889	0.562500	0.617647	0.514286	0.722222	0.513514	0.600000	0.486486	0.486486	0.500000	0.531250	0.617647	0.636364	0.666667	0.513514	0.594595	0.588235	0.567568	0.617647	0.529412	0.555556	0.676471	0.562500	0.535714	0.459459	0.416667	0.527778	0.542857	0.470588	0.533333	0.485714	0.500000	
0.343750	0.000000	0.393939	0.406250	0.481481	0.516129	0.250000	0.451613	0.428571	0.375000	0.272727	0.333333	0.454545	0.416667	0.375000	0.382353	0.382353	0.424242	0.272727	0.529412	0.515152	0.424242	0.000000	0.343750	0.375000	0.333333	0.411765	0.484848	0.411765	0.406250	0.166667	0.529412	0.451613	0.382353	0.242424	0.476190	0.516129	0.550000	0.375000	0.382353	0.593750	0.500000	0.242424	0.558824	0.363636	0.352941	0.424242	0.333333	0.111111	0.264706	0.464286	0.441176	0.352941	0.343750	0.424242	0.218750	0.208333	0.545455	0.214286	0.393939	0.411765	0.484848	0.393939	0.484848	0.444444	0.352941	-nan	0.437500	0.312500	0.600000	0.272727	0.382353	0.470588	0.437500	0.393939	0.451613	0.424242	0.333333	0.382353	0.588235	0.303030	0.437500	0.343750	0.303030	0.272727	0.444444	0.636364	0.346154	0.352941	0.000000	0.379310	0.518519	0.363636	0.357143	-nan	0.583333	0.764706	0.592593	0.714286	-nan	0.645161	0.500000	0.555556	0.666667	0.727273	0.833333	0.647059	0.666667	0.535714	0.580645	0.333333	0.575758	0.676471	0.761905	0.545455	0.466667	0.424242	0.588235	0.575758	0.696970	0.625000	0.441176	-nan	0.484848	0.666667	0.500000	0.645161	0.696970	0.666667	0.454545	0.562500	0.580645	-nan	0.562500	0.666667	0.484848	0.531250	0.500000	0.642857	0.500000	0.606061	0.636364	0.375000	0.687500	0.687500	0.666667	0.647059	0.518519	0.529412	0.617647	0.666667	0.413793	0.516129	0.733333	0.606061	0.617647	0.529412	0.612903	0.529412	0.387097	0.548387	0.606061	0.516129	0.620690	0.481481	0.647059	0.545455	0.606061	0.593750	0.677419	0.538462	0.468750	0.606061	
0.424242	0.500000	0.428571	0.411765	0.321429	0.424242	0.000000	0.393939	0.466667	0.500000	0.342857	0.000000	0.361111	0.500000	0.361111	0.305556	0.388889	0.457143	0.400000	0.500000	0.257143	0.527778	0.343750	0.000000	0.441176	0.371429	0.416667	0.342857	0.416667	0.352941	0.363636	0.472222	0.323529	0.500000	0.333333	0.318182	0.375000	0.450000	0.294118	0.305556	0.514286	0.400000	0.305556	0.388889	0.212121	0.388889	0.371429	0.277778	0.333333	0.444444	0.333333	0.472222	0.388889	0.294118	0.485714	0.294118	0.520000	0.542857	0.230769	0.514286	0.472222	0.371429	0.500000	0.514286	0.611111	0.527778	-nan	0.411765	0.323529	0.400000	0.285714	0.361111	0.388889	0.333333	0.485714	0.363636	0.371429	0.434783	0.277778	0.555556	0.361111	0.323529	0.285714	0.500000	0.250000	0.333333	0.454545	0.321429	0.361111	0.333333	0.250000	0.500000	0.416667	0.413793	-nan	0.384615	0.638889	0.655172	0.620690	-nan	0.606061	1.000000	0.444444	0.718750	0.714286	1.000000	0.611111	0.571429	0.516129	0.727273	0.700000	0.628571	0.666667	0.652174	0.714286	0.531250	0.542857	0.583333	0.685714	0.485714	0.657143	0.472222	-nan	0.542857	0.593750	0.676471	0.735294	0.571429	0.685714	0.628571	0.588235	0.424242	-nan	0.617647	0.714286	0.600000	0.558824	0.611111	0.689655	0.416667	0.628571	0.685714	0.562500	0.606061	0.558824	0.714286	0.722222	0.620690	0.583333	0.638889	0.457143	0.593750	0.515152	0.718750	0.742857	0.694444	0.527778	0.484848	0.500000	0.454545	0.727273	0.571429	0.545455	0.580645	0.444444	0.694444	0.514286	0.657143	0.588235	0.545455	0.551724	0.617647	0.657143	
0.393939	0.000000	0.371429	0.352941	0.307692	0.531250	0.375000	0.363636	0.406250	0.382353	0.257143	0.333333	0.428571	0.583333	0.529412	0.305556	0.388889	0.285714	0.457143	0.305556	0.457143	0.314286	0.375000	0.441176	0.000000	0.457143	0.361111	0.457143	0.333333	0.441176	0.437500	0.277778	0.468750	0.388889	0.400000	0.571429	0.451613	0.421053	0.352941	0.361111	0.500000	0.450000	0.400000	0.416667	0.393939	0.472222	0.371429	0.333333	0.111111	0.333333	0.413793	0.416667	0.416667	0.441176	0.342857	0.411765	0.291667	0.514286	0.357143	0.371429	0.444444	0.371429	0.257143	0.400000	0.555556	0.444444	-nan	0.500000	0.470588	0.300000	0.400000	0.222222	0.333333	0.424242	0.428571	0.454545	0.457143	0.318182	0.472222	0.444444	0.371429	0.294118	0.352941	0.400000	0.371429	0.333333	0.454545	0.357143	0.472222	0.000000	0.516129	0.357143	0.250000	0.517241	-nan	0.357143	0.500000	0.633333	0.586207	-nan	0.575758	0.750000	0.555556	0.531250	0.600000	0.692308	0.555556	0.657143	0.500000	0.617647	0.500000	0.628571	0.555556	0.520000	0.485714	0.593750	0.472222	0.555556	0.428571	0.628571	0.735294	0.555556	-nan	0.571429	0.625000	0.588235	0.515152	0.600000	0.457143	0.542857	0.441176	0.727273	-nan	0.558824	0.571429	0.485714	0.485714	0.416667	0.689655	0.472222	0.542857	0.600000	0.375000	0.727273	0.617647	0.628571	0.611111	0.700000	0.555556	0.444444	0.571429	0.419355	0.363636	0.562500	0.571429	0.416667	0.583333	0.454545	0.500000	0.515152	0.636364	0.571429	0.666667	0.612903	0.448276	0.555556	0.542857	0.600000	0.588235	0.393939	0.464286	0.529412	0.514286	
0.323529	0.500000	0.361111	0.371429	0.464286	0.515152	0.250000	0.382353	0.419355	0.333333	0.444444	0.000000	0.416667	0.181818	0.371429	0.432432	0.270270	0.416667	0.361111	0.513514	0.416667	0.361111	0.333333	0.371429	0.457143	0.000000	0.378378	0.333333	0.405405	0.371429	0.333333	0.378378	0.484848	0.324324	0.333333	0.476190	0.468750	0.473684	0.444444	0.432432	0.485714	0.368421	0.472222	0.351351	0.352941	0.351351	0.361111	0.294118	0.444444	0.405405	0.366667	0.432432	0.432432	0.342857	0.388889	0.314286	0.416667	0.500000	0.230769	0.500000	0.297297	0.472222	0.333333	0.555556	0.294118	0.324324	-nan	0.428571	0.457143	0.333333	0.297297	0.459459	0.432432	0.323529	0.500000	0.441176	0.333333	0.363636	0.351351	0.378378	0.333333	0.485714	0.342857	0.333333	0.361111	0.250000	0.300000	0.285714	0.351351	0.333333	0.303030	0.357143	0.541667	0.366667	-nan	0.615385	0.594595	0.600000	0.600000	-nan	0.647059	0.666667	0.625000	0.696970	0.527778	0.692308	0.702703	0.388889	0.677419	0.588235	0.600000	0.555556	0.540541	0.416667	0.666667	0.424242	0.444444	0.594595	0.611111	0.555556	0.428571	0.567568	-nan	0.675676	0.545455	0.600000	0.735294	0.694444	0.621622	0.666667	0.514286	0.470588	-nan	0.638889	0.666667	0.583333	0.542857	0.540541	0.689655	0.405405	0.500000	0.722222	0.666667	0.588235	0.571429	0.611111	0.540541	0.548387	0.513514	0.567568	0.472222	0.593750	0.647059	0.636364	0.638889	0.702703	0.594595	0.500000	0.459459	0.411765	0.514286	0.540541	0.735294	0.656250	0.428571	0.594595	0.527778	0.500000	0.600000	0.514286	0.633333	0.542857	0.638889	
