0.000000	0.275862	0.280543	0.233945	0.258278	0.247525	0.352941	0.218905	0.248521	0.240909	0.291480	0.172414	0.221239	0.219512	0.267677	0.251142	0.262443	0.230415	0.213333	0.208145	0.231111	0.276018	0.252874	0.266010	0.244444	0.267857	0.264574	0.213636	0.259091	0.255708	0.250000	0.228700	0.240642	0.193833	0.256039	0.231405	0.218750	0.223214	0.242152	0.218605	0.291892	0.284615	0.227679	0.288889	0.252427	0.189189	0.191781	0.229167	0.218391	0.248889	0.204188	0.269036	0.244898	0.262673	0.221719	0.201794	0.233333	0.222222	0.242105	0.263158	0.229730	0.257919	0.237668	0.238739	0.209091	0.266968	0.000000	0.263636	0.233945	0.192982	0.244131	0.288288	0.288991	0.268722	0.229358	0.247475	0.244131	0.287582	0.235556	0.243243	0.235849	0.200000	0.267943	0.271845	0.239024	0.236364	0.256098	0.250000	0.240000	0.104167	0.181818	0.250000	0.301370	0.232143	0.600000	0.493671	0.430556	0.446237	0.468927	0.250000	0.423810	0.452381	0.354430	0.427835	0.485437	0.581081	0.453704	0.424390	0.445860	0.463415	0.527273	0.454955	0.481481	0.506944	0.437500	0.507463	0.443439	0.423077	0.435185	0.440909	0.434978	0.440909	0.538462	0.438914	0.468421	0.500000	0.448598	0.449761	0.467890	0.401961	0.444934	0.400901	0.473684	0.467290	0.472362	0.476923	0.469484	0.442396	0.470238	0.463303	0.428571	0.488479	0.482759	0.476415	0.490099	0.420561	0.456221	0.452632	0.447115	0.438356	0.425121	0.460829	0.429907	0.469613	0.471429	0.406699	0.470320	0.424390	0.429268	0.436123	0.432692	0.425339	0.474654	0.451777	0.441176	0.455357	0.442922	0.462687	0.434978	0.417840	0.436364	0.459459	0.401786	
0.275862	0.000000	0.225806	0.258065	0.233333	0.250000	0.190476	0.272727	0.187500	0.303030	0.218750	0.250000	0.281250	0.240000	0.241379	0.121212	0.250000	0.272727	0.187500	0.218750	0.290323	0.129032	0.060606	0.181818	0.250000	0.212121	0.242424	0.272727	0.242424	0.250000	0.258065	0.166667	0.151515	0.242424	0.187500	0.333333	0.241379	0.172414	0.333333	0.233333	0.156250	0.160000	0.281250	0.312500	0.290323	0.225806	0.151515	0.344828	0.172414	0.218750	0.266667	0.151515	0.266667	0.250000	0.250000	0.212121	0.214286	0.312500	0.153846	0.212121	0.218750	0.258065	0.281250	0.193548	0.266667	0.303030	0.000000	0.218750	0.129032	0.153846	0.172414	0.303030	0.125000	0.212121	0.181818	0.218750	0.310345	0.241379	0.181818	0.129032	0.156250	0.166667	0.121212	0.258065	0.218750	0.190476	0.400000	0.181818	0.258065	0.190476	0.200000	0.354839	0.321429	0.200000	0.500000	0.333333	0.366667	0.541667	0.565217	0.333333	0.500000	0.222222	0.440000	0.535714	0.392857	0.529412	0.500000	0.640000	0.541667	0.464286	0.666667	0.500000	0.551724	0.571429	0.692308	0.633333	0.545455	0.451613	0.633333	0.406250	0.424242	0.600000	0.000000	0.531250	0.500000	0.517241	0.709677	0.533333	0.437500	0.629630	0.531250	0.454545	0.600000	0.533333	0.517241	0.500000	0.580645	0.464286	0.761905	0.612903	0.545455	0.566667	0.555556	0.535714	0.500000	0.466667	0.451613	0.620690	0.392857	0.562500	0.592593	0.655172	0.689655	0.500000	0.366667	0.344828	0.606061	0.500000	0.517241	0.606061	0.466667	0.531250	0.600000	0.464286	0.739130	0.562500	0.566667	0.448276	0.580645	0.500000	0.565217	0.566667	0.363636	
0.280543	0.225806	0.000000	0.256228	0.229050	0.280156	0.235294	0.247104	0.235294	0.246377	0.274021	0.222222	0.218430	0.218391	0.254902	0.250896	0.246575	0.241877	0.233898	0.216783	0.257732	0.241497	0.216216	0.250000	0.210046	0.228374	0.224490	0.238754	0.249135	0.222997	0.270270	0.251724	0.200837	0.255892	0.253906	0.243056	0.263158	0.262712	0.255245	0.220149	0.246696	0.250000	0.248299	0.213559	0.226415	0.259386	0.237762	0.241176	0.238532	0.221088	0.220339	0.224900	0.209677	0.213523	0.262069	0.242958	0.207692	0.234818	0.183673	0.237918	0.231293	0.224913	0.268041	0.239726	0.213115	0.225806	0.000000	0.239583	0.223404	0.280702	0.211679	0.247423	0.249110	0.215488	0.234043	0.255230	0.254753	0.251429	0.279863	0.278912	0.252788	0.245968	0.220149	0.214815	0.218391	0.275862	0.279070	0.238494	0.266212	0.212766	0.223443	0.223881	0.285714	0.260000	0.111111	0.553571	0.432056	0.482353	0.455696	0.500000	0.466192	0.475410	0.473118	0.461538	0.463235	0.528846	0.470383	0.449275	0.444954	0.461255	0.500000	0.477816	0.505226	0.512690	0.476364	0.492537	0.441379	0.487455	0.455830	0.457045	0.470790	0.460208	0.368421	0.489655	0.490196	0.516484	0.449123	0.500000	0.432526	0.481481	0.479866	0.426621	0.478261	0.479021	0.466418	0.483019	0.455830	0.477352	0.475771	0.472414	0.450847	0.496528	0.469512	0.458781	0.464945	0.483986	0.454861	0.501946	0.444043	0.462069	0.465704	0.437500	0.417544	0.454545	0.442857	0.456835	0.494774	0.483636	0.454874	0.441077	0.464029	0.467354	0.468966	0.441065	0.497409	0.467797	0.448276	0.492647	0.477966	0.423488	0.482143	0.452055	0.444068	
0.233945	0.258065	0.256228	0.000000	0.216374	0.232000	0.228571	0.199187	0.207921	0.235075	0.267399	0.142857	0.257143	0.168675	0.279835	0.245353	0.236559	0.179104	0.242958	0.231884	0.215827	0.234043	0.219048	0.280632	0.244131	0.266904	0.227758	0.239130	0.228261	0.249097	0.221774	0.232143	0.206897	0.250000	0.241935	0.217391	0.278689	0.256410	0.184783	0.220077	0.257919	0.239437	0.227758	0.266904	0.244094	0.195035	0.222628	0.257669	0.211538	0.212766	0.215859	0.214876	0.198347	0.252747	0.252708	0.208029	0.188976	0.205882	0.193878	0.254902	0.224199	0.192029	0.219424	0.258065	0.217742	0.208178	0.000000	0.250000	0.254613	0.172414	0.233962	0.241993	0.256506	0.200704	0.234201	0.237069	0.229572	0.234286	0.248227	0.298932	0.206226	0.253112	0.223077	0.189189	0.241935	0.263158	0.235294	0.257511	0.250000	0.145833	0.213740	0.252632	0.223602	0.251256	0.833333	0.481132	0.430657	0.479167	0.444934	0.500000	0.438202	0.545455	0.379310	0.495968	0.468992	0.628866	0.480000	0.438931	0.403846	0.434615	0.521739	0.448029	0.474453	0.513514	0.452471	0.494118	0.425993	0.428571	0.446494	0.422939	0.449640	0.469314	0.333333	0.429603	0.458678	0.484615	0.466912	0.479401	0.438406	0.459144	0.435088	0.375000	0.476190	0.468864	0.452756	0.440476	0.468635	0.437956	0.458333	0.445652	0.450355	0.485507	0.519231	0.490637	0.455253	0.464419	0.454545	0.434426	0.441065	0.447653	0.477273	0.448905	0.432234	0.447826	0.436567	0.439850	0.476364	0.454198	0.471698	0.443662	0.496269	0.438849	0.471014	0.448000	0.491803	0.484099	0.478261	0.476744	0.475000	0.446097	0.474178	0.455197	0.432624	
0.258278	0.233333	0.229050	0.216374	0.000000	0.222222	0.281250	0.222892	0.224638	0.242775	0.227273	0.153846	0.204420	0.200000	0.269939	0.234286	0.201117	0.225434	0.245902	0.228571	0.175824	0.191011	0.224490	0.229412	0.227586	0.206704	0.265193	0.189944	0.200000	0.198864	0.207317	0.224719	0.283019	0.213115	0.259036	0.252101	0.237762	0.145833	0.195531	0.204545	0.254658	0.217822	0.205556	0.200000	0.271605	0.211111	0.209040	0.208333	0.243243	0.234973	0.264516	0.221557	0.171779	0.248588	0.230337	0.213873	0.232323	0.217391	0.227848	0.231638	0.229050	0.167598	0.232044	0.192090	0.223404	0.163743	0.000000	0.226519	0.215909	0.150943	0.216374	0.204420	0.234286	0.271739	0.185393	0.228916	0.218391	0.244094	0.256831	0.216667	0.245509	0.226415	0.209581	0.270115	0.218935	0.250000	0.194444	0.234177	0.226519	0.212766	0.201183	0.218978	0.201613	0.221429	0.400000	0.306452	0.382857	0.394737	0.378571	0.333333	0.412791	0.588235	0.344828	0.350649	0.407407	0.534483	0.410405	0.401235	0.439394	0.435583	0.478261	0.397790	0.491429	0.446281	0.375758	0.439759	0.402235	0.415205	0.445087	0.421348	0.418994	0.420455	0.272727	0.465909	0.385621	0.462025	0.470930	0.442424	0.424581	0.422619	0.426230	0.377778	0.400000	0.441860	0.455090	0.408805	0.462428	0.387283	0.390977	0.471591	0.403315	0.482955	0.443182	0.476190	0.400000	0.502924	0.403409	0.438710	0.385542	0.396648	0.422619	0.371429	0.412791	0.514085	0.449704	0.434524	0.468927	0.463855	0.409639	0.402174	0.408284	0.471910	0.409091	0.401235	0.423729	0.461538	0.440678	0.493902	0.452514	0.429412	0.451128	0.427778	0.366120	
0.247525	0.250000	0.280156	0.232000	0.222222	0.000000	0.194444	0.206009	0.277487	0.232000	0.227092	0.068966	0.203065	0.294872	0.258929	0.267206	0.256809	0.216867	0.230769	0.225681	0.224806	0.279070	0.216080	0.248945	0.273632	0.308880	0.244186	0.255906	0.286275	0.230159	0.260870	0.263566	0.239631	0.248092	0.213974	0.246032	0.218935	0.232143	0.191406	0.264706	0.282927	0.262774	0.289575	0.269231	0.272340	0.217054	0.236220	0.254902	0.139785	0.250965	0.227488	0.262222	0.255605	0.258964	0.290196	0.217391	0.268908	0.254630	0.288660	0.254167	0.267442	0.233202	0.236434	0.235521	0.230769	0.249012	0.000000	0.241107	0.256000	0.189655	0.261224	0.225681	0.281746	0.221374	0.256000	0.260465	0.227848	0.212121	0.274131	0.262548	0.281513	0.223684	0.219917	0.235294	0.228814	0.272727	0.282353	0.241860	0.244186	0.142857	0.235537	0.306011	0.309211	0.228261	0.666667	0.515464	0.407115	0.424107	0.427885	0.500000	0.407258	0.530612	0.451220	0.445415	0.478992	0.571429	0.450980	0.437500	0.452632	0.441176	0.484848	0.418605	0.468254	0.473988	0.429752	0.453390	0.433594	0.434959	0.428000	0.459144	0.428016	0.444882	0.583333	0.474510	0.449339	0.500000	0.446215	0.465863	0.466667	0.446281	0.441065	0.420849	0.700000	0.472222	0.438819	0.448276	0.465863	0.448413	0.504950	0.440945	0.425287	0.450593	0.514286	0.453061	0.441176	0.461847	0.405512	0.491150	0.433198	0.407843	0.438017	0.416667	0.424000	0.493023	0.433198	0.432653	0.472441	0.423237	0.432099	0.435115	0.448980	0.466926	0.464567	0.452586	0.450292	0.432950	0.414062	0.477178	0.471042	0.397590	0.510204	0.451362	0.452107	
0.352941	0.190476	0.235294	0.228571	0.281250	0.194444	0.000000	0.235294	0.218750	0.333333	0.228571	0.190476	0.250000	0.241379	0.314286	0.151515	0.285714	0.333333	0.285714	0.212121	0.277778	0.264706	0.194444	0.342857	0.250000	0.277778	0.228571	0.361111	0.222222	0.264706	0.212121	0.235294	0.305556	0.314286	0.285714	0.303030	0.176471	0.225806	0.200000	0.333333	0.250000	0.322581	0.194444	0.114286	0.205882	0.285714	0.228571	0.272727	0.206897	0.277778	0.264706	0.277778	0.242424	0.250000	0.205882	0.222222	0.218750	0.242424	0.285714	0.228571	0.285714	0.171429	0.114286	0.242424	0.187500	0.200000	0.000000	0.264706	0.181818	0.304348	0.257143	0.285714	0.194444	0.083333	0.285714	0.121212	0.314286	0.142857	0.222222	0.257143	0.151515	0.257143	0.194444	0.171429	0.294118	0.269231	0.354839	0.218750	0.285714	0.260870	0.250000	0.272727	0.200000	0.352941	1.000000	0.235294	0.468750	0.541667	0.423077	0.333333	0.617647	0.250000	0.160000	0.433333	0.466667	0.411765	0.542857	0.680000	0.500000	0.451613	0.375000	0.542857	0.562500	0.480000	0.483871	0.558824	0.411765	0.515152	0.612903	0.555556	0.441176	0.617647	0.000000	0.500000	0.419355	0.515152	0.500000	0.545455	0.571429	0.666667	0.514286	0.529412	0.333333	0.656250	0.451613	0.419355	0.666667	0.437500	0.434783	0.500000	0.527778	0.606061	0.450000	0.548387	0.516129	0.606061	0.500000	0.545455	0.290323	0.545455	0.448276	0.562500	0.531250	0.407407	0.411765	0.500000	0.500000	0.379310	0.677419	0.527778	0.441176	0.515152	0.545455	0.620690	0.434783	0.571429	0.484848	0.566667	0.500000	0.588235	0.400000	0.545455	0.500000	
0.218905	0.272727	0.247104	0.199187	0.222892	0.206009	0.235294	0.000000	0.198895	0.275304	0.256000	0.206897	0.258555	0.264368	0.244541	0.248000	0.266409	0.206349	0.197719	0.197674	0.229885	0.212355	0.199029	0.274262	0.218274	0.259690	0.242308	0.218391	0.242188	0.203125	0.230435	0.217899	0.207373	0.246212	0.171053	0.219697	0.231638	0.230769	0.188976	0.200000	0.247573	0.244604	0.187023	0.206897	0.215768	0.195402	0.175097	0.194969	0.200000	0.228137	0.223744	0.194690	0.214912	0.242915	0.220930	0.195312	0.244094	0.238739	0.229167	0.254098	0.249042	0.224806	0.257692	0.218391	0.172414	0.218254	0.200000	0.252918	0.214286	0.137931	0.202479	0.203846	0.234127	0.219697	0.250000	0.231481	0.200000	0.203704	0.267176	0.237548	0.201681	0.211454	0.231092	0.229508	0.174468	0.254545	0.209302	0.210046	0.222222	0.173913	0.219008	0.189474	0.207792	0.191489	0.500000	0.490000	0.385827	0.428571	0.367925	0.500000	0.415323	0.461538	0.393258	0.445887	0.448133	0.494624	0.464567	0.436214	0.423469	0.439331	0.507246	0.424710	0.454902	0.468571	0.430328	0.443038	0.381323	0.408163	0.407115	0.403101	0.410853	0.459144	0.388889	0.441860	0.442478	0.438017	0.433071	0.447581	0.414062	0.419753	0.422642	0.382576	0.590909	0.438735	0.419492	0.452991	0.462151	0.433071	0.416244	0.410156	0.422053	0.470588	0.421769	0.483871	0.432773	0.448000	0.431373	0.429204	0.395918	0.386100	0.454918	0.433071	0.356863	0.478873	0.444000	0.432653	0.423529	0.438017	0.435484	0.424242	0.447581	0.437984	0.439216	0.413793	0.450292	0.461832	0.439689	0.448133	0.438462	0.428571	0.464646	0.444015	0.425856	
0.248521	0.187500	0.235294	0.207921	0.224638	0.277487	0.218750	0.198895	0.000000	0.231156	0.226601	0.200000	0.224390	0.239437	0.211111	0.212121	0.253659	0.221649	0.217391	0.201970	0.240196	0.240196	0.251497	0.269841	0.230769	0.165854	0.229268	0.184466	0.195122	0.216080	0.215054	0.181373	0.192982	0.258373	0.243386	0.224138	0.242857	0.194175	0.227053	0.188482	0.219780	0.297297	0.217391	0.281553	0.255319	0.245098	0.222222	0.246154	0.272727	0.207729	0.184524	0.274725	0.179894	0.227723	0.211823	0.195122	0.201835	0.208556	0.200000	0.212766	0.252427	0.199029	0.209756	0.187192	0.207547	0.192118	0.000000	0.230000	0.235000	0.163636	0.247423	0.234146	0.248756	0.215311	0.216749	0.196721	0.250000	0.242424	0.207729	0.268293	0.242268	0.255435	0.197917	0.206186	0.223404	0.346154	0.263158	0.206897	0.229268	0.162791	0.212435	0.195946	0.221374	0.221519	0.600000	0.472973	0.459596	0.485714	0.480519	0.250000	0.456853	0.595238	0.391892	0.470270	0.475410	0.573770	0.427861	0.420213	0.411348	0.475676	0.509804	0.475490	0.482587	0.482014	0.446809	0.464481	0.458128	0.476684	0.449495	0.433498	0.458128	0.490196	0.666667	0.487562	0.480663	0.518717	0.502488	0.494845	0.415000	0.470270	0.454545	0.409756	0.529412	0.479592	0.440217	0.456522	0.479381	0.411168	0.466216	0.497561	0.451923	0.522167	0.472222	0.445026	0.470588	0.528497	0.487437	0.452381	0.434555	0.453659	0.429319	0.455000	0.430000	0.481928	0.458763	0.453608	0.480000	0.438503	0.447917	0.451923	0.489796	0.458537	0.457286	0.475138	0.480916	0.468599	0.495050	0.450549	0.490196	0.455959	0.523490	0.463054	0.386473	
0.240909	0.303030	0.246377	0.235075	0.242775	0.232000	0.333333	0.275304	0.231156	0.000000	0.223443	0.172414	0.214286	0.186047	0.246964	0.221805	0.251799	0.221805	0.227758	0.217391	0.245487	0.251799	0.218605	0.253968	0.259434	0.212230	0.254480	0.231884	0.237226	0.234432	0.229839	0.253623	0.235043	0.262411	0.243802	0.233577	0.250000	0.179487	0.235294	0.218391	0.231818	0.273973	0.284173	0.271429	0.244094	0.230216	0.258182	0.233533	0.212963	0.225000	0.232456	0.257261	0.225532	0.217228	0.230769	0.218978	0.218750	0.202532	0.193878	0.234375	0.262590	0.256410	0.226619	0.219424	0.218487	0.260073	0.200000	0.273723	0.271375	0.237288	0.283019	0.242857	0.282528	0.241135	0.217228	0.256637	0.229249	0.200000	0.258993	0.232975	0.284047	0.262500	0.263566	0.238281	0.256000	0.298246	0.188889	0.255319	0.222222	0.224490	0.210728	0.238342	0.248521	0.233503	0.666667	0.544554	0.466912	0.466387	0.513514	0.250000	0.490566	0.666667	0.535714	0.475806	0.519380	0.687500	0.487085	0.486486	0.495098	0.484375	0.521739	0.478417	0.488971	0.548913	0.459770	0.470356	0.489130	0.498099	0.449814	0.471014	0.471223	0.536496	0.692308	0.516245	0.473029	0.521236	0.470370	0.550943	0.467153	0.482353	0.526502	0.473118	0.600000	0.468635	0.494118	0.500000	0.500000	0.461255	0.539535	0.510949	0.467857	0.512821	0.551948	0.488636	0.482353	0.486891	0.483516	0.516393	0.467681	0.509091	0.477099	0.496324	0.459259	0.504348	0.481203	0.501901	0.485294	0.526923	0.462121	0.478723	0.482890	0.471014	0.487179	0.463415	0.469613	0.489286	0.459854	0.453488	0.541219	0.453184	0.523364	0.505415	0.439286	
0.291480	0.218750	0.274021	0.267399	0.227273	0.227092	0.228571	0.256000	0.226601	0.223443	0.000000	0.137931	0.235915	0.220930	0.285714	0.219331	0.255319	0.230483	0.248252	0.242857	0.255319	0.279152	0.279070	0.254902	0.241706	0.244681	0.229682	0.278571	0.230216	0.218638	0.252000	0.242857	0.228448	0.303136	0.252033	0.231884	0.252747	0.250000	0.241877	0.259398	0.271889	0.238095	0.257951	0.309859	0.304688	0.240283	0.242754	0.297619	0.276190	0.277193	0.251101	0.266129	0.247934	0.273063	0.276978	0.237410	0.215385	0.257384	0.160000	0.248092	0.226148	0.269784	0.236749	0.209220	0.229508	0.270073	0.000000	0.208633	0.262774	0.241379	0.261194	0.193662	0.273063	0.250871	0.252747	0.303030	0.247059	0.217143	0.239437	0.236749	0.261538	0.262500	0.266160	0.218391	0.268775	0.275862	0.211111	0.243590	0.267606	0.145833	0.237736	0.238579	0.261905	0.216080	0.200000	0.476636	0.456835	0.483607	0.460177	0.250000	0.453875	0.526316	0.426966	0.426877	0.444444	0.563107	0.431159	0.473485	0.469484	0.461538	0.638889	0.432624	0.492806	0.518519	0.481061	0.507752	0.476868	0.460967	0.458182	0.444840	0.471631	0.489286	0.375000	0.475000	0.495935	0.522727	0.476364	0.522222	0.519713	0.459770	0.475694	0.455830	0.500000	0.487273	0.455253	0.500000	0.492701	0.423913	0.493088	0.505376	0.484211	0.492806	0.509677	0.490706	0.457692	0.494465	0.453237	0.508065	0.406015	0.476868	0.439850	0.494585	0.447273	0.474138	0.429630	0.477612	0.494585	0.486792	0.477444	0.463415	0.492537	0.476868	0.482014	0.480159	0.478261	0.477193	0.473118	0.482759	0.501767	0.457565	0.518349	0.477032	0.445614	
0.172414	0.250000	0.222222	0.142857	0.153846	0.068966	0.190476	0.206897	0.200000	0.172414	0.137931	0.000000	0.103448	0.222222	0.241379	0.185185	0.214286	0.137931	0.107143	0.259259	0.137931	0.250000	0.241379	0.241379	0.153846	0.241379	0.250000	0.206897	0.172414	0.107143	0.172414	0.148148	0.206897	0.250000	0.206897	0.230769	0.125000	0.148148	0.103448	0.206897	0.259259	0.107143	0.178571	0.142857	0.250000	0.142857	0.137931	0.333333	0.166667	0.172414	0.206897	0.321429	0.172414	0.241379	0.172414	0.172414	0.115385	0.172414	0.142857	0.206897	0.137931	0.107143	0.214286	0.148148	0.230769	0.137931	0.000000	0.250000	0.222222	0.263158	0.172414	0.206897	0.206897	0.137931	0.172414	0.034483	0.296296	0.103448	0.241379	0.137931	0.111111	0.103448	0.206897	0.206897	0.137931	0.208333	0.130435	0.214286	0.178571	0.062500	0.153846	0.269231	0.291667	0.148148	0.500000	0.428571	0.423077	0.315789	0.400000	0.000000	0.407407	0.222222	0.176471	0.538462	0.640000	0.545455	0.518519	0.578947	0.619048	0.458333	0.636364	0.464286	0.680000	0.500000	0.307692	0.576923	0.448276	0.333333	0.464286	0.620690	0.428571	0.600000	0.000000	0.518519	0.565217	0.500000	0.592593	0.500000	0.551724	0.640000	0.535714	0.535714	0.250000	0.520000	0.600000	0.440000	0.518519	0.560000	0.523810	0.518519	0.551724	0.653846	0.533333	0.625000	0.520000	0.464286	0.481481	0.500000	0.423077	0.500000	0.500000	0.480000	0.518519	0.555556	0.448276	0.521739	0.448276	0.434783	0.500000	0.517241	0.428571	0.535714	0.615385	0.608696	0.588235	0.642857	0.458333	0.695652	0.592593	0.517241	0.444444	0.538462	0.551724	
0.221239	0.281250	0.218430	0.257143	0.204420	0.203065	0.250000	0.258555	0.224390	0.214286	0.235915	0.103448	0.000000	0.247191	0.211765	0.223404	0.210169	0.199288	0.208054	0.217241	0.250000	0.282313	0.222222	0.221805	0.230769	0.253425	0.274576	0.212329	0.238754	0.193772	0.248092	0.249147	0.228216	0.224080	0.253906	0.220690	0.246073	0.226891	0.228374	0.203704	0.252174	0.240000	0.219595	0.222973	0.244361	0.214286	0.253472	0.241379	0.171171	0.218855	0.230126	0.237154	0.235060	0.237589	0.226804	0.207018	0.227273	0.253012	0.227723	0.243542	0.202703	0.199313	0.224490	0.199324	0.274194	0.226950	0.200000	0.230241	0.233216	0.241379	0.212996	0.221088	0.242105	0.227425	0.278169	0.231405	0.224719	0.186441	0.213559	0.229730	0.255556	0.231076	0.250000	0.234432	0.244361	0.338983	0.224719	0.201646	0.265993	0.208333	0.236162	0.250000	0.239521	0.220588	0.333333	0.509091	0.435986	0.419608	0.417722	0.250000	0.429078	0.573770	0.419355	0.431298	0.487179	0.495146	0.446367	0.423913	0.459091	0.474265	0.472973	0.435374	0.474048	0.517766	0.411552	0.487085	0.421233	0.432143	0.435088	0.426621	0.443686	0.458904	0.555556	0.500000	0.468992	0.481752	0.425087	0.496454	0.467354	0.466912	0.466667	0.413559	0.636364	0.442509	0.449814	0.462406	0.445614	0.440972	0.491228	0.467354	0.471380	0.503448	0.448485	0.460993	0.416974	0.460993	0.427586	0.457364	0.388489	0.426621	0.437276	0.456747	0.425087	0.485714	0.457447	0.455197	0.453287	0.423913	0.448029	0.411371	0.471429	0.431973	0.444828	0.441065	0.425641	0.441077	0.446735	0.450549	0.464407	0.411972	0.495575	0.445578	0.430976	
0.219512	0.240000	0.218391	0.168675	0.200000	0.294872	0.241379	0.264368	0.239437	0.186047	0.220930	0.222222	0.247191	0.000000	0.238095	0.204545	0.134831	0.222222	0.258427	0.223529	0.157303	0.181818	0.271605	0.255814	0.280488	0.229885	0.193182	0.247191	0.166667	0.272727	0.253165	0.195402	0.262500	0.179775	0.333333	0.246154	0.246377	0.178571	0.202247	0.231707	0.228916	0.250000	0.204545	0.247191	0.271605	0.261364	0.247191	0.246377	0.265306	0.227273	0.234568	0.195122	0.154762	0.170455	0.209302	0.226190	0.196970	0.243902	0.259259	0.139535	0.159091	0.195402	0.191011	0.172414	0.240741	0.229885	0.000000	0.235955	0.216867	0.216216	0.209302	0.193182	0.172414	0.188889	0.188889	0.256098	0.197674	0.205882	0.181818	0.255814	0.241379	0.231707	0.172840	0.192771	0.280488	0.111111	0.173077	0.256410	0.206897	0.212121	0.166667	0.171053	0.171875	0.267606	0.428571	0.410256	0.392857	0.418919	0.485714	0.000000	0.383721	0.535714	0.437500	0.407407	0.432099	0.500000	0.423529	0.402597	0.439394	0.457831	0.375000	0.443182	0.440476	0.430769	0.475000	0.448718	0.393258	0.458824	0.425287	0.397727	0.465909	0.435294	0.363636	0.488636	0.369863	0.475610	0.448276	0.525000	0.477273	0.506329	0.516854	0.449438	0.357143	0.524390	0.481013	0.379747	0.447059	0.411765	0.412698	0.482759	0.466667	0.494118	0.541667	0.592593	0.444444	0.448276	0.448276	0.467532	0.371795	0.438202	0.333333	0.406977	0.423529	0.358209	0.453488	0.414634	0.523256	0.519481	0.435294	0.466667	0.440476	0.454545	0.551724	0.447368	0.465517	0.483146	0.411765	0.486486	0.431818	0.481928	0.475410	0.459770	0.433333	
0.267677	0.241379	0.254902	0.279835	0.269939	0.258929	0.314286	0.244541	0.211111	0.246964	0.285714	0.241379	0.211765	0.238095	0.000000	0.237500	0.236220	0.237500	0.237354	0.248000	0.267717	0.262745	0.263959	0.216450	0.282723	0.259843	0.278431	0.235294	0.252000	0.266932	0.266667	0.273810	0.241860	0.275194	0.252252	0.244444	0.269006	0.209091	0.250000	0.256198	0.234694	0.323944	0.200787	0.245136	0.254310	0.260700	0.237154	0.260606	0.165049	0.219608	0.226415	0.251163	0.252294	0.259259	0.232283	0.267206	0.241935	0.237209	0.263158	0.234043	0.242188	0.224409	0.223529	0.233202	0.263636	0.218623	0.200000	0.228000	0.235537	0.241379	0.261411	0.250000	0.288618	0.228682	0.226721	0.257282	0.218884	0.274390	0.258824	0.279528	0.296610	0.211009	0.239130	0.264463	0.248927	0.303571	0.261905	0.266667	0.254902	0.229167	0.248963	0.248555	0.285714	0.219101	0.750000	0.521277	0.496000	0.470320	0.467662	0.250000	0.464730	0.647059	0.448276	0.511211	0.510730	0.566667	0.465587	0.497890	0.494681	0.523605	0.558824	0.482213	0.502008	0.556886	0.460251	0.514894	0.464286	0.520833	0.469636	0.462451	0.486275	0.512000	0.562500	0.498008	0.500000	0.502128	0.461538	0.514523	0.472222	0.512931	0.528958	0.453125	0.750000	0.502024	0.508547	0.502183	0.510204	0.469880	0.536946	0.508000	0.472868	0.540000	0.506757	0.524793	0.467811	0.514403	0.530120	0.493274	0.451883	0.494024	0.487500	0.491935	0.455285	0.502439	0.504132	0.462500	0.528226	0.527660	0.479167	0.503876	0.493776	0.490119	0.484000	0.452915	0.511905	0.488281	0.478088	0.466387	0.480469	0.463415	0.492386	0.478261	0.464844	
0.251142	0.121212	0.250896	0.245353	0.234286	0.267206	0.151515	0.248000	0.212121	0.221805	0.219331	0.185185	0.223404	0.204545	0.237500	0.000000	0.242857	0.204461	0.222615	0.210145	0.241135	0.271429	0.203791	0.238095	0.267281	0.205776	0.234043	0.223022	0.253623	0.257246	0.204819	0.200000	0.183406	0.268293	0.241935	0.223022	0.256831	0.181034	0.234657	0.217054	0.215859	0.211268	0.205674	0.265018	0.205534	0.217857	0.208029	0.214724	0.231481	0.208481	0.191304	0.232365	0.252066	0.218519	0.208633	0.216912	0.193798	0.223629	0.206186	0.197674	0.273050	0.215054	0.218638	0.215548	0.186992	0.282528	0.200000	0.219424	0.204380	0.206897	0.235741	0.242857	0.237037	0.216783	0.210909	0.250000	0.221790	0.207101	0.219858	0.234043	0.275862	0.241667	0.220472	0.229885	0.238095	0.155172	0.206897	0.217021	0.227758	0.224490	0.186047	0.191919	0.230303	0.182741	0.666667	0.500000	0.443636	0.466942	0.462222	0.500000	0.446097	0.533333	0.478261	0.455645	0.461538	0.571429	0.450909	0.463878	0.449761	0.463320	0.457143	0.453571	0.487273	0.475936	0.471483	0.492188	0.424460	0.443609	0.472325	0.444444	0.439286	0.483755	0.500000	0.465950	0.434426	0.471264	0.452555	0.494424	0.444043	0.453488	0.461538	0.421986	0.636364	0.450549	0.482353	0.444882	0.523985	0.450549	0.467593	0.501805	0.438163	0.474638	0.477707	0.468165	0.468992	0.472119	0.467391	0.497942	0.443182	0.462366	0.424242	0.490909	0.465201	0.456897	0.460967	0.439850	0.454545	0.473485	0.479245	0.463158	0.464419	0.444444	0.474638	0.448000	0.470270	0.459364	0.454874	0.444015	0.483986	0.425926	0.488372	0.471429	0.409894	
0.262443	0.250000	0.246575	0.236559	0.201117	0.256809	0.285714	0.266409	0.253659	0.251799	0.255319	0.214286	0.210169	0.134831	0.236220	0.242857	0.000000	0.225806	0.290541	0.268293	0.267123	0.272109	0.252252	0.271698	0.253456	0.268966	0.285714	0.222603	0.253472	0.263889	0.283525	0.257732	0.263598	0.298658	0.294118	0.179310	0.253968	0.201681	0.244755	0.223048	0.301310	0.229730	0.230508	0.280405	0.219697	0.249147	0.255245	0.267442	0.245455	0.254237	0.247899	0.247012	0.200803	0.224199	0.242215	0.249123	0.153846	0.265306	0.234694	0.230483	0.214286	0.262976	0.262799	0.219595	0.243902	0.234875	0.000000	0.261168	0.291815	0.245614	0.239130	0.238095	0.255319	0.251678	0.228873	0.267782	0.226415	0.264368	0.289116	0.257627	0.244444	0.255061	0.232210	0.238095	0.277567	0.224138	0.227273	0.244813	0.277966	0.166667	0.239852	0.258706	0.275449	0.227723	0.444444	0.472727	0.440972	0.419608	0.411017	0.250000	0.422535	0.524590	0.408602	0.452107	0.446886	0.539216	0.423611	0.420290	0.409091	0.439114	0.445946	0.409556	0.467128	0.472081	0.436364	0.448148	0.398625	0.412186	0.426056	0.414384	0.452055	0.472414	0.333333	0.484536	0.414062	0.476364	0.472028	0.476868	0.426117	0.441176	0.464883	0.408163	0.363636	0.447552	0.438662	0.417293	0.450704	0.447552	0.441048	0.470790	0.449324	0.501730	0.463855	0.465950	0.429630	0.473310	0.425606	0.445736	0.402878	0.448980	0.429603	0.423611	0.425087	0.448560	0.444840	0.449640	0.479167	0.427007	0.428058	0.426174	0.433692	0.442177	0.462069	0.423664	0.487047	0.422297	0.451724	0.441176	0.455782	0.429078	0.448889	0.436860	0.422297	
0.230415	0.272727	0.241877	0.179104	0.225434	0.216867	0.333333	0.206349	0.221649	0.221805	0.230483	0.137931	0.199288	0.222222	0.237500	0.204461	0.225806	0.000000	0.184397	0.193431	0.193548	0.215827	0.238318	0.222222	0.234742	0.239130	0.239286	0.207273	0.247273	0.215328	0.204000	0.208633	0.220779	0.243816	0.214575	0.198582	0.244565	0.230769	0.226277	0.201550	0.220183	0.237410	0.225000	0.224199	0.207171	0.207885	0.193431	0.198795	0.194444	0.202847	0.251082	0.233333	0.243802	0.198502	0.199275	0.188889	0.215385	0.214592	0.254902	0.210938	0.197133	0.189091	0.222222	0.240143	0.214876	0.216418	0.200000	0.211679	0.238806	0.172414	0.249042	0.207143	0.194030	0.201413	0.202952	0.200873	0.204724	0.219101	0.204301	0.232143	0.206226	0.233333	0.211765	0.226562	0.212000	0.300000	0.127907	0.214592	0.221429	0.183673	0.185328	0.215385	0.257669	0.220513	0.444444	0.504854	0.458182	0.460251	0.438914	0.250000	0.471910	0.553571	0.400000	0.449393	0.490421	0.546392	0.483516	0.467433	0.447115	0.468750	0.492958	0.478417	0.487179	0.518919	0.458015	0.501961	0.434783	0.454545	0.479554	0.469314	0.429603	0.490909	0.470588	0.460145	0.469136	0.492248	0.468635	0.503759	0.471223	0.472868	0.450704	0.390681	0.545455	0.472325	0.474308	0.498008	0.488889	0.433824	0.509259	0.490909	0.451957	0.487273	0.503226	0.454887	0.453125	0.466165	0.448905	0.475610	0.452471	0.458484	0.492366	0.457875	0.448529	0.493450	0.468165	0.437262	0.479853	0.455939	0.477099	0.438163	0.496212	0.433213	0.500000	0.449393	0.434066	0.512456	0.462094	0.461240	0.469534	0.434944	0.509434	0.474820	0.462633	
0.213333	0.187500	0.233898	0.242958	0.245902	0.230769	0.285714	0.197719	0.217391	0.227758	0.248252	0.107143	0.208054	0.258427	0.237354	0.222615	0.290541	0.184397	0.000000	0.160959	0.229730	0.261745	0.204444	0.251880	0.240909	0.250847	0.239057	0.221843	0.216495	0.196552	0.232824	0.206780	0.161157	0.269103	0.204633	0.267123	0.192708	0.193277	0.210345	0.227941	0.228448	0.221477	0.231544	0.244966	0.213483	0.231544	0.228374	0.195402	0.207207	0.211409	0.204167	0.267717	0.198413	0.238596	0.205479	0.240418	0.225564	0.236000	0.247525	0.242647	0.212121	0.226027	0.203390	0.236486	0.264000	0.226148	0.200000	0.212329	0.231579	0.220339	0.193548	0.242424	0.242105	0.232558	0.237762	0.228216	0.212687	0.216667	0.238255	0.228956	0.228782	0.212000	0.274074	0.229927	0.188679	0.322034	0.204545	0.213992	0.248322	0.183673	0.186813	0.210784	0.260355	0.233010	0.250000	0.464286	0.408935	0.434109	0.441176	0.250000	0.447183	0.507937	0.427083	0.458333	0.472727	0.500000	0.417241	0.455197	0.423423	0.458182	0.486486	0.456081	0.460481	0.502513	0.428058	0.481618	0.455782	0.439716	0.459930	0.456081	0.430508	0.474403	0.450000	0.459184	0.484615	0.467391	0.422145	0.482394	0.436860	0.425455	0.425743	0.410774	0.541667	0.429066	0.457565	0.496269	0.484321	0.418685	0.460870	0.460751	0.434783	0.472603	0.479042	0.441696	0.427007	0.450704	0.462329	0.469231	0.439286	0.465986	0.439286	0.443299	0.404844	0.481781	0.475352	0.412811	0.439863	0.446043	0.446429	0.431894	0.448763	0.420339	0.452055	0.464151	0.436548	0.481605	0.430034	0.432727	0.464646	0.442105	0.484581	0.439189	0.454849	
0.208145	0.218750	0.216783	0.231884	0.228571	0.225681	0.212121	0.197674	0.201970	0.217391	0.242857	0.259259	0.217241	0.223529	0.248000	0.210145	0.268293	0.193431	0.160959	0.000000	0.222997	0.229167	0.212670	0.240310	0.225806	0.235294	0.221453	0.213287	0.202128	0.215548	0.221344	0.240418	0.164557	0.252560	0.216000	0.188406	0.227027	0.228814	0.202847	0.194757	0.207207	0.260274	0.239583	0.259516	0.205323	0.239583	0.234043	0.178571	0.194444	0.238754	0.190476	0.276000	0.207317	0.185455	0.210526	0.199288	0.223077	0.215768	0.220000	0.215094	0.252595	0.228070	0.191638	0.225694	0.231405	0.250896	0.000000	0.250000	0.221429	0.224138	0.186131	0.193772	0.277978	0.212329	0.187726	0.227468	0.238462	0.227273	0.208333	0.250000	0.264151	0.252000	0.250000	0.233962	0.194553	0.293103	0.197674	0.239496	0.245675	0.204082	0.224719	0.205000	0.210843	0.203980	0.600000	0.490566	0.439716	0.476000	0.463203	0.250000	0.458182	0.603448	0.433333	0.447059	0.477444	0.520000	0.459075	0.466667	0.441860	0.475472	0.528571	0.449477	0.477032	0.513089	0.462963	0.490566	0.452632	0.454212	0.448029	0.433566	0.430070	0.482394	0.625000	0.459649	0.444444	0.494382	0.441281	0.478261	0.464789	0.454887	0.465986	0.437931	0.476190	0.460714	0.438931	0.482625	0.449640	0.444840	0.433036	0.461268	0.426117	0.484099	0.500000	0.459854	0.445283	0.469091	0.459364	0.454183	0.431734	0.461538	0.448529	0.443262	0.414286	0.478992	0.443636	0.459559	0.448763	0.453532	0.448529	0.421233	0.450549	0.432056	0.462898	0.443580	0.470899	0.462069	0.449123	0.432331	0.472222	0.444043	0.472477	0.435540	0.437931	
0.231111	0.290323	0.257732	0.215827	0.175824	0.224806	0.277778	0.229885	0.240196	0.245487	0.255319	0.137931	0.250000	0.157303	0.267717	0.241135	0.267123	0.193548	0.229730	0.222997	0.000000	0.239726	0.246637	0.231061	0.278539	0.283737	0.251701	0.241379	0.254355	0.261324	0.255725	0.233677	0.225941	0.251678	0.247059	0.255172	0.263158	0.241667	0.220280	0.237918	0.238095	0.268456	0.234694	0.255102	0.244361	0.222603	0.228070	0.232558	0.245455	0.223729	0.248945	0.215139	0.228916	0.241993	0.252595	0.204225	0.213740	0.219512	0.188119	0.223048	0.234694	0.235294	0.213058	0.218430	0.290323	0.254480	0.000000	0.249135	0.234875	0.189655	0.228261	0.208904	0.234043	0.245791	0.216312	0.257261	0.225564	0.207865	0.242321	0.261905	0.235075	0.256000	0.229323	0.238971	0.248120	0.322034	0.168539	0.255230	0.250847	0.125000	0.225926	0.277228	0.248521	0.275862	0.444444	0.454545	0.477352	0.464567	0.457983	0.250000	0.457143	0.523810	0.410526	0.450000	0.483395	0.568627	0.459930	0.474453	0.426606	0.462963	0.527027	0.465753	0.498258	0.494949	0.450909	0.488889	0.455172	0.474820	0.484099	0.474227	0.463918	0.489655	0.400000	0.465517	0.490272	0.533088	0.473684	0.496429	0.465517	0.492593	0.456376	0.419795	0.375000	0.498246	0.526119	0.452830	0.498233	0.444056	0.486957	0.480969	0.449324	0.486111	0.518293	0.525000	0.462963	0.500000	0.480969	0.525292	0.456522	0.503448	0.458484	0.428571	0.463158	0.497942	0.500000	0.469314	0.498258	0.489051	0.483755	0.471380	0.485612	0.474227	0.522491	0.490421	0.497462	0.508475	0.494810	0.516605	0.484642	0.475177	0.482143	0.482877	0.456081	
0.276018	0.129032	0.241497	0.234043	0.191011	0.279070	0.264706	0.212355	0.240196	0.251799	0.279152	0.250000	0.282313	0.181818	0.262745	0.271429	0.272109	0.215827	0.261745	0.229167	0.239726	0.000000	0.233184	0.218868	0.261468	0.192440	0.264407	0.226804	0.243056	0.228374	0.219231	0.259386	0.240664	0.211409	0.246094	0.251748	0.264550	0.273504	0.253472	0.215613	0.227074	0.277027	0.210884	0.257627	0.253788	0.219595	0.206294	0.244186	0.201835	0.233898	0.278481	0.264000	0.244980	0.255319	0.234483	0.224561	0.224806	0.239837	0.204082	0.223048	0.261017	0.252595	0.236301	0.248299	0.213115	0.221429	0.000000	0.241379	0.265957	0.155172	0.259928	0.194539	0.226950	0.251678	0.222615	0.262500	0.244361	0.272727	0.234694	0.229730	0.197761	0.241935	0.219331	0.261993	0.221374	0.245614	0.195402	0.257261	0.255102	0.250000	0.236162	0.238806	0.215569	0.236453	0.500000	0.467890	0.451389	0.498039	0.474790	0.250000	0.487544	0.539683	0.404255	0.478927	0.481618	0.567308	0.496528	0.489130	0.481818	0.487085	0.493333	0.477816	0.510417	0.545918	0.480000	0.503704	0.463918	0.451613	0.489437	0.453925	0.462329	0.496552	0.450000	0.481100	0.464844	0.498168	0.496503	0.501779	0.472414	0.490842	0.466667	0.421769	0.500000	0.510490	0.481343	0.505660	0.496479	0.465035	0.504386	0.493103	0.479730	0.529412	0.479042	0.508961	0.450185	0.519573	0.463668	0.484375	0.444043	0.477663	0.516245	0.482639	0.454545	0.489712	0.485816	0.478417	0.510417	0.480000	0.474820	0.476510	0.503571	0.476027	0.501730	0.467681	0.520619	0.496622	0.503448	0.498168	0.479592	0.460993	0.506726	0.484642	0.476351	
0.252874	0.060606	0.216216	0.219048	0.224490	0.216080	0.194444	0.199029	0.251497	0.218605	0.279070	0.241379	0.222222	0.271605	0.263959	0.203791	0.252252	0.238318	0.204444	0.212670	0.246637	0.233184	0.000000	0.195122	0.235955	0.230769	0.272321	0.219731	0.232877	0.213636	0.283505	0.236364	0.231579	0.274336	0.240838	0.270492	0.227273	0.219048	0.238532	0.221675	0.228571	0.218487	0.226667	0.250000	0.214634	0.203620	0.225806	0.235714	0.186813	0.197309	0.228723	0.222222	0.255208	0.218605	0.237443	0.240909	0.221239	0.201031	0.241758	0.255924	0.221719	0.269406	0.214286	0.198198	0.256881	0.232558	0.200000	0.230769	0.201878	0.113208	0.201923	0.247748	0.236364	0.235556	0.194313	0.243094	0.171569	0.226277	0.209821	0.223214	0.241546	0.200000	0.200000	0.247573	0.208955	0.245283	0.265823	0.204301	0.264574	0.250000	0.223301	0.226190	0.273381	0.197605	0.714286	0.500000	0.449541	0.484375	0.500000	0.333333	0.474178	0.489796	0.400000	0.500000	0.497585	0.589041	0.481651	0.473171	0.432099	0.450495	0.534483	0.454955	0.534562	0.503401	0.485849	0.502463	0.456621	0.473934	0.514019	0.470588	0.445946	0.497738	0.400000	0.504545	0.434343	0.514851	0.529954	0.537736	0.470320	0.482927	0.482301	0.434978	0.684211	0.476636	0.475490	0.485000	0.516279	0.467593	0.508876	0.468182	0.493333	0.518519	0.487395	0.490566	0.444444	0.473934	0.472477	0.484694	0.414286	0.472477	0.473934	0.495413	0.488372	0.508108	0.471963	0.476190	0.452489	0.480583	0.478261	0.495575	0.519048	0.441441	0.474886	0.445545	0.506757	0.513393	0.477064	0.456311	0.544643	0.443925	0.473054	0.488688	0.471111	
0.266010	0.181818	0.250000	0.280632	0.229412	0.248945	0.342857	0.274262	0.269841	0.253968	0.254902	0.241379	0.221805	0.255814	0.216450	0.238095	0.271698	0.222222	0.251880	0.240310	0.231061	0.218868	0.195122	0.000000	0.257426	0.240458	0.258427	0.235741	0.278626	0.226923	0.264706	0.247148	0.267857	0.238806	0.258621	0.253623	0.267045	0.238938	0.265385	0.229508	0.268868	0.275862	0.246212	0.275472	0.224066	0.237736	0.249042	0.196203	0.207921	0.218868	0.231818	0.226087	0.275109	0.255906	0.275862	0.243243	0.276423	0.236842	0.231579	0.284553	0.242424	0.249042	0.207547	0.218045	0.272727	0.236434	0.200000	0.249042	0.238095	0.178571	0.270916	0.231061	0.294118	0.257463	0.200000	0.279279	0.221757	0.244048	0.240602	0.251880	0.223140	0.180617	0.247934	0.279352	0.238494	0.285714	0.178571	0.250000	0.276515	0.255319	0.241935	0.304348	0.261146	0.174157	0.444444	0.475728	0.448276	0.491379	0.485981	0.250000	0.468750	0.603774	0.432099	0.485106	0.514403	0.602151	0.492308	0.506073	0.451282	0.493776	0.500000	0.498113	0.519231	0.550000	0.500000	0.508264	0.492424	0.494024	0.521569	0.490494	0.479087	0.530769	0.500000	0.494253	0.456522	0.506122	0.496124	0.515873	0.490421	0.493927	0.494424	0.431818	0.700000	0.517510	0.508197	0.504202	0.525292	0.490272	0.532020	0.528736	0.471910	0.542308	0.513514	0.486056	0.460905	0.503937	0.490494	0.465217	0.453441	0.479087	0.487903	0.482625	0.476562	0.502304	0.505929	0.484000	0.500000	0.520161	0.497992	0.473881	0.505929	0.496212	0.488550	0.484979	0.508571	0.513109	0.461538	0.500000	0.503759	0.496032	0.515152	0.473485	0.511194	
0.244444	0.250000	0.210046	0.244131	0.227586	0.273632	0.250000	0.218274	0.230769	0.259434	0.241706	0.153846	0.230769	0.280488	0.282723	0.267281	0.253456	0.234742	0.240909	0.225806	0.278539	0.261468	0.235955	0.257426	0.000000	0.210046	0.244344	0.261468	0.236111	0.209302	0.270408	0.255708	0.235897	0.264574	0.246231	0.145299	0.270270	0.259615	0.232558	0.233831	0.267380	0.210526	0.240909	0.256757	0.258706	0.206422	0.214612	0.223077	0.175824	0.256757	0.262295	0.243655	0.195876	0.254630	0.258065	0.247664	0.218487	0.178571	0.174419	0.270531	0.237443	0.242009	0.287671	0.252294	0.198113	0.219626	0.000000	0.258065	0.274419	0.145455	0.238095	0.243119	0.271889	0.242152	0.237209	0.223404	0.222772	0.223022	0.263636	0.240909	0.234450	0.275000	0.248780	0.264706	0.233503	0.222222	0.250000	0.186170	0.228311	0.116279	0.212560	0.245283	0.261194	0.242424	0.800000	0.517647	0.455399	0.510870	0.438202	0.250000	0.507177	0.595238	0.414286	0.459184	0.487562	0.583333	0.483568	0.441176	0.464516	0.452261	0.578947	0.460829	0.485849	0.528986	0.426471	0.545918	0.458333	0.507317	0.466981	0.449074	0.481651	0.476636	0.400000	0.488479	0.505208	0.555556	0.511848	0.487923	0.472222	0.492462	0.488789	0.424658	0.500000	0.495238	0.477157	0.484536	0.480952	0.455399	0.475309	0.444954	0.495455	0.513761	0.415254	0.451456	0.435000	0.514563	0.462617	0.467742	0.458537	0.470046	0.492683	0.481308	0.416667	0.480874	0.439614	0.439614	0.478873	0.465686	0.441748	0.432432	0.461165	0.497717	0.462617	0.474227	0.469388	0.495455	0.493023	0.482412	0.502283	0.459330	0.506173	0.440367	0.463964	
