0.000000	0.094340	0.238494	0.256522	0.222420	0.233143	0.173684	0.236032	0.262270	0.282958	0.243386	0.126506	0.241747	0.330303	0.293612	0.259843	0.267303	0.235903	0.247379	0.240042	0.261328	0.241597	0.227216	0.255220	0.263240	0.237146	0.247639	0.251592	0.248104	0.268943	0.251126	0.254737	0.260274	0.240084	0.298670	0.228188	0.258675	0.230769	0.241782	0.261593	0.274820	0.331522	0.267016	0.285874	0.284653	0.264706	0.262658	0.328859	0.344000	0.255738	0.297668	0.311494	0.336155	0.275168	0.273684	0.312903	0.247401	0.295522	0.256849	0.269512	0.309069	0.282241	0.285714	0.274910	0.273782	0.274272	0.557692	0.259901	0.300961	0.285156	0.290011	0.284199	0.340378	0.305031	0.316629	0.323120	0.290168	0.290323	0.256410	0.298716	0.333753	0.326949	0.324706	0.247717	0.275145	0.333333	0.321839	0.251250	0.320652	0.161290	0.316486	0.238710	0.324275	0.321375	
0.094340	0.000000	0.096970	0.091463	0.117647	0.104294	0.092199	0.125000	0.211538	0.229814	0.117284	0.079710	0.095238	0.248322	0.268293	0.166667	0.450000	0.150000	0.112500	0.105590	0.120253	0.192308	0.141975	0.109677	0.098684	0.085366	0.124224	0.143750	0.134146	0.106250	0.151515	0.130435	0.253333	0.128834	0.407643	0.152318	0.092105	0.151316	0.177914	0.177305	0.200000	0.619048	0.282209	0.300971	0.396226	0.226994	0.277778	0.490000	0.492647	0.268293	0.535714	0.478528	0.512500	0.269231	0.396226	0.484277	0.102564	0.410256	0.213333	0.325000	0.318182	0.229299	0.352941	0.410256	0.233766	0.326531	0.555556	0.339286	0.386503	0.326531	0.381250	0.373418	0.576642	0.402439	0.544000	0.587719	0.427273	0.227273	0.146853	0.421875	0.616162	0.663551	0.633929	0.120253	0.179012	0.272109	0.317241	0.164474	0.562963	0.094203	0.549020	0.184713	0.410596	0.360000	
0.238494	0.096970	0.000000	0.243636	0.234303	0.249529	0.153846	0.231208	0.280813	0.273369	0.233743	0.132948	0.244053	0.298387	0.251762	0.287697	0.278261	0.250718	0.256076	0.248485	0.262609	0.238676	0.250000	0.250965	0.243572	0.241079	0.242609	0.260298	0.244425	0.248233	0.263501	0.242188	0.286667	0.261207	0.287894	0.263366	0.251691	0.243028	0.259649	0.270669	0.258333	0.345753	0.266262	0.268739	0.294652	0.253472	0.270979	0.317503	0.311582	0.261883	0.279379	0.310247	0.316004	0.272643	0.275652	0.311607	0.255597	0.282082	0.250000	0.273642	0.291066	0.268527	0.285853	0.251456	0.281746	0.291423	0.537037	0.282849	0.292403	0.339161	0.288789	0.280840	0.325905	0.300087	0.301676	0.300454	0.290099	0.262052	0.263901	0.270142	0.308718	0.313433	0.307246	0.234226	0.255278	0.312775	0.323024	0.252058	0.308036	0.155779	0.304649	0.270308	0.314554	0.251889	
0.256522	0.091463	0.243636	0.000000	0.238095	0.244576	0.175258	0.247992	0.277556	0.292208	0.265250	0.124260	0.247222	0.308782	0.257415	0.268031	0.274770	0.256256	0.255027	0.253418	0.264168	0.248852	0.255295	0.242363	0.261538	0.259395	0.255708	0.261270	0.263850	0.262431	0.261554	0.272146	0.276722	0.258386	0.287234	0.261224	0.239437	0.239085	0.250460	0.258264	0.282116	0.340223	0.257299	0.277190	0.297759	0.246140	0.271140	0.292857	0.344123	0.275047	0.296253	0.299599	0.320171	0.267770	0.287934	0.278765	0.269380	0.276705	0.229032	0.279661	0.278905	0.259633	0.280287	0.295150	0.289855	0.286010	0.537037	0.285106	0.318773	0.325926	0.297095	0.296022	0.310613	0.298358	0.334314	0.349169	0.288703	0.297542	0.247451	0.295817	0.320346	0.328916	0.311992	0.245754	0.267206	0.287671	0.302817	0.279956	0.313910	0.176768	0.293319	0.264920	0.308824	0.309115	
0.222420	0.117647	0.234303	0.238095	0.000000	0.247508	0.124260	0.210873	0.258130	0.292117	0.241002	0.111111	0.266667	0.290323	0.289425	0.256410	0.303605	0.266551	0.224806	0.234568	0.246130	0.269470	0.230490	0.240678	0.250000	0.230887	0.266254	0.268750	0.255521	0.253125	0.263666	0.262346	0.300797	0.264209	0.337391	0.260870	0.259424	0.223881	0.246875	0.263986	0.282158	0.394805	0.290323	0.307823	0.288235	0.252696	0.263651	0.357683	0.394886	0.282680	0.337662	0.317726	0.365517	0.288961	0.305901	0.369497	0.236111	0.287640	0.267490	0.283810	0.332707	0.287051	0.316288	0.311663	0.286127	0.318868	0.537037	0.305019	0.330733	0.346667	0.314873	0.329688	0.374384	0.329755	0.368948	0.368110	0.338768	0.257028	0.246423	0.329710	0.345283	0.374486	0.353357	0.249180	0.283113	0.340426	0.325991	0.260323	0.337621	0.151163	0.350181	0.292517	0.342169	0.309322	
0.233143	0.104294	0.249529	0.244576	0.247508	0.000000	0.172775	0.258763	0.265560	0.284889	0.247363	0.126506	0.255502	0.262248	0.262061	0.261881	0.267800	0.257292	0.262311	0.250940	0.244802	0.265209	0.241102	0.245833	0.245997	0.263308	0.249526	0.268316	0.249270	0.265580	0.264706	0.263258	0.280680	0.255880	0.295154	0.225322	0.238372	0.230263	0.265521	0.272534	0.290909	0.337539	0.277883	0.306306	0.262749	0.258735	0.276353	0.320175	0.319930	0.276200	0.287440	0.322680	0.344062	0.283838	0.300660	0.318403	0.256461	0.305221	0.238411	0.279605	0.306878	0.286122	0.280085	0.261522	0.288066	0.283566	0.518519	0.295480	0.295869	0.309353	0.299413	0.301147	0.328934	0.317280	0.326220	0.326355	0.316017	0.296247	0.277618	0.302495	0.314381	0.336228	0.318856	0.234990	0.250784	0.251163	0.322695	0.271812	0.349951	0.143590	0.310532	0.262121	0.338488	0.300000	
0.173684	0.092199	0.153846	0.175258	0.124260	0.172775	0.000000	0.183246	0.236559	0.264550	0.150259	0.122302	0.179191	0.279221	0.279279	0.253623	0.463768	0.174825	0.158730	0.142857	0.160428	0.228261	0.177419	0.197740	0.172222	0.173684	0.204301	0.174603	0.176166	0.156757	0.209424	0.190476	0.268041	0.192708	0.377778	0.186335	0.142045	0.153846	0.212435	0.211429	0.248062	0.640000	0.303665	0.323308	0.376623	0.250000	0.308901	0.478261	0.500000	0.298013	0.424658	0.444444	0.505495	0.292818	0.374332	0.486772	0.146199	0.451613	0.235669	0.336364	0.319444	0.267380	0.253165	0.318841	0.274390	0.405063	0.537037	0.354430	0.362694	0.313333	0.415789	0.370968	0.479042	0.427835	0.528302	0.522727	0.467153	0.206704	0.180233	0.408602	0.530769	0.663934	0.594203	0.207447	0.186170	0.319728	0.344371	0.205556	0.509091	0.144828	0.461538	0.221591	0.419753	0.352601	
0.236032	0.125000	0.231208	0.247992	0.210873	0.258763	0.183246	0.000000	0.260631	0.287524	0.254616	0.122807	0.246363	0.296296	0.278153	0.255102	0.279698	0.248677	0.261494	0.254059	0.244957	0.267308	0.239583	0.241053	0.257267	0.239923	0.239464	0.244444	0.260784	0.275728	0.263374	0.257910	0.297663	0.255461	0.307432	0.273109	0.250000	0.253138	0.269750	0.253796	0.286658	0.340426	0.275763	0.266734	0.294382	0.249522	0.264224	0.341945	0.339893	0.277228	0.292025	0.324324	0.335214	0.274309	0.287488	0.324536	0.242604	0.290451	0.260000	0.272830	0.298283	0.274302	0.301948	0.272826	0.267368	0.292257	0.574074	0.296544	0.298929	0.353791	0.284866	0.306576	0.320619	0.295411	0.317575	0.326608	0.303825	0.283934	0.249756	0.297782	0.318233	0.305106	0.292865	0.246632	0.262827	0.317757	0.304659	0.254257	0.325444	0.179894	0.320569	0.270431	0.308219	0.300680	
0.262270	0.211538	0.280813	0.277556	0.258130	0.265560	0.236559	0.260631	0.000000	0.272135	0.265725	0.204819	0.253927	0.265101	0.288612	0.268908	0.293051	0.242468	0.276569	0.257982	0.250960	0.252241	0.263952	0.277856	0.266667	0.250639	0.242308	0.275418	0.264516	0.307692	0.268027	0.273196	0.275804	0.285171	0.284041	0.268734	0.285992	0.253133	0.269923	0.264920	0.296233	0.345372	0.287724	0.316298	0.289348	0.295685	0.298836	0.377970	0.374372	0.283602	0.292020	0.322802	0.319708	0.304878	0.306122	0.339426	0.269048	0.287004	0.285185	0.275915	0.289790	0.268041	0.301205	0.274924	0.284595	0.287671	0.481481	0.289922	0.312987	0.327935	0.275817	0.289062	0.301501	0.311622	0.317007	0.332220	0.302632	0.304029	0.278215	0.283212	0.294656	0.329915	0.303519	0.231924	0.273103	0.308057	0.324111	0.291925	0.308201	0.267760	0.288630	0.283582	0.292473	0.310764	
0.282958	0.229814	0.273369	0.292208	0.292117	0.284889	0.264550	0.287524	0.272135	0.000000	0.268885	0.220930	0.280323	0.292818	0.282922	0.273843	0.276407	0.273705	0.266844	0.265722	0.269333	0.278718	0.278618	0.255446	0.291436	0.272889	0.266430	0.276634	0.261623	0.288548	0.284211	0.273292	0.290724	0.284331	0.261634	0.261663	0.279555	0.296371	0.264337	0.299900	0.299754	0.335366	0.265957	0.275281	0.288363	0.275465	0.302326	0.323691	0.338333	0.272477	0.315551	0.327837	0.319082	0.286932	0.281528	0.306569	0.296935	0.306173	0.298413	0.278064	0.272906	0.289028	0.279762	0.274451	0.278000	0.277888	0.444444	0.276465	0.308040	0.334507	0.288726	0.277379	0.302281	0.301686	0.287749	0.305361	0.266464	0.298750	0.275271	0.290980	0.308746	0.284038	0.287549	0.274951	0.273084	0.318182	0.303136	0.266036	0.302559	0.247475	0.287449	0.271429	0.307568	0.291933	
0.243386	0.117284	0.233743	0.265250	0.241002	0.247363	0.150259	0.254616	0.265725	0.268885	0.000000	0.115607	0.264574	0.311653	0.257669	0.250943	0.283465	0.250000	0.243148	0.261023	0.254417	0.253546	0.239572	0.253922	0.251374	0.251550	0.244464	0.241748	0.242974	0.274527	0.249526	0.243363	0.275198	0.267544	0.296066	0.235529	0.219917	0.221328	0.248442	0.267267	0.286935	0.355623	0.281305	0.260465	0.280864	0.269435	0.266014	0.329167	0.328926	0.272810	0.308390	0.305019	0.337474	0.266478	0.291519	0.315455	0.245283	0.278870	0.236422	0.273286	0.282076	0.263766	0.280910	0.263158	0.275100	0.266402	0.518519	0.286742	0.303957	0.301418	0.293796	0.298574	0.323223	0.302736	0.288699	0.313793	0.293173	0.273537	0.247978	0.277992	0.326360	0.306265	0.315945	0.259690	0.259804	0.278761	0.364583	0.269392	0.309437	0.147208	0.286432	0.260993	0.311005	0.272379	
0.126506	0.079710	0.132948	0.124260	0.111111	0.126506	0.122302	0.122807	0.204819	0.220930	0.115607	0.000000	0.110390	0.248366	0.193548	0.194915	0.265306	0.120000	0.130952	0.129412	0.144578	0.237805	0.165680	0.143750	0.141975	0.115607	0.142857	0.151515	0.129412	0.159763	0.159763	0.149701	0.209302	0.145349	0.365269	0.184211	0.104294	0.166667	0.157895	0.140127	0.221239	0.567164	0.250000	0.247788	0.275862	0.216374	0.230769	0.471698	0.489051	0.259542	0.559322	0.410714	0.508876	0.262195	0.365269	0.434524	0.140127	0.490196	0.233333	0.284091	0.377358	0.284848	0.275862	0.282609	0.254777	0.372881	0.555556	0.301587	0.402367	0.294521	0.382353	0.385542	0.534247	0.409357	0.510949	0.529915	0.449153	0.212903	0.121622	0.369863	0.551402	0.626168	0.612069	0.141176	0.156977	0.263889	0.328859	0.166667	0.583333	0.074074	0.433628	0.177914	0.414013	0.371795	
0.241747	0.095238	0.244053	0.247222	0.266667	0.255502	0.179191	0.246363	0.253927	0.280323	0.264574	0.110390	0.000000	0.287749	0.280364	0.262815	0.268151	0.256286	0.267730	0.249779	0.261062	0.250222	0.251620	0.245098	0.250348	0.255773	0.250883	0.260947	0.255009	0.270197	0.257880	0.259947	0.280447	0.254386	0.278180	0.239175	0.240223	0.224532	0.258497	0.244267	0.273608	0.304615	0.255958	0.261311	0.272081	0.231244	0.271352	0.307163	0.302876	0.253394	0.293333	0.304854	0.282586	0.270755	0.273210	0.286364	0.266537	0.273390	0.279070	0.283096	0.273430	0.264654	0.283626	0.265166	0.289583	0.292444	0.521739	0.274014	0.280828	0.287313	0.281421	0.268336	0.318139	0.309187	0.304924	0.320646	0.273367	0.278981	0.262310	0.279048	0.298227	0.323564	0.305035	0.263415	0.274336	0.293269	0.273063	0.272152	0.324545	0.193370	0.280000	0.251429	0.301613	0.282216	
0.330303	0.248322	0.298387	0.308782	0.290323	0.262248	0.279221	0.296296	0.265101	0.292818	0.311653	0.248366	0.287749	0.000000	0.300000	0.288026	0.341564	0.274448	0.278689	0.313351	0.283333	0.295580	0.310448	0.281899	0.310345	0.277929	0.296703	0.300275	0.299169	0.254098	0.299145	0.334239	0.290196	0.296196	0.299094	0.292887	0.289286	0.310204	0.316940	0.287926	0.337209	0.393701	0.298913	0.373377	0.318725	0.304110	0.337912	0.404082	0.349206	0.352941	0.353448	0.392045	0.380531	0.328691	0.331476	0.390110	0.324000	0.311005	0.283422	0.337079	0.334677	0.290055	0.316206	0.312757	0.285106	0.375494	0.444444	0.337302	0.281421	0.338983	0.292479	0.306630	0.352239	0.305405	0.357143	0.382353	0.346939	0.313793	0.318841	0.347170	0.341727	0.332075	0.301639	0.278107	0.304348	0.349398	0.324607	0.322188	0.379822	0.254902	0.385906	0.316901	0.329365	0.332155	
0.293612	0.268293	0.251762	0.257415	0.289425	0.262061	0.279279	0.278153	0.288612	0.282922	0.257669	0.193548	0.280364	0.300000	0.000000	0.279458	0.287815	0.267760	0.283266	0.284995	0.278226	0.262146	0.268657	0.269663	0.276771	0.275025	0.273461	0.282077	0.285565	0.281314	0.289934	0.263847	0.256379	0.278112	0.298077	0.299252	0.274380	0.273657	0.271238	0.306561	0.303523	0.303972	0.263370	0.281153	0.271318	0.265657	0.293699	0.317437	0.297505	0.292909	0.290401	0.275862	0.313702	0.282024	0.277946	0.289446	0.298578	0.300932	0.263158	0.283146	0.288866	0.270434	0.267800	0.261424	0.296675	0.267306	0.588235	0.305310	0.303719	0.319797	0.294363	0.288639	0.288482	0.280525	0.305466	0.318302	0.302961	0.280932	0.285714	0.281513	0.298122	0.291173	0.298226	0.277592	0.287982	0.278571	0.346734	0.313325	0.308642	0.269565	0.307087	0.289608	0.325095	0.326284	
0.259843	0.166667	0.287697	0.268031	0.256410	0.261881	0.253623	0.255102	0.268908	0.273843	0.250943	0.194915	0.262815	0.288026	0.279458	0.000000	0.268173	0.263263	0.266667	0.268450	0.251619	0.260951	0.236510	0.244029	0.284650	0.240896	0.266977	0.288660	0.269341	0.276515	0.263527	0.275093	0.284078	0.266359	0.275824	0.239819	0.268882	0.292517	0.261278	0.265690	0.285714	0.318108	0.261596	0.278360	0.267286	0.260668	0.279178	0.323657	0.321234	0.265537	0.299429	0.294297	0.300661	0.269841	0.276438	0.311962	0.259574	0.275776	0.281369	0.279581	0.287968	0.262082	0.272817	0.271372	0.280543	0.272545	0.517241	0.274510	0.282464	0.383260	0.275962	0.274766	0.286422	0.278293	0.293360	0.309724	0.302495	0.289189	0.276894	0.275828	0.284473	0.284672	0.298874	0.270576	0.287190	0.256098	0.309013	0.282851	0.287879	0.264286	0.285417	0.278891	0.310526	0.288828	
0.267303	0.450000	0.278261	0.274770	0.303605	0.267800	0.463768	0.279698	0.293051	0.276407	0.283465	0.265306	0.268151	0.341564	0.287815	0.268173	0.000000	0.283351	0.281008	0.289855	0.275097	0.283092	0.262077	0.265217	0.256494	0.258537	0.257752	0.285015	0.286427	0.282888	0.288279	0.291384	0.281395	0.298364	0.302540	0.315927	0.293160	0.300261	0.265487	0.285088	0.302991	0.273684	0.273256	0.268151	0.269939	0.259188	0.277344	0.289121	0.272545	0.274396	0.300226	0.269603	0.294529	0.252336	0.265957	0.269000	0.319613	0.293689	0.346939	0.271773	0.289981	0.280583	0.304603	0.279883	0.275132	0.272189	0.500000	0.270408	0.285856	0.331250	0.281563	0.287805	0.274770	0.284190	0.292510	0.299876	0.262766	0.321637	0.306873	0.277832	0.279912	0.278402	0.285417	0.266739	0.295207	0.372549	0.317365	0.289227	0.281402	0.360000	0.273973	0.309764	0.307102	0.303387	
0.235903	0.150000	0.250718	0.256256	0.266551	0.257292	0.174825	0.248677	0.242468	0.273705	0.250000	0.120000	0.256286	0.274448	0.267760	0.263263	0.283351	0.000000	0.257198	0.253359	0.249760	0.239193	0.239486	0.228632	0.255319	0.275530	0.250240	0.240543	0.244048	0.273612	0.263485	0.258189	0.275328	0.239276	0.282486	0.230769	0.253799	0.237020	0.253644	0.278689	0.264126	0.306914	0.282274	0.259960	0.271242	0.260994	0.253140	0.314159	0.292419	0.253687	0.288278	0.296957	0.297511	0.261929	0.281460	0.294581	0.245798	0.272966	0.217899	0.260154	0.272915	0.256015	0.275754	0.283489	0.248869	0.267857	0.657143	0.283388	0.291016	0.336283	0.288690	0.267961	0.288049	0.277085	0.280000	0.310087	0.282162	0.276389	0.285019	0.307223	0.310734	0.280051	0.270677	0.251860	0.256438	0.297753	0.286920	0.261468	0.296844	0.193333	0.288210	0.262579	0.293594	0.296610	
0.247379	0.112500	0.256076	0.255027	0.224806	0.262311	0.158730	0.261494	0.276569	0.266844	0.243148	0.130952	0.267730	0.278689	0.283266	0.266667	0.281008	0.257198	0.000000	0.212489	0.277487	0.253940	0.248408	0.248069	0.258856	0.249344	0.262009	0.252863	0.268817	0.260870	0.260338	0.274716	0.273438	0.245234	0.280000	0.246032	0.246947	0.225352	0.257269	0.268775	0.295673	0.336842	0.277487	0.277064	0.275304	0.280977	0.263852	0.335598	0.336066	0.272072	0.295884	0.301527	0.325128	0.256744	0.295197	0.298387	0.265537	0.253350	0.223975	0.269777	0.291908	0.264448	0.284742	0.268293	0.278000	0.292444	0.540000	0.279678	0.300089	0.312057	0.285199	0.293027	0.304388	0.299302	0.313321	0.330673	0.296223	0.297264	0.264184	0.290875	0.306101	0.323326	0.313840	0.259615	0.288201	0.316742	0.328720	0.250260	0.313567	0.153846	0.306468	0.251748	0.327014	0.313850	
0.240042	0.105590	0.248485	0.253418	0.234568	0.250940	0.142857	0.254059	0.257982	0.265722	0.261023	0.129412	0.249779	0.313351	0.284995	0.268450	0.289855	0.253359	0.212489	0.000000	0.241739	0.260490	0.235169	0.270087	0.289402	0.246288	0.230166	0.258575	0.264758	0.260831	0.264981	0.260035	0.272525	0.257785	0.286006	0.229703	0.236016	0.223790	0.241410	0.274606	0.278708	0.347826	0.293403	0.297248	0.287449	0.258936	0.275439	0.326503	0.354680	0.256065	0.288889	0.297710	0.322416	0.273234	0.294682	0.295170	0.276636	0.268856	0.244514	0.266398	0.295476	0.277583	0.294175	0.262183	0.250000	0.290607	0.529412	0.275202	0.298494	0.329787	0.284685	0.285589	0.317757	0.315652	0.316479	0.323059	0.290675	0.295285	0.263251	0.270833	0.327141	0.326037	0.305447	0.263663	0.266409	0.300448	0.370242	0.261905	0.304933	0.169231	0.301887	0.255259	0.324409	0.298357	
0.261328	0.120253	0.262609	0.264168	0.246130	0.244802	0.160428	0.244957	0.250960	0.269333	0.254417	0.144578	0.261062	0.283333	0.278226	0.251619	0.275097	0.249760	0.277487	0.241739	0.000000	0.243860	0.228238	0.242718	0.284741	0.237719	0.240175	0.255507	0.242370	0.256228	0.254939	0.259615	0.247216	0.231103	0.294964	0.238956	0.237705	0.264646	0.261253	0.280079	0.292363	0.334842	0.282096	0.265381	0.276596	0.253927	0.277680	0.311385	0.348760	0.265288	0.288098	0.310411	0.323409	0.273066	0.279720	0.313231	0.250000	0.279805	0.238854	0.279516	0.283654	0.265378	0.267250	0.276098	0.289157	0.272816	0.562500	0.291919	0.280889	0.354839	0.288669	0.279788	0.316776	0.289956	0.310507	0.303653	0.264207	0.306633	0.256637	0.292220	0.319545	0.306005	0.305745	0.261036	0.280583	0.350000	0.350877	0.271028	0.311151	0.175258	0.300797	0.265449	0.319620	0.286979	
0.241597	0.192308	0.238676	0.248852	0.269470	0.265209	0.228261	0.267308	0.252241	0.278718	0.253546	0.237805	0.250222	0.295580	0.262146	0.260951	0.283092	0.239193	0.253940	0.260490	0.243860	0.000000	0.260638	0.252672	0.259918	0.252853	0.247811	0.261715	0.253825	0.253785	0.248588	0.263158	0.263982	0.254340	0.281893	0.229376	0.250344	0.258586	0.246454	0.253227	0.288462	0.350453	0.273601	0.274816	0.274291	0.263342	0.274890	0.322359	0.342149	0.247971	0.281596	0.307766	0.326132	0.260504	0.275197	0.290468	0.269303	0.268351	0.258786	0.273185	0.279115	0.252641	0.270087	0.248054	0.279678	0.256863	0.471698	0.276939	0.283675	0.326087	0.268468	0.267905	0.293296	0.282837	0.293458	0.292237	0.279047	0.288945	0.255111	0.262808	0.316923	0.291284	0.270874	0.276062	0.257752	0.321101	0.302491	0.271592	0.283273	0.261780	0.286422	0.278873	0.294304	0.298223	
0.227216	0.141975	0.250000	0.255295	0.230490	0.241102	0.177419	0.239583	0.263952	0.278618	0.239572	0.165680	0.251620	0.310448	0.268657	0.236510	0.262077	0.239486	0.248408	0.235169	0.228238	0.260638	0.000000	0.251462	0.251634	0.243100	0.225053	0.251073	0.231441	0.230355	0.240046	0.255048	0.262654	0.250000	0.295143	0.221198	0.237480	0.242991	0.243330	0.256563	0.264151	0.323268	0.262712	0.296045	0.283563	0.253178	0.267666	0.312092	0.350877	0.297238	0.294118	0.302540	0.324357	0.253363	0.308511	0.316594	0.243129	0.285714	0.233449	0.274969	0.294331	0.265241	0.277240	0.249389	0.253898	0.274725	0.518519	0.276250	0.290635	0.318008	0.281967	0.285106	0.293850	0.317410	0.314943	0.327684	0.292326	0.268366	0.246486	0.269822	0.322500	0.320728	0.313912	0.238979	0.273574	0.271028	0.316794	0.242274	0.305495	0.189744	0.274390	0.275042	0.314647	0.291351	
0.255220	0.109677	0.250965	0.242363	0.240678	0.245833	0.197740	0.241053	0.277856	0.255446	0.253922	0.143750	0.245098	0.281899	0.269663	0.244029	0.265217	0.228632	0.248069	0.270087	0.242718	0.252672	0.251462	0.000000	0.244378	0.261419	0.259439	0.249023	0.267662	0.254652	0.266247	0.243191	0.264706	0.247592	0.274175	0.251641	0.232489	0.264317	0.262231	0.255531	0.288000	0.353821	0.256783	0.262027	0.282828	0.239806	0.282927	0.318797	0.339286	0.291751	0.294335	0.315734	0.334837	0.263158	0.272904	0.302789	0.244898	0.263795	0.269625	0.255079	0.304207	0.255361	0.281352	0.263100	0.236786	0.259868	0.549020	0.265993	0.308679	0.323308	0.291165	0.290196	0.315353	0.294288	0.300626	0.324015	0.273836	0.281037	0.255676	0.300319	0.293303	0.307888	0.304113	0.255048	0.271368	0.311005	0.340996	0.259429	0.313313	0.204301	0.297118	0.268589	0.323580	0.275424	
0.263240	0.098684	0.243572	0.261538	0.250000	0.245997	0.172222	0.257267	0.266667	0.291436	0.251374	0.141975	0.250348	0.310345	0.276771	0.284650	0.256494	0.255319	0.258856	0.289402	0.284741	0.259918	0.251634	0.244378	0.000000	0.243207	0.235054	0.269494	0.287671	0.291553	0.255848	0.263514	0.302920	0.267114	0.317629	0.270270	0.228682	0.261972	0.278308	0.276119	0.286496	0.387755	0.277929	0.308370	0.313029	0.269022	0.296448	0.355856	0.351421	0.290043	0.326493	0.324088	0.348160	0.290462	0.297260	0.348128	0.242268	0.311340	0.270588	0.281099	0.287319	0.276334	0.287561	0.267101	0.306407	0.304419	0.509434	0.320132	0.301521	0.341991	0.323246	0.300000	0.343434	0.327913	0.343109	0.341155	0.301391	0.266791	0.278552	0.299213	0.336585	0.344704	0.329738	0.246377	0.263001	0.341584	0.322709	0.296950	0.321127	0.173184	0.321928	0.289883	0.347345	0.342155	
0.237146	0.085366	0.241079	0.259395	0.230887	0.263308	0.173684	0.239923	0.250639	0.272889	0.251550	0.115607	0.255773	0.277929	0.275025	0.240896	0.258537	0.275530	0.249344	0.246288	0.237719	0.252853	0.243100	0.261419	0.243207	0.000000	0.241470	0.257951	0.257658	0.274510	0.256338	0.258319	0.269274	0.257391	0.309816	0.258449	0.267956	0.239919	0.270079	0.259663	0.278114	0.341353	0.280105	0.280443	0.295431	0.262467	0.269841	0.334694	0.321252	0.260633	0.280761	0.298178	0.283951	0.263011	0.270578	0.289568	0.277985	0.288344	0.292835	0.255601	0.288760	0.247359	0.252446	0.247788	0.260956	0.273176	0.537037	0.276876	0.307487	0.305263	0.289973	0.287865	0.311506	0.308901	0.295390	0.319635	0.274725	0.296389	0.256684	0.279580	0.295031	0.301038	0.306341	0.247353	0.260870	0.287611	0.325342	0.260915	0.292529	0.185930	0.295115	0.273876	0.328076	0.286260	
0.247639	0.124224	0.242609	0.255708	0.266254	0.249526	0.204301	0.239464	0.242308	0.266430	0.244464	0.142857	0.250883	0.296703	0.273461	0.266977	0.257752	0.250240	0.262009	0.230166	0.240175	0.247811	0.225053	0.259439	0.235054	0.241470	0.000000	0.249559	0.250000	0.255773	0.240339	0.257867	0.267261	0.227903	0.286592	0.240964	0.256480	0.254509	0.241623	0.267522	0.278177	0.337386	0.279232	0.270642	0.269231	0.258290	0.257923	0.296296	0.313015	0.273466	0.286349	0.300191	0.307216	0.272388	0.277340	0.302785	0.264540	0.271620	0.256329	0.258097	0.285852	0.267135	0.289883	0.251222	0.232932	0.261040	0.519231	0.273461	0.276937	0.312057	0.279676	0.274094	0.308989	0.308901	0.304878	0.336395	0.288136	0.271589	0.254658	0.288297	0.296907	0.299885	0.291829	0.246154	0.269119	0.286996	0.300699	0.262500	0.303684	0.194872	0.262948	0.281690	0.336508	0.304459	
0.251592	0.143750	0.260298	0.261270	0.268750	0.268316	0.174603	0.244444	0.275418	0.276634	0.241748	0.151515	0.260947	0.300275	0.282077	0.288660	0.285015	0.240543	0.252863	0.258575	0.255507	0.261715	0.251073	0.249023	0.269494	0.257951	0.249559	0.000000	0.255646	0.264522	0.246914	0.266725	0.284270	0.256343	0.281282	0.274549	0.246879	0.249489	0.271111	0.290419	0.290401	0.376900	0.291117	0.278962	0.282653	0.258803	0.272405	0.317241	0.336667	0.275046	0.327703	0.303468	0.312953	0.262218	0.304233	0.309222	0.242481	0.285539	0.269841	0.281346	0.290856	0.267493	0.270403	0.279093	0.260000	0.276238	0.490196	0.263479	0.305830	0.301418	0.293478	0.284951	0.306893	0.311951	0.305949	0.329480	0.290744	0.300752	0.277778	0.294061	0.322581	0.291860	0.302941	0.275097	0.283480	0.336323	0.304196	0.270921	0.321234	0.188776	0.309548	0.272984	0.307200	0.307398	
0.248104	0.134146	0.244425	0.263850	0.255521	0.249270	0.176166	0.260784	0.264516	0.261623	0.242974	0.129412	0.255009	0.299169	0.285565	0.269341	0.286427	0.244048	0.268817	0.264758	0.242370	0.253825	0.231441	0.267662	0.287671	0.257658	0.250000	0.255646	0.000000	0.282847	0.243738	0.257630	0.262428	0.248000	0.309623	0.232465	0.227528	0.267347	0.260199	0.267821	0.261029	0.335394	0.290063	0.279245	0.296025	0.256938	0.267873	0.325352	0.347530	0.258573	0.294253	0.309570	0.324211	0.282173	0.311151	0.302583	0.259887	0.278402	0.285266	0.297409	0.263473	0.263063	0.286432	0.280525	0.282520	0.306761	0.537037	0.251821	0.291971	0.359712	0.288745	0.288043	0.303846	0.310654	0.301923	0.324736	0.274848	0.296534	0.271650	0.295788	0.323093	0.310427	0.326633	0.264039	0.278656	0.312775	0.350694	0.282378	0.313599	0.181818	0.294898	0.254286	0.325770	0.273077	
0.268943	0.106250	0.248233	0.262431	0.253125	0.265580	0.156757	0.275728	0.307692	0.288548	0.274527	0.159763	0.270197	0.254098	0.281314	0.276515	0.282888	0.273612	0.260870	0.260831	0.256228	0.253785	0.230355	0.254652	0.291553	0.274510	0.255773	0.264522	0.282847	0.000000	0.265774	0.277333	0.282955	0.280810	0.306972	0.241584	0.253095	0.261224	0.255376	0.255000	0.285890	0.337405	0.285714	0.304958	0.300310	0.264184	0.258929	0.356846	0.341709	0.285321	0.293515	0.315175	0.333679	0.284091	0.308444	0.308743	0.243346	0.297398	0.267516	0.308325	0.305801	0.284182	0.300297	0.275174	0.270707	0.316000	0.576923	0.306667	0.286618	0.374545	0.308326	0.278027	0.330180	0.318262	0.333650	0.342956	0.307847	0.274684	0.280686	0.302326	0.317895	0.334884	0.321748	0.271750	0.300493	0.327354	0.383275	0.288421	0.335160	0.164103	0.311871	0.280627	0.352657	0.296774	
0.251126	0.151515	0.263501	0.261554	0.263666	0.264706	0.209424	0.263374	0.268027	0.284211	0.249526	0.159763	0.257880	0.299145	0.289934	0.263527	0.288279	0.263485	0.260338	0.264981	0.254939	0.248588	0.240046	0.266247	0.255848	0.256338	0.240339	0.246914	0.243738	0.265774	0.000000	0.272128	0.265777	0.239252	0.297802	0.241597	0.271408	0.251586	0.254753	0.278013	0.297403	0.364516	0.281426	0.303571	0.293407	0.259155	0.296402	0.362556	0.351064	0.289320	0.327273	0.312946	0.328947	0.290419	0.303571	0.319846	0.269155	0.287417	0.245033	0.297149	0.298319	0.283554	0.291622	0.286929	0.279661	0.280085	0.592593	0.288525	0.285029	0.346715	0.311953	0.273674	0.330000	0.307692	0.308081	0.321559	0.283711	0.285714	0.273423	0.286157	0.329255	0.319497	0.320042	0.263104	0.273944	0.288991	0.359155	0.256354	0.316198	0.201058	0.300429	0.278861	0.314815	0.316644	
0.254737	0.130435	0.242188	0.272146	0.262346	0.263258	0.190476	0.257910	0.273196	0.273292	0.243363	0.149701	0.259947	0.334239	0.263847	0.275093	0.291384	0.258189	0.274716	0.260035	0.259615	0.263158	0.255048	0.243191	0.263514	0.258319	0.257867	0.266725	0.257630	0.277333	0.272128	0.000000	0.282051	0.257366	0.283521	0.233871	0.250342	0.241449	0.261023	0.277668	0.257521	0.334328	0.274629	0.265381	0.305584	0.260908	0.280316	0.324693	0.339901	0.283394	0.290000	0.324092	0.341564	0.279740	0.289336	0.300090	0.273921	0.285018	0.256329	0.282103	0.284474	0.245383	0.304771	0.278592	0.293173	0.272816	0.538462	0.264646	0.311111	0.309609	0.284685	0.289125	0.312442	0.305070	0.304592	0.321510	0.291833	0.288750	0.270390	0.311787	0.323378	0.316456	0.317073	0.274038	0.271581	0.309417	0.335664	0.283195	0.313849	0.177665	0.296040	0.274011	0.330159	0.306226	
0.260274	0.253333	0.286667	0.276722	0.300797	0.280680	0.268041	0.297663	0.275804	0.290724	0.275198	0.209302	0.280447	0.290196	0.256379	0.284078	0.281395	0.275328	0.273438	0.272525	0.247216	0.263982	0.262654	0.264706	0.302920	0.269274	0.267261	0.284270	0.262428	0.282955	0.265777	0.282051	0.000000	0.268293	0.289683	0.295977	0.276438	0.246459	0.270668	0.310214	0.293853	0.308118	0.294772	0.287982	0.260555	0.262277	0.265398	0.278302	0.310062	0.287162	0.294195	0.304562	0.301887	0.253301	0.271715	0.301606	0.313924	0.272334	0.278607	0.256892	0.296167	0.268757	0.273474	0.273474	0.327027	0.283019	0.615385	0.255843	0.291572	0.296089	0.275145	0.265695	0.298329	0.272321	0.304296	0.271408	0.259119	0.280000	0.293454	0.274306	0.293888	0.305514	0.286935	0.278894	0.282147	0.294574	0.363128	0.273919	0.307955	0.259259	0.272841	0.275926	0.312369	0.302135	
0.240084	0.128834	0.261207	0.258386	0.264209	0.255880	0.192708	0.255461	0.285171	0.284331	0.267544	0.145349	0.254386	0.296196	0.278112	0.266359	0.298364	0.239276	0.245234	0.257785	0.231103	0.254340	0.250000	0.247592	0.267114	0.257391	0.227903	0.256343	0.248000	0.280810	0.239252	0.257366	0.268293	0.000000	0.288618	0.228175	0.252374	0.256461	0.247378	0.243376	0.289128	0.340330	0.267532	0.277372	0.255040	0.265341	0.281850	0.303523	0.345840	0.264100	0.305310	0.321937	0.318043	0.261553	0.282741	0.319679	0.265799	0.282950	0.235849	0.272362	0.272989	0.283725	0.274927	0.275728	0.276892	0.272904	0.547170	0.283852	0.298587	0.341549	0.300000	0.272329	0.315692	0.296104	0.318140	0.331818	0.279093	0.292804	0.271605	0.284768	0.288639	0.325342	0.313043	0.238550	0.268012	0.343612	0.319588	0.262887	0.311665	0.176768	0.291913	0.283333	0.323391	0.285535	
0.298670	0.407643	0.287894	0.287234	0.337391	0.295154	0.377778	0.307432	0.284041	0.261634	0.296066	0.365269	0.278180	0.299094	0.298077	0.275824	0.302540	0.282486	0.280000	0.286006	0.294964	0.281893	0.295143	0.274175	0.317629	0.309816	0.286592	0.281282	0.309623	0.306972	0.297802	0.283521	0.289683	0.288618	0.000000	0.322296	0.293103	0.320665	0.286894	0.301275	0.323944	0.309353	0.292008	0.300108	0.280000	0.274309	0.296296	0.311183	0.301587	0.292373	0.279841	0.335578	0.297872	0.286022	0.299075	0.307045	0.322650	0.266281	0.336806	0.284185	0.277650	0.295572	0.295006	0.270492	0.317460	0.287383	0.346154	0.292712	0.301571	0.317829	0.266316	0.282025	0.299781	0.292135	0.286652	0.298013	0.278481	0.322902	0.297185	0.296380	0.299394	0.262873	0.287687	0.317978	0.304299	0.341121	0.345588	0.316043	0.284055	0.400000	0.281395	0.297508	0.292982	0.298246	
0.228188	0.152318	0.263366	0.261224	0.260870	0.225322	0.186335	0.273109	0.268734	0.261663	0.235529	0.184211	0.239175	0.292887	0.299252	0.239819	0.315927	0.230769	0.246032	0.229703	0.238956	0.229376	0.221198	0.251641	0.270270	0.258449	0.240964	0.274549	0.232465	0.241584	0.241597	0.233871	0.295977	0.228175	0.322296	0.000000	0.256614	0.244898	0.232794	0.238307	0.300546	0.459732	0.314115	0.300226	0.293011	0.272545	0.310000	0.404531	0.444056	0.298701	0.341108	0.356223	0.366594	0.252610	0.333333	0.368421	0.242321	0.331288	0.254630	0.299233	0.323760	0.271805	0.312661	0.311346	0.312057	0.332461	0.509434	0.293059	0.296371	0.374408	0.340122	0.310976	0.365385	0.363095	0.350763	0.391960	0.339367	0.286802	0.250000	0.336609	0.404306	0.378866	0.376147	0.266247	0.263617	0.340782	0.355856	0.258661	0.372340	0.203593	0.362110	0.281421	0.422713	0.358056	
0.258675	0.092105	0.251691	0.239437	0.259424	0.238372	0.142045	0.250000	0.285992	0.279555	0.219917	0.104294	0.240223	0.289286	0.274380	0.268882	0.293160	0.253799	0.246947	0.236016	0.237705	0.250344	0.237480	0.232489	0.228682	0.267956	0.256480	0.246879	0.227528	0.253095	0.271408	0.250342	0.276438	0.252374	0.293103	0.256614	0.000000	0.219577	0.228966	0.258065	0.288073	0.404206	0.277929	0.280236	0.262185	0.256831	0.281207	0.363445	0.368831	0.281792	0.336484	0.332366	0.371473	0.282609	0.300000	0.318436	0.237245	0.275654	0.232932	0.264368	0.291465	0.274483	0.291057	0.277228	0.263305	0.326700	0.518519	0.283113	0.296657	0.295833	0.318436	0.313536	0.354745	0.327869	0.311573	0.311958	0.321317	0.288802	0.255650	0.290221	0.344884	0.336380	0.350078	0.254386	0.266467	0.295000	0.322449	0.282714	0.357345	0.147727	0.315956	0.271654	0.355353	0.298677	
0.230769	0.151316	0.243028	0.239085	0.223881	0.230263	0.153846	0.253138	0.253133	0.296371	0.221328	0.166667	0.224532	0.310204	0.273657	0.292517	0.300261	0.237020	0.225352	0.223790	0.264646	0.258586	0.242991	0.264317	0.261972	0.239919	0.254509	0.249489	0.267347	0.261224	0.251586	0.241449	0.246459	0.256461	0.320665	0.244898	0.219577	0.000000	0.252016	0.272109	0.325137	0.438356	0.290581	0.316629	0.310992	0.290581	0.281690	0.370253	0.351438	0.261905	0.309735	0.358974	0.351598	0.295359	0.297405	0.350913	0.271242	0.275862	0.211268	0.291990	0.307292	0.269388	0.287918	0.296588	0.295681	0.276042	0.480769	0.305040	0.325203	0.308458	0.307377	0.301619	0.349138	0.344689	0.383260	0.369393	0.344418	0.315934	0.286013	0.324257	0.329146	0.364611	0.325581	0.228942	0.254737	0.289017	0.315789	0.275862	0.401691	0.182927	0.308612	0.321716	0.386792	0.304124	
0.241782	0.177914	0.259649	0.250460	0.246875	0.265521	0.212435	0.269750	0.269923	0.264337	0.248442	0.157895	0.258497	0.316940	0.271238	0.261278	0.265487	0.253644	0.257269	0.241410	0.261253	0.246454	0.243330	0.262231	0.278308	0.270079	0.241623	0.271111	0.260199	0.255376	0.254753	0.261023	0.270668	0.247378	0.286894	0.232794	0.228966	0.252016	0.000000	0.269920	0.279805	0.332326	0.250220	0.284123	0.291709	0.253298	0.268206	0.319559	0.342149	0.268670	0.299550	0.294971	0.307054	0.254699	0.287852	0.280543	0.253308	0.271499	0.294872	0.277949	0.276098	0.259522	0.271203	0.274802	0.298211	0.273360	0.528302	0.256646	0.302596	0.345196	0.287273	0.283170	0.302545	0.309251	0.285038	0.294457	0.275932	0.284091	0.258528	0.265640	0.308333	0.311628	0.293019	0.251931	0.273171	0.334821	0.352941	0.277020	0.305808	0.206030	0.291037	0.284507	0.324881	0.288265	
0.261593	0.177305	0.270669	0.258264	0.263986	0.272534	0.211429	0.253796	0.264920	0.299900	0.267267	0.140127	0.244267	0.287926	0.306561	0.265690	0.285088	0.278689	0.268775	0.274606	0.280079	0.253227	0.256563	0.255531	0.276119	0.259663	0.267522	0.290419	0.267821	0.255000	0.278013	0.277668	0.310214	0.243376	0.301275	0.238307	0.258065	0.272109	0.269920	0.000000	0.293011	0.317355	0.277228	0.283195	0.290023	0.284585	0.269730	0.314152	0.340226	0.265306	0.313997	0.308934	0.344988	0.278132	0.300990	0.305584	0.262156	0.263889	0.259649	0.304299	0.264544	0.300199	0.289967	0.282851	0.294785	0.293393	0.521739	0.262258	0.306143	0.321839	0.289206	0.303000	0.312102	0.336301	0.314286	0.322957	0.305085	0.289106	0.263263	0.287257	0.312354	0.333771	0.317673	0.253796	0.275299	0.305419	0.291667	0.277647	0.321721	0.223464	0.319101	0.285486	0.311620	0.308802	
0.274820	0.200000	0.258333	0.282116	0.282158	0.290909	0.248062	0.286658	0.296233	0.299754	0.286935	0.221239	0.273608	0.337209	0.303523	0.285714	0.302991	0.264126	0.295673	0.278708	0.292363	0.288462	0.264151	0.288000	0.286496	0.278114	0.278177	0.290401	0.261029	0.285890	0.297403	0.257521	0.293853	0.289128	0.323944	0.300546	0.288073	0.325137	0.279805	0.293011	0.000000	0.323404	0.276647	0.296758	0.320988	0.288115	0.292121	0.339147	0.350242	0.289571	0.331334	0.306878	0.336606	0.319285	0.287260	0.319803	0.290761	0.293076	0.294643	0.280959	0.303502	0.297101	0.287760	0.255937	0.319088	0.310026	0.592593	0.299864	0.321078	0.362319	0.306452	0.322816	0.326031	0.306859	0.303685	0.327044	0.286104	0.286449	0.293413	0.295775	0.316597	0.338633	0.309651	0.275288	0.282290	0.344156	0.323944	0.298146	0.354244	0.198529	0.314016	0.273743	0.345652	0.294807	
0.331522	0.619048	0.345753	0.340223	0.394805	0.337539	0.640000	0.340426	0.345372	0.335366	0.355623	0.567164	0.304615	0.393701	0.303972	0.318108	0.273684	0.306914	0.336842	0.347826	0.334842	0.350453	0.323268	0.353821	0.387755	0.341353	0.337386	0.376900	0.335394	0.337405	0.364516	0.334328	0.308118	0.340330	0.309353	0.459732	0.404206	0.438356	0.332326	0.317355	0.323404	0.000000	0.297904	0.327948	0.314183	0.325337	0.340841	0.311024	0.302483	0.318681	0.271028	0.310966	0.313380	0.300000	0.309774	0.304212	0.460064	0.292411	0.456853	0.295495	0.268761	0.319697	0.276708	0.285714	0.453125	0.310764	0.390244	0.283662	0.319149	0.520408	0.300000	0.307927	0.293443	0.312312	0.295082	0.318447	0.274336	0.373518	0.352851	0.296108	0.283364	0.303922	0.275685	0.331641	0.358891	0.428571	0.446602	0.365609	0.285938	0.529412	0.279387	0.376812	0.307317	0.327623	
0.267016	0.282209	0.266262	0.257299	0.290323	0.277883	0.303665	0.275763	0.287724	0.265957	0.281305	0.250000	0.255958	0.298913	0.263370	0.261596	0.273256	0.282274	0.277487	0.293403	0.282096	0.273601	0.262712	0.256783	0.277929	0.280105	0.279232	0.291117	0.290063	0.285714	0.281426	0.274629	0.294772	0.267532	0.292008	0.314115	0.277929	0.290581	0.250220	0.277228	0.276647	0.297904	0.000000	0.279412	0.287879	0.274629	0.307625	0.307902	0.296721	0.290991	0.293333	0.298664	0.308718	0.270950	0.273997	0.305282	0.299625	0.286925	0.315625	0.277048	0.281581	0.280702	0.264849	0.267123	0.276553	0.280392	0.452830	0.279798	0.296362	0.299296	0.285329	0.263204	0.298131	0.277003	0.286785	0.296804	0.275520	0.303861	0.276841	0.284091	0.285273	0.301496	0.279183	0.265326	0.280617	0.312500	0.292096	0.280083	0.286996	0.303030	0.291378	0.283708	0.303318	0.281922	
0.285874	0.300971	0.268739	0.277190	0.307823	0.306306	0.323308	0.266734	0.316298	0.275281	0.260465	0.247788	0.261311	0.373377	0.281153	0.278360	0.268151	0.259960	0.277064	0.297248	0.265381	0.274816	0.296045	0.262027	0.308370	0.280443	0.270642	0.278962	0.279245	0.304958	0.303571	0.265381	0.287982	0.277372	0.300108	0.300226	0.280236	0.316629	0.284123	0.283195	0.296758	0.327948	0.279412	0.000000	0.285423	0.269478	0.267841	0.294366	0.297834	0.271800	0.282511	0.307770	0.321701	0.263725	0.268739	0.276676	0.328390	0.287454	0.298851	0.272074	0.264279	0.280847	0.283333	0.267578	0.298851	0.278705	0.562500	0.270517	0.287453	0.383929	0.309298	0.292864	0.306341	0.294118	0.303238	0.304296	0.295572	0.302826	0.273148	0.283784	0.309245	0.269231	0.291203	0.302752	0.285861	0.367470	0.367965	0.266447	0.288785	0.323741	0.308478	0.277182	0.334483	0.298222	
0.284653	0.396226	0.294652	0.297759	0.288235	0.262749	0.376623	0.294382	0.289348	0.288363	0.280864	0.275862	0.272081	0.318725	0.271318	0.267286	0.269939	0.271242	0.275304	0.287449	0.276596	0.274291	0.283563	0.282828	0.313029	0.295431	0.269231	0.282653	0.296025	0.300310	0.293407	0.305584	0.260555	0.255040	0.280000	0.293011	0.262185	0.310992	0.291709	0.290023	0.320988	0.314183	0.287879	0.285423	0.000000	0.276316	0.291113	0.309064	0.281496	0.272819	0.294118	0.311236	0.315085	0.282609	0.282103	0.295833	0.328358	0.287742	0.281407	0.295228	0.277551	0.295846	0.281734	0.293210	0.335958	0.270941	0.666667	0.291577	0.303719	0.318471	0.291886	0.290946	0.297009	0.294534	0.312634	0.287760	0.283951	0.287202	0.310275	0.282051	0.270208	0.285340	0.273616	0.287656	0.297727	0.333333	0.304598	0.276364	0.315951	0.318182	0.284116	0.288732	0.322835	0.297710	
0.264706	0.226994	0.253472	0.246140	0.252696	0.258735	0.250000	0.249522	0.295685	0.275465	0.269435	0.216374	0.231244	0.304110	0.265657	0.260668	0.259188	0.260994	0.280977	0.258936	0.253927	0.263342	0.253178	0.239806	0.269022	0.262467	0.258290	0.258803	0.256938	0.264184	0.259155	0.260908	0.262277	0.265341	0.274309	0.272545	0.256831	0.290581	0.253298	0.284585	0.288115	0.325337	0.274629	0.269478	0.276316	0.000000	0.281579	0.326087	0.294408	0.256295	0.283814	0.280534	0.326844	0.266729	0.281984	0.293644	0.295880	0.276904	0.273885	0.251515	0.268269	0.277826	0.287244	0.284878	0.280876	0.296078	0.490566	0.272177	0.281665	0.333333	0.285458	0.264317	0.295709	0.294169	0.298507	0.296804	0.267592	0.277154	0.271036	0.269962	0.294845	0.285219	0.285019	0.269856	0.283640	0.303571	0.368056	0.260870	0.299552	0.238579	0.277778	0.273109	0.305864	0.282278	
0.262658	0.277778	0.270979	0.271140	0.263651	0.276353	0.308901	0.264224	0.298836	0.302326	0.266014	0.230769	0.271352	0.337912	0.293699	0.279178	0.277344	0.253140	0.263852	0.275439	0.277680	0.274890	0.267666	0.282927	0.296448	0.269841	0.257923	0.272405	0.267873	0.258929	0.296402	0.280316	0.265398	0.281850	0.296296	0.310000	0.281207	0.281690	0.268206	0.269730	0.292121	0.340841	0.307625	0.267841	0.291113	0.281579	0.000000	0.318244	0.330592	0.255435	0.272525	0.288314	0.319215	0.274602	0.288850	0.287647	0.285444	0.267485	0.321656	0.270961	0.284742	0.286849	0.271835	0.270669	0.325956	0.284585	0.549020	0.255838	0.311886	0.402135	0.305808	0.291297	0.301035	0.321930	0.306968	0.310424	0.289579	0.307403	0.280357	0.268456	0.318040	0.306713	0.307241	0.278800	0.296875	0.406250	0.405594	0.273958	0.318264	0.225641	0.289870	0.306497	0.340223	0.300380	
