1.101848	0.195652	0.024948	-0.039599	-0.049662	-0.044491	0.090275	0.262350	0.002909	0.186852	0.054188	0.064236	-0.024897	0.045099	-0.138703	0.024667	-0.142138	0.072454	-0.102603	-0.061348	-0.124825	-0.114824	-0.082800	-0.149229	0.014480	-0.087854	0.404740	0.118890	-0.107290	-0.055492	0.001789	0.263046	0.195746	0.015819	0.098717	-0.071493	-0.403571	0.136655	-0.160665	-0.010693	-0.029034	0.078084	-0.006691	0.083991	-0.060339	0.135386	-0.046846	-0.071878	-0.061527	0.029067	-0.091867	-0.135485	-0.010651	-0.149298	0.063911	-0.180582	0.021762	-0.030070	-0.034685	-0.067865	-0.045361	-0.179201	-0.099622	-0.066754	-0.073217	-0.030968	-0.063149	-0.050128	0.027795	0.085514	-0.162065	0.091768	0.110915	-0.163539	0.056671	
0.195652	0.932397	-0.018880	-0.018503	-0.001315	-0.032554	-0.017805	-0.055700	-0.060583	0.020064	-0.060540	-0.013510	-0.004372	0.008127	-0.092143	-0.037676	-0.031345	-0.024296	-0.016606	0.020988	0.016194	-0.033790	-0.015737	-0.013539	-0.014382	-0.023682	-0.020164	-0.018101	-0.055168	-0.013245	0.008151	-0.001886	-0.014696	-0.043227	-0.011451	0.024419	-0.046598	-0.001904	-0.043016	0.035083	-0.037407	0.014449	-0.021396	-0.021661	-0.019636	-0.021110	0.032734	0.029542	-0.047667	-0.037750	-0.039420	0.002097	-0.019628	0.003991	-0.024862	-0.028886	-0.014178	0.035414	-0.034346	0.009448	-0.042329	-0.022070	0.012234	0.020422	0.034519	0.006149	-0.022240	-0.021029	-0.026446	-0.050706	-0.047016	-0.010118	-0.017130	-0.032945	-0.014762	
0.024948	-0.018880	0.939668	-0.005212	0.004573	-0.018183	-0.014743	0.001779	-0.009388	0.022664	0.006991	0.006957	-0.010905	-0.020331	-0.004592	-0.023919	0.024895	-0.005314	-0.037389	-0.027532	-0.048837	-0.024957	-0.029287	0.008285	0.008890	0.012968	-0.060970	-0.024505	-0.018151	-0.006494	-0.028110	-0.023767	-0.047257	-0.010632	-0.001223	0.003673	-0.090394	-0.006521	-0.019400	-0.020807	-0.013179	-0.012598	-0.016607	-0.041889	-0.021889	-0.002351	-0.030207	0.001563	-0.035388	-0.013022	0.006014	-0.043592	0.013568	-0.054408	-0.030108	-0.026377	-0.013729	-0.022198	-0.018630	0.008457	-0.004718	-0.021449	-0.008180	-0.011896	-0.004865	-0.019945	-0.010504	-0.043340	-0.025516	-0.007202	-0.028806	0.007267	-0.020066	-0.053125	-0.010540	
-0.039599	-0.018503	-0.005212	1.008230	-0.027283	-0.036910	0.006616	-0.066158	-0.013348	-0.026601	-0.014105	-0.040042	-0.035924	0.011488	-0.058436	-0.005325	-0.017545	-0.004501	-0.021124	-0.019153	-0.022739	-0.020141	-0.000756	-0.028762	-0.003007	-0.008926	0.028768	-0.033954	-0.024269	-0.012917	-0.019701	-0.016867	-0.022059	-0.036716	-0.010016	-0.008336	0.012893	-0.039567	-0.010716	0.000182	-0.020341	-0.025331	-0.011783	-0.010262	-0.039160	-0.019980	-0.026502	-0.009687	-0.023501	-0.002666	-0.021230	-0.008855	-0.044228	-0.028323	-0.013729	-0.015387	-0.003856	-0.009976	0.003610	-0.020185	0.006205	-0.036386	0.000561	-0.016751	-0.019537	-0.024252	0.005849	0.015137	-0.009540	-0.007776	-0.019518	-0.036100	0.001156	-0.011337	0.011402	
-0.049662	-0.001315	0.004573	-0.027283	1.007436	-0.044164	-0.044398	-0.030974	0.006954	-0.015194	-0.023896	-0.012469	-0.035694	-0.014062	0.008774	-0.001061	-0.007210	-0.034444	-0.028693	0.015099	-0.021084	-0.021363	-0.034300	-0.011996	0.003992	0.004667	-0.002454	-0.029441	-0.028179	-0.004108	-0.012081	-0.039490	-0.034604	0.005790	-0.000712	-0.024794	-0.017020	-0.011997	0.006351	-0.011251	-0.046922	-0.043766	-0.005112	-0.026699	-0.014389	0.006747	0.007337	-0.012238	-0.031871	-0.016740	-0.019879	-0.024517	-0.000231	-0.012404	-0.004273	-0.046234	0.027241	0.004554	-0.004481	-0.016271	-0.002241	-0.040091	-0.017615	-0.018139	-0.019849	-0.031951	-0.007357	-0.030305	-0.026607	-0.016827	-0.025187	-0.000107	-0.035865	-0.028081	-0.030514	
-0.044491	-0.032554	-0.018183	-0.036910	-0.044164	1.066624	-0.049975	-0.015391	-0.028283	-0.017953	-0.000450	-0.026300	-0.001263	-0.009190	0.010343	-0.005831	-0.014032	0.012839	-0.000421	-0.001330	-0.001425	-0.032299	-0.021359	0.000165	-0.015862	-0.002868	-0.003777	0.007536	-0.033564	-0.027553	-0.030550	-0.004704	-0.009218	-0.040707	-0.007622	-0.000345	-0.083810	-0.033376	-0.024417	-0.024031	-0.028979	-0.018271	-0.005381	-0.031400	0.008037	-0.013721	-0.031988	-0.020209	-0.041083	-0.019159	-0.024089	-0.016561	-0.002806	-0.036695	-0.031190	-0.011332	-0.036849	-0.039197	-0.040964	-0.008941	0.028944	-0.002015	0.005296	-0.002114	-0.028308	-0.007034	-0.013011	-0.015011	-0.030333	-0.024234	-0.001453	-0.038614	-0.023419	-0.033249	-0.019405	
0.090275	-0.017805	-0.014743	0.006616	-0.044398	-0.049975	0.922850	0.014958	0.029470	0.074277	-0.068250	0.023530	-0.001289	-0.058335	-0.056017	-0.022260	-0.004487	0.037926	-0.041934	-0.025491	0.012960	-0.048756	0.002752	-0.066476	-0.023604	-0.009473	0.227106	-0.035830	0.007425	-0.049517	-0.037913	0.033497	-0.066394	-0.034303	-0.034487	-0.044581	-0.123876	-0.008761	-0.081659	0.030073	0.064366	-0.053173	0.023433	-0.008692	0.001576	0.004823	-0.006469	-0.047223	0.022397	-0.057070	0.013239	0.005993	-0.074808	-0.000069	-0.052300	0.068679	-0.058665	0.005168	-0.022598	0.007276	-0.020180	0.016790	-0.068060	0.007692	-0.022964	0.036749	0.055870	-0.087867	-0.019541	-0.002392	-0.003368	-0.014650	0.005836	-0.018802	-0.044670	
0.262350	-0.055700	0.001779	-0.066158	-0.030974	-0.015391	0.014958	0.904416	-0.003356	-0.015602	-0.051377	-0.012861	-0.015807	-0.021659	-0.004192	-0.004503	-0.000458	-0.047125	-0.047882	-0.015268	0.013060	-0.055065	-0.002100	-0.041077	0.033139	-0.004708	0.038786	-0.050921	0.039661	-0.032580	0.036857	0.009430	-0.033861	0.002715	0.013295	-0.042508	-0.007339	-0.040886	-0.015465	-0.021893	-0.051484	-0.044279	-0.020657	-0.012977	-0.042686	0.007219	-0.046606	-0.014787	-0.012323	-0.018136	-0.048435	0.003676	-0.016730	-0.032907	-0.056790	0.018069	0.000245	0.011625	0.046006	-0.005785	0.004929	-0.037405	-0.039045	-0.037457	-0.009667	0.042699	0.043720	-0.040663	-0.011109	-0.009368	-0.018143	0.002128	0.025060	-0.045649	-0.011131	
0.002909	-0.060583	-0.009388	-0.013348	0.006954	-0.028283	0.029470	-0.003356	1.012017	-0.005514	-0.005106	0.011610	-0.020994	-0.018272	-0.005709	-0.019432	-0.015171	0.010076	-0.019352	0.002286	-0.017685	0.008744	-0.005960	-0.027111	-0.022245	0.009901	0.068653	-0.027668	-0.031131	-0.021156	-0.053852	-0.006623	-0.011230	-0.005202	0.000019	-0.018809	0.064417	-0.014454	-0.025102	-0.018546	-0.014303	-0.021144	-0.001568	-0.022505	-0.037836	-0.031112	-0.027028	-0.024057	-0.027530	-0.039398	-0.015229	-0.018741	-0.016878	-0.012679	-0.032506	-0.033919	-0.023832	-0.031784	-0.010454	-0.027697	-0.024227	-0.012139	-0.004953	-0.002143	0.006591	-0.012944	0.005365	0.011435	-0.020458	-0.021235	-0.023709	-0.023335	-0.031496	-0.013976	-0.019773	
0.186852	0.020064	0.022664	-0.026601	-0.015194	-0.017953	0.074277	-0.015602	-0.005514	0.900831	-0.036957	-0.030423	-0.049140	-0.001151	-0.016654	-0.021870	-0.002172	-0.032232	-0.023899	-0.015395	-0.020404	0.001005	-0.014884	-0.022879	-0.025122	0.011451	-0.080103	-0.030438	-0.017608	-0.047150	-0.029376	-0.000600	0.000648	-0.006413	0.009343	-0.034559	-0.089405	-0.006296	0.018050	0.017351	-0.059991	-0.009070	-0.014119	-0.020319	-0.036762	-0.020074	-0.013432	-0.020970	-0.024850	0.007331	-0.026768	-0.022072	0.001845	-0.050072	0.009015	-0.015749	0.012610	-0.048919	0.023258	-0.016674	-0.017576	-0.018173	-0.016992	-0.011710	0.012425	0.002088	-0.043209	-0.024435	0.009939	-0.017320	-0.044997	-0.009968	-0.028074	0.029757	-0.028195	
0.054188	-0.060540	0.006991	-0.014105	-0.023896	-0.000450	-0.068250	-0.051377	-0.005106	-0.036957	1.054417	-0.002769	-0.047229	0.007182	-0.026641	-0.011402	0.000184	0.010864	-0.046819	-0.020089	-0.016445	-0.028402	-0.007222	-0.010906	-0.008664	-0.019294	-0.014714	-0.000811	-0.024226	-0.004871	-0.026352	-0.027706	-0.006009	-0.015943	-0.038045	-0.023911	0.002197	-0.015906	-0.014537	0.001741	-0.021437	0.009700	-0.021603	-0.001085	-0.010828	-0.019183	-0.040366	-0.050082	-0.010244	-0.012025	-0.029603	-0.025360	-0.026233	-0.016476	-0.031383	-0.035331	-0.022261	-0.036049	-0.027459	-0.007164	-0.002926	-0.010144	-0.005436	-0.014338	-0.015323	-0.009866	-0.015364	0.011071	-0.002572	-0.028403	-0.006266	-0.021454	-0.010255	-0.042463	-0.036515	
0.064236	-0.013510	0.006957	-0.040042	-0.012469	-0.026300	0.023530	-0.012861	0.011610	-0.030423	-0.002769	0.984071	-0.012636	-0.013872	-0.008838	-0.023125	-0.015195	-0.033313	-0.038198	-0.022633	-0.003273	-0.003965	-0.016779	-0.026808	-0.010793	-0.028352	0.052387	-0.020210	-0.024986	-0.017197	-0.013743	-0.033681	-0.033138	0.002184	-0.012257	-0.014687	-0.029566	-0.024837	-0.028286	-0.025454	0.005275	-0.021094	-0.031875	-0.010958	-0.026451	-0.034493	-0.007114	-0.018016	-0.003942	-0.015708	-0.034995	-0.016196	-0.027741	-0.017813	-0.014191	-0.026523	-0.023815	0.009832	-0.016958	-0.019508	-0.036650	0.006108	-0.015600	0.002421	0.000305	-0.019058	0.011869	-0.021257	-0.004772	-0.014259	-0.036076	-0.013014	0.009697	-0.033025	0.005556	
-0.024897	-0.004372	-0.010905	-0.035924	-0.035694	-0.001263	-0.001289	-0.015807	-0.020994	-0.049140	-0.047229	-0.012636	1.029833	-0.010417	-0.017696	0.017249	0.007087	0.010059	0.003458	-0.030551	-0.036590	-0.001545	-0.022853	0.009947	-0.004134	-0.026584	-0.109001	-0.031694	-0.033120	-0.036581	-0.008318	-0.021994	-0.044138	-0.027664	-0.007118	-0.007455	0.058185	-0.005992	-0.008993	-0.042448	-0.021974	-0.014352	0.042095	-0.022236	-0.033413	-0.023749	-0.020596	0.003558	0.000085	-0.021029	-0.033114	-0.010590	-0.016603	-0.005222	-0.040839	-0.007496	-0.030785	-0.034921	-0.028515	-0.037429	-0.011071	0.002471	-0.011360	0.005737	-0.047127	-0.006724	-0.017795	-0.011652	-0.025184	-0.000319	0.030874	-0.029406	-0.040695	-0.015832	-0.019259	
0.045099	0.008127	-0.020331	0.011488	-0.014062	-0.009190	-0.058335	-0.021659	-0.018272	-0.001151	0.007182	-0.013872	-0.010417	1.043280	0.018718	-0.030367	-0.012502	-0.025756	-0.009590	-0.014040	-0.047572	-0.010611	-0.029107	-0.008708	-0.021105	-0.016603	-0.010969	-0.022988	-0.046481	-0.019557	-0.040111	-0.008454	-0.031756	-0.038810	-0.012859	-0.003527	0.016800	-0.019471	-0.020173	0.001715	0.006962	0.023082	-0.024048	-0.015862	-0.008461	-0.006633	-0.036377	-0.032650	-0.036690	-0.029950	-0.021195	-0.002035	-0.038457	-0.014720	-0.026074	-0.006346	-0.026203	-0.013869	-0.021129	-0.000937	-0.035953	-0.001531	-0.020680	-0.016766	-0.009039	-0.022347	-0.024933	-0.002835	-0.018140	-0.037583	-0.011148	-0.030049	-0.003924	0.000070	-0.018283	
-0.138703	-0.092143	-0.004592	-0.058436	0.008774	0.010343	-0.056017	-0.004192	-0.005709	-0.016654	-0.026641	-0.008838	-0.017696	0.018718	0.904422	-0.026848	0.014233	-0.053392	-0.020588	0.022477	-0.023525	-0.003813	0.018099	-0.027557	-0.012327	0.032184	-0.039733	-0.022406	-0.049379	-0.013525	0.018086	-0.019332	-0.027262	-0.016191	-0.000247	-0.001029	0.045208	-0.032609	0.003554	-0.035414	-0.010941	-0.005929	-0.027516	-0.029815	-0.077945	-0.016605	-0.062306	-0.017430	-0.045169	-0.045636	0.011534	-0.021705	-0.019664	0.054269	-0.018721	-0.060688	-0.007368	0.006085	0.016424	-0.041161	-0.047392	0.015765	0.005500	-0.013097	-0.033893	0.047297	-0.017815	-0.051474	-0.010866	-0.023571	0.017682	-0.022184	-0.040527	-0.006692	-0.020629	
0.024667	-0.037676	-0.023919	-0.005325	-0.001061	-0.005831	-0.022260	-0.004503	-0.019432	-0.021870	-0.011402	-0.023125	0.017249	-0.030367	-0.026848	0.940968	-0.009143	-0.056284	-0.021683	-0.028509	0.001947	-0.030142	-0.007488	-0.017918	0.002769	-0.015355	-0.076492	-0.003799	-0.008614	-0.017848	0.013409	0.012633	-0.028644	0.006423	-0.005373	-0.007454	0.052137	-0.028887	-0.035903	-0.020406	0.007551	-0.024126	-0.022829	-0.024567	-0.036060	-0.009369	-0.025106	-0.011874	-0.023858	-0.012212	-0.022283	-0.007293	-0.027446	-0.009645	0.007353	-0.011369	-0.036477	-0.017723	-0.039894	-0.015378	-0.000008	-0.014781	-0.017053	-0.015757	-0.014293	0.000885	0.002667	-0.035430	-0.008317	-0.023457	-0.021286	-0.016548	-0.017821	-0.031112	-0.023293	
-0.142138	-0.031345	0.024895	-0.017545	-0.007210	-0.014032	-0.004487	-0.000458	-0.015171	-0.002172	0.000184	-0.015195	0.007087	-0.012502	0.014233	-0.009143	0.986117	0.011397	-0.033012	-0.030915	-0.001623	-0.028902	-0.024254	-0.016338	-0.011682	-0.007790	0.061982	-0.031168	-0.025771	0.001345	0.003906	-0.053912	-0.032301	-0.016503	-0.023610	-0.007160	0.016697	-0.018457	-0.010948	-0.010185	-0.035692	-0.026110	-0.004790	-0.013605	-0.016787	-0.013014	-0.045657	-0.043750	-0.010664	-0.026838	-0.036830	-0.028132	-0.021048	-0.011857	-0.008258	0.003143	-0.027593	-0.036835	-0.047994	-0.021617	-0.030497	-0.025500	0.013991	-0.007136	-0.030220	0.006452	-0.002930	0.027584	-0.034407	-0.004851	-0.007674	-0.009955	-0.024663	-0.011063	-0.011707	
0.072454	-0.024296	-0.005314	-0.004501	-0.034444	0.012839	0.037926	-0.047125	0.010076	-0.032232	0.010864	-0.033313	0.010059	-0.025756	-0.053392	-0.056284	0.011397	1.043965	-0.006543	-0.022549	-0.003515	0.049357	-0.052498	-0.021484	-0.005954	-0.000055	-0.032090	-0.029825	-0.033624	-0.050955	-0.030664	-0.018914	-0.016983	-0.052992	-0.009181	0.006227	-0.006446	-0.036037	-0.023671	-0.023754	0.002234	-0.038969	-0.039204	-0.019532	-0.013659	-0.023772	-0.038848	-0.028956	-0.022818	-0.027958	-0.029164	-0.042755	-0.010323	-0.022191	-0.019047	-0.027055	-0.012523	0.001754	-0.018465	-0.037783	-0.014813	0.004689	0.001725	-0.037691	0.003862	-0.004899	-0.002820	0.019800	-0.021884	0.006869	-0.034582	-0.032050	-0.029864	-0.014508	0.023607	
-0.102603	-0.016606	-0.037389	-0.021124	-0.028693	-0.000421	-0.041934	-0.047882	-0.019352	-0.023899	-0.046819	-0.038198	0.003458	-0.009590	-0.020588	-0.021683	-0.033012	-0.006543	1.006247	-0.022215	-0.018747	-0.024025	-0.025893	-0.012321	-0.003603	-0.029776	0.073043	-0.006352	-0.038926	-0.003744	-0.010998	-0.033515	-0.023824	-0.015134	-0.025002	-0.008600	-0.058181	0.022765	-0.009650	0.016327	-0.031203	-0.005454	-0.035509	-0.020333	-0.011529	-0.007678	0.000864	-0.000916	-0.042649	-0.002590	-0.023388	-0.020927	-0.028914	-0.036276	-0.030753	-0.019891	0.011110	-0.023280	-0.005316	-0.031151	-0.001598	-0.024832	0.000707	0.019455	-0.018162	-0.015797	-0.015290	-0.002517	-0.014282	0.004651	-0.016945	-0.020067	0.010993	-0.044325	-0.005544	
-0.061348	0.020988	-0.027532	-0.019153	0.015099	-0.001330	-0.025491	-0.015268	0.002286	-0.015395	-0.020089	-0.022633	-0.030551	-0.014040	0.022477	-0.028509	-0.030915	-0.022549	-0.022215	1.016826	-0.018235	-0.009290	-0.008786	-0.005622	-0.016866	-0.011542	-0.074333	-0.000738	-0.026747	-0.042006	-0.012204	-0.027362	-0.011544	-0.009629	-0.039723	-0.031996	-0.073878	-0.004815	-0.005101	-0.034813	0.005943	-0.019828	-0.004108	-0.025709	-0.013730	-0.022218	-0.002791	-0.004906	-0.013269	-0.018555	-0.032990	-0.002124	-0.029353	-0.003508	-0.016886	-0.014818	0.007381	-0.011551	-0.020642	-0.016503	-0.021551	-0.008027	-0.033145	0.001126	-0.024455	-0.016364	-0.027661	-0.009411	0.004727	-0.003235	-0.018270	-0.038177	-0.019391	-0.020674	-0.048297	
-0.124825	0.016194	-0.048837	-0.022739	-0.021084	-0.001425	0.012960	0.013060	-0.017685	-0.020404	-0.016445	-0.003273	-0.036590	-0.047572	-0.023525	0.001947	-0.001623	-0.003515	-0.018747	-0.018235	1.003728	-0.022957	-0.013043	-0.021987	-0.011534	-0.011754	0.033128	-0.004563	-0.006306	-0.019243	-0.017340	-0.021507	-0.020042	-0.013708	-0.001937	-0.002191	0.014676	-0.004507	0.003843	-0.014898	-0.026950	-0.010349	-0.039651	-0.013491	0.004497	-0.014280	0.021420	-0.027382	-0.005650	-0.043197	-0.020767	-0.018302	-0.017632	-0.017013	-0.010353	-0.006302	-0.023759	-0.035464	-0.018161	-0.017235	-0.007789	-0.046312	-0.025256	-0.028625	-0.017723	-0.012546	-0.018570	-0.037207	-0.013979	-0.032811	-0.013687	-0.027696	0.004565	-0.017590	-0.006583	
-0.114824	-0.033790	-0.024957	-0.020141	-0.021363	-0.032299	-0.048756	-0.055065	0.008744	0.001005	-0.028402	-0.003965	-0.001545	-0.010611	-0.003813	-0.030142	-0.028902	0.049357	-0.024025	-0.009290	-0.022957	1.068419	-0.011950	0.008609	-0.018308	-0.016455	-0.038246	-0.025857	-0.002548	-0.009533	-0.029230	-0.035748	-0.031418	-0.027914	-0.014666	-0.019716	-0.063073	-0.028153	-0.023825	-0.021014	-0.016829	-0.008185	0.005443	-0.018929	-0.036875	-0.029695	-0.032000	-0.004667	-0.025764	-0.021160	-0.006412	-0.045722	0.003927	0.023283	-0.012772	-0.012201	-0.019369	-0.003317	-0.032320	-0.038371	-0.018100	-0.005060	-0.033126	-0.033819	0.032203	-0.026304	-0.022452	-0.009987	-0.025306	-0.021872	-0.033469	-0.033962	0.001008	0.003351	-0.025455	
-0.082800	-0.015737	-0.029287	-0.000756	-0.034300	-0.021359	0.002752	-0.002100	-0.005960	-0.014884	-0.007222	-0.016779	-0.022853	-0.029107	0.018099	-0.007488	-0.024254	-0.052498	-0.025893	-0.008786	-0.013043	-0.011950	0.971325	-0.039190	-0.026489	-0.039176	-0.087547	-0.016092	-0.022560	-0.009528	-0.007625	-0.031731	-0.018966	-0.028079	-0.012514	-0.026803	-0.043098	-0.002608	-0.019964	0.002402	-0.025500	0.008295	-0.041113	-0.003997	-0.002045	-0.049942	0.012086	0.027025	-0.007906	-0.005681	0.003490	0.010904	-0.020911	-0.008130	-0.013130	-0.015252	-0.031572	-0.003171	-0.019885	-0.022459	-0.016017	0.001226	-0.029233	-0.007117	0.001369	-0.010060	-0.015325	-0.028748	-0.021432	-0.026400	-0.035392	-0.025129	0.005305	-0.030638	-0.001599	
-0.149229	-0.013539	0.008285	-0.028762	-0.011996	0.000165	-0.066476	-0.041077	-0.027111	-0.022879	-0.010906	-0.026808	0.009947	-0.008708	-0.027557	-0.017918	-0.016338	-0.021484	-0.012321	-0.005622	-0.021987	0.008609	-0.039190	0.986686	-0.036970	-0.027543	-0.015648	-0.025059	-0.013440	-0.001911	-0.038510	-0.011195	-0.019152	-0.010654	-0.047158	-0.026711	0.064217	-0.021152	-0.028989	-0.027220	-0.014741	0.007513	-0.012475	-0.025024	-0.014486	-0.002126	0.020368	-0.027556	-0.010485	0.001025	-0.019882	-0.007832	-0.011998	-0.005582	-0.025390	-0.014484	-0.043430	-0.005025	-0.027903	-0.026716	-0.002395	0.007996	0.001353	-0.008777	-0.006197	-0.011901	-0.008617	-0.023863	0.004140	-0.042047	-0.018781	0.001075	-0.028969	-0.018443	-0.044020	
0.014480	-0.014382	0.008890	-0.003007	0.003992	-0.015862	-0.023604	0.033139	-0.022245	-0.025122	-0.008664	-0.010793	-0.004134	-0.021105	-0.012327	0.002769	-0.011682	-0.005954	-0.003603	-0.016866	-0.011534	-0.018308	-0.026489	-0.036970	0.957825	-0.007302	-0.031472	-0.006846	-0.006913	-0.008727	-0.015242	-0.012452	-0.019290	-0.021856	0.004019	-0.022717	-0.048696	-0.012733	-0.014209	-0.010598	-0.039173	-0.010694	-0.015533	0.001567	-0.022272	-0.012071	-0.011840	-0.027369	-0.029687	-0.019599	0.004267	-0.022935	-0.003150	-0.030714	-0.020785	-0.027619	-0.023680	-0.022072	-0.017324	-0.019322	-0.028535	-0.024798	-0.018520	-0.009358	-0.017227	-0.021489	0.001459	-0.011181	-0.012275	-0.025995	-0.011669	-0.005118	-0.017053	-0.048934	-0.035918	
-0.087854	-0.023682	0.012968	-0.008926	0.004667	-0.002868	-0.009473	-0.004708	0.009901	0.011451	-0.019294	-0.028352	-0.026584	-0.016603	0.032184	-0.015355	-0.007790	-0.000055	-0.029776	-0.011542	-0.011754	-0.016455	-0.039176	-0.027543	-0.007302	0.998343	0.066041	-0.012322	-0.014799	-0.009622	-0.013119	0.004281	-0.009971	-0.029616	-0.009454	-0.006522	0.020829	-0.018261	-0.006735	-0.021273	-0.014879	-0.044305	-0.022185	-0.016214	-0.035458	-0.008655	-0.037385	-0.035095	-0.018580	0.009382	-0.019729	-0.020930	-0.007102	-0.029804	-0.020391	-0.032803	0.002336	-0.037740	-0.021126	-0.020147	-0.005787	-0.018945	-0.017358	-0.034957	-0.015566	-0.014422	-0.018897	-0.027976	-0.016948	-0.026003	-0.031703	0.001060	-0.025970	-0.020127	-0.006110	
0.404740	-0.020164	-0.060970	0.028768	-0.002454	-0.003777	0.227106	0.038786	0.068653	-0.080103	-0.014714	0.052387	-0.109001	-0.010969	-0.039733	-0.076492	0.061982	-0.032090	0.073043	-0.074333	0.033128	-0.038246	-0.087547	-0.015648	-0.031472	0.066041	0.796205	-0.016502	0.029638	-0.043026	0.018139	-0.014752	0.000098	0.000459	0.020871	0.013627	-0.058418	0.036720	0.049855	-0.060180	-0.040030	-0.027305	-0.055489	-0.023234	-0.070166	-0.029296	-0.048631	-0.004333	-0.087701	0.135523	-0.024572	0.004410	-0.030857	-0.006751	-0.063141	-0.011794	0.051346	0.011387	-0.055195	-0.051405	0.030041	-0.078776	0.014978	0.001821	-0.003221	-0.038444	-0.011446	-0.077865	-0.038750	-0.014587	0.062182	-0.032955	-0.013949	-0.021158	-0.114644	
0.118890	-0.018101	-0.024505	-0.033954	-0.029441	0.007536	-0.035830	-0.050921	-0.027668	-0.030438	-0.000811	-0.020210	-0.031694	-0.022988	-0.022406	-0.003799	-0.031168	-0.029825	-0.006352	-0.000738	-0.004563	-0.025857	-0.016092	-0.025059	-0.006846	-0.012322	-0.016502	1.014287	-0.019444	-0.025366	-0.017379	-0.014880	-0.039172	-0.018620	-0.025303	-0.014155	0.064834	-0.021949	0.096058	0.000340	-0.037291	-0.014470	-0.003063	-0.012690	-0.014676	-0.009943	-0.001259	-0.008887	-0.025140	-0.030857	-0.006393	-0.030605	-0.039609	-0.021680	-0.038658	-0.023860	-0.013564	-0.022784	-0.013885	-0.016881	-0.016513	-0.001948	-0.049357	-0.006546	-0.026473	-0.027711	-0.011409	-0.027824	0.008860	-0.035825	0.003589	-0.027638	-0.023847	-0.017421	0.011843	
-0.107290	-0.055168	-0.018151	-0.024269	-0.028179	-0.033564	0.007425	0.039661	-0.031131	-0.017608	-0.024226	-0.024986	-0.033120	-0.046481	-0.049379	-0.008614	-0.025771	-0.033624	-0.038926	-0.026747	-0.006306	-0.002548	-0.022560	-0.013440	-0.006913	-0.014799	0.029638	-0.019444	0.961284	-0.020944	-0.006724	-0.011451	-0.033270	0.056137	-0.020659	0.004619	0.054577	-0.015382	-0.034933	-0.039397	-0.037453	-0.027569	-0.011295	0.006655	0.003361	-0.000336	0.025736	-0.013638	0.021301	-0.004200	0.019173	-0.011078	-0.003460	-0.016171	-0.019600	-0.003624	-0.056815	0.001988	-0.008143	-0.020921	-0.020683	-0.037958	-0.027506	-0.020644	-0.030426	-0.039861	-0.017878	-0.021448	-0.022758	-0.006070	-0.019396	0.006095	-0.016179	0.006782	-0.005618	
-0.055492	-0.013245	-0.006494	-0.012917	-0.004108	-0.027553	-0.049517	-0.032580	-0.021156	-0.047150	-0.004871	-0.017197	-0.036581	-0.019557	-0.013525	-0.017848	0.001345	-0.050955	-0.003744	-0.042006	-0.019243	-0.009533	-0.009528	-0.001911	-0.008727	-0.009622	-0.043026	-0.025366	-0.020944	1.038828	-0.023594	-0.019788	-0.021302	-0.034646	-0.009210	-0.004744	-0.001970	-0.032467	-0.043519	0.008942	-0.010836	-0.002918	-0.026917	-0.003647	0.008248	-0.005102	-0.018769	-0.005742	-0.015680	-0.023556	-0.017959	-0.007692	-0.003367	0.016323	-0.019850	0.005873	-0.000832	-0.014646	-0.017264	-0.038829	-0.026209	-0.004602	-0.039755	-0.040027	-0.033135	-0.013249	-0.033127	0.016853	-0.004417	-0.010918	-0.037935	-0.042632	-0.029294	-0.005377	-0.033997	
0.001789	0.008151	-0.028110	-0.019701	-0.012081	-0.030550	-0.037913	0.036857	-0.053852	-0.029376	-0.026352	-0.013743	-0.008318	-0.040111	0.018086	0.013409	0.003906	-0.030664	-0.010998	-0.012204	-0.017340	-0.029230	-0.007625	-0.038510	-0.015242	-0.013119	0.018139	-0.017379	-0.006724	-0.023594	1.028991	0.012426	-0.025142	-0.020371	-0.000328	-0.008810	0.085063	-0.028031	-0.039183	-0.041765	-0.005116	-0.029193	-0.032776	0.017387	-0.010935	-0.025680	-0.017076	0.000398	-0.031019	-0.031825	-0.013705	-0.028973	-0.002358	-0.010455	0.003455	-0.002017	-0.021326	0.006634	-0.034148	-0.022323	-0.004908	-0.039497	-0.033764	-0.011947	-0.018536	-0.015892	-0.014823	-0.022934	-0.027786	0.008892	-0.001380	-0.003598	-0.004987	-0.046937	-0.018646	
0.263046	-0.001886	-0.023767	-0.016867	-0.039490	-0.004704	0.033497	0.009430	-0.006623	-0.000600	-0.027706	-0.033681	-0.021994	-0.008454	-0.019332	0.012633	-0.053912	-0.018914	-0.033515	-0.027362	-0.021507	-0.035748	-0.031731	-0.011195	-0.012452	0.004281	-0.014752	-0.014880	-0.011451	-0.019788	0.012426	1.021658	-0.013233	-0.030364	-0.019087	-0.004138	-0.073398	-0.023582	-0.030608	-0.000155	-0.015969	-0.001890	-0.004926	-0.023098	-0.016464	-0.005250	-0.022315	-0.011564	-0.006159	0.004589	0.006956	-0.020268	-0.006409	-0.028811	-0.005849	-0.006314	-0.002825	-0.020433	-0.025280	-0.000459	-0.032251	-0.010688	-0.030992	-0.018456	-0.017403	-0.029795	-0.052261	-0.027376	-0.030937	0.002677	-0.004180	-0.025207	-0.042799	-0.015562	-0.018937	
0.195746	-0.014696	-0.047257	-0.022059	-0.034604	-0.009218	-0.066394	-0.033861	-0.011230	0.000648	-0.006009	-0.033138	-0.044138	-0.031756	-0.027262	-0.028644	-0.032301	-0.016983	-0.023824	-0.011544	-0.020042	-0.031418	-0.018966	-0.019152	-0.019290	-0.009971	0.000098	-0.039172	-0.033270	-0.021302	-0.025142	-0.013233	1.058107	-0.022281	-0.015855	0.011527	-0.008940	-0.026489	-0.031411	-0.029440	-0.022930	0.003322	-0.021504	-0.014895	-0.000817	-0.017559	0.027480	-0.028174	-0.013693	-0.023398	-0.011129	-0.004351	0.020068	-0.027653	-0.013957	-0.005943	0.003775	-0.019626	-0.009214	-0.017005	0.003780	-0.009290	-0.000648	-0.004549	-0.019588	-0.031142	-0.024361	-0.000375	-0.018424	-0.020239	-0.008384	-0.041480	-0.000807	-0.012449	-0.017643	
0.015819	-0.043227	-0.010632	-0.036716	0.005790	-0.040707	-0.034303	0.002715	-0.005202	-0.006413	-0.015943	0.002184	-0.027664	-0.038810	-0.016191	0.006423	-0.016503	-0.052992	-0.015134	-0.009629	-0.013708	-0.027914	-0.028079	-0.010654	-0.021856	-0.029616	0.000459	-0.018620	0.056137	-0.034646	-0.020371	-0.030364	-0.022281	1.043458	0.012849	-0.034296	-0.047325	-0.012790	-0.025046	-0.002150	-0.007440	-0.002413	-0.037755	-0.013194	-0.011240	-0.031387	-0.006451	-0.024628	-0.003439	-0.016241	0.003901	-0.005707	0.003502	-0.036163	-0.001335	-0.015989	-0.011101	-0.018757	-0.028804	-0.024335	-0.028567	-0.040294	-0.037066	0.012151	-0.031634	-0.022728	-0.028369	-0.028149	-0.000995	-0.013669	-0.027406	-0.012337	-0.005208	-0.008701	-0.031894	
0.098717	-0.011451	-0.001223	-0.010016	-0.000712	-0.007622	-0.034487	0.013295	0.000019	0.009343	-0.038045	-0.012257	-0.007118	-0.012859	-0.000247	-0.005373	-0.023610	-0.009181	-0.025002	-0.039723	-0.001937	-0.014666	-0.012514	-0.047158	0.004019	-0.009454	0.020871	-0.025303	-0.020659	-0.009210	-0.000328	-0.019087	-0.015855	0.012849	0.992487	-0.019066	-0.082759	-0.014956	-0.028616	0.015349	-0.023781	-0.036321	0.001286	-0.011332	-0.009010	-0.032589	0.009188	-0.013520	-0.014871	-0.038924	-0.000416	-0.023052	-0.002351	-0.010865	-0.007072	-0.005772	-0.015188	-0.028557	-0.009566	-0.028760	-0.010834	-0.042956	-0.040283	-0.018451	-0.015538	-0.002110	-0.038234	0.000371	-0.031130	-0.016011	-0.038907	-0.029551	-0.020185	-0.025854	-0.022683	
-0.071493	0.024419	0.003673	-0.008336	-0.024794	-0.000345	-0.044581	-0.042508	-0.018809	-0.034559	-0.023911	-0.014687	-0.007455	-0.003527	-0.001029	-0.007454	-0.007160	0.006227	-0.008600	-0.031996	-0.002191	-0.019716	-0.026803	-0.026711	-0.022717	-0.006522	0.013627	-0.014155	0.004619	-0.004744	-0.008810	-0.004138	0.011527	-0.034296	-0.019066	0.968989	-0.032387	0.008283	-0.019398	-0.012697	-0.032844	-0.015163	-0.020685	-0.019672	-0.024166	-0.008752	0.007093	-0.001941	-0.008144	-0.024455	-0.004337	-0.039425	-0.035387	-0.041912	0.000824	-0.031216	-0.019206	0.004029	-0.008124	-0.040153	-0.043009	-0.005971	-0.037380	-0.018709	-0.011200	-0.037645	-0.024894	0.014227	-0.017240	-0.012214	0.008584	-0.034892	-0.029584	-0.036426	-0.010016	
-0.403571	-0.046598	-0.090394	0.012893	-0.017020	-0.083810	-0.123876	-0.007339	0.064417	-0.089405	0.002197	-0.029566	0.058185	0.016800	0.045208	0.052137	0.016697	-0.006446	-0.058181	-0.073878	0.014676	-0.063073	-0.043098	0.064217	-0.048696	0.020829	-0.058418	0.064834	0.054577	-0.001970	0.085063	-0.073398	-0.008940	-0.047325	-0.082759	-0.032387	0.856918	-0.005547	0.033326	-0.005544	-0.037891	-0.039040	0.062857	-0.009439	0.047765	0.045732	-0.015466	-0.028296	-0.054314	-0.025289	-0.070994	-0.004312	0.079226	-0.014799	-0.011612	-0.037778	-0.066326	0.047040	-0.053144	0.022555	-0.049204	0.022437	-0.007273	0.017422	-0.042978	-0.041566	0.046702	0.009499	-0.031356	-0.088114	-0.140370	-0.053732	-0.076435	0.046677	-0.065046	
0.136655	-0.001904	-0.006521	-0.039567	-0.011997	-0.033376	-0.008761	-0.040886	-0.014454	-0.006296	-0.015906	-0.024837	-0.005992	-0.019471	-0.032609	-0.028887	-0.018457	-0.036037	0.022765	-0.004815	-0.004507	-0.028153	-0.002608	-0.021152	-0.012733	-0.018261	0.036720	-0.021949	-0.015382	-0.032467	-0.028031	-0.023582	-0.026489	-0.012790	-0.014956	0.008283	-0.005547	0.943141	0.000233	-0.010680	-0.019710	-0.028015	-0.023870	-0.008831	-0.014941	-0.002625	-0.018665	-0.010999	-0.016343	-0.019279	-0.037197	0.008985	-0.040650	0.022780	0.004616	-0.019284	-0.018331	-0.007338	0.003599	-0.010232	-0.029669	-0.010569	-0.022502	-0.008064	0.003698	-0.026507	-0.016723	-0.025075	-0.025860	-0.022391	-0.023407	0.000943	-0.028827	-0.014634	-0.018486	
-0.160665	-0.043016	-0.019400	-0.010716	0.006351	-0.024417	-0.081659	-0.015465	-0.025102	0.018050	-0.014537	-0.028286	-0.008993	-0.020173	0.003554	-0.035903	-0.010948	-0.023671	-0.009650	-0.005101	0.003843	-0.023825	-0.019964	-0.028989	-0.014209	-0.006735	0.049855	0.096058	-0.034933	-0.043519	-0.039183	-0.030608	-0.031411	-0.025046	-0.028616	-0.019398	0.033326	0.000233	1.065830	-0.015627	-0.017633	-0.025234	0.011320	-0.002991	-0.028995	-0.034814	-0.008816	-0.034003	-0.020837	-0.004483	-0.014314	-0.022566	0.004023	-0.023359	-0.036857	-0.007135	-0.038383	-0.034093	-0.007924	0.016625	-0.018968	-0.031880	-0.028654	-0.041535	-0.048832	-0.006190	-0.014632	-0.011354	-0.019161	-0.027405	-0.008547	-0.017845	-0.009276	-0.012678	-0.019487	
-0.010693	0.035083	-0.020807	0.000182	-0.011251	-0.024031	0.030073	-0.021893	-0.018546	0.017351	0.001741	-0.025454	-0.042448	0.001715	-0.035414	-0.020406	-0.010185	-0.023754	0.016327	-0.034813	-0.014898	-0.021014	0.002402	-0.027220	-0.010598	-0.021273	-0.060180	0.000340	-0.039397	0.008942	-0.041765	-0.000155	-0.029440	-0.002150	0.015349	-0.012697	-0.005544	-0.010680	-0.015627	1.014913	-0.027122	-0.022520	-0.010671	-0.043271	-0.025072	-0.018715	-0.050661	-0.016140	-0.006653	-0.030628	-0.046405	-0.005094	0.006466	-0.037695	-0.025530	-0.023078	-0.028861	-0.003262	-0.008211	0.000263	-0.024150	-0.040219	-0.016280	0.000366	-0.025246	-0.015766	-0.033288	0.016201	-0.030206	-0.015426	-0.035305	-0.003519	-0.022547	-0.008095	-0.010792	
-0.029034	-0.037407	-0.013179	-0.020341	-0.046922	-0.028979	0.064366	-0.051484	-0.014303	-0.059991	-0.021437	0.005275	-0.021974	0.006962	-0.010941	0.007551	-0.035692	0.002234	-0.031203	0.005943	-0.026950	-0.016829	-0.025500	-0.014741	-0.039173	-0.014879	-0.040030	-0.037291	-0.037453	-0.010836	-0.005116	-0.015969	-0.022930	-0.007440	-0.023781	-0.032844	-0.037891	-0.019710	-0.017633	-0.027122	1.019895	0.002356	-0.011299	-0.008372	-0.015898	-0.005908	0.000335	-0.006028	-0.025506	-0.012196	-0.051377	-0.031625	-0.002865	0.013986	-0.002012	0.008718	-0.042524	-0.004193	-0.010846	-0.020043	-0.009094	-0.003577	-0.009697	-0.048446	0.020477	-0.010992	-0.016180	-0.032126	-0.006530	-0.010226	-0.022188	-0.035226	-0.042563	-0.007285	-0.009998	
0.078084	0.014449	-0.012598	-0.025331	-0.043766	-0.018271	-0.053173	-0.044279	-0.021144	-0.009070	0.009700	-0.021094	-0.014352	0.023082	-0.005929	-0.024126	-0.026110	-0.038969	-0.005454	-0.019828	-0.010349	-0.008185	0.008295	0.007513	-0.010694	-0.044305	-0.027305	-0.014470	-0.027569	-0.002918	-0.029193	-0.001890	0.003322	-0.002413	-0.036321	-0.015163	-0.039040	-0.028015	-0.025234	-0.022520	0.002356	1.012312	0.000254	-0.038552	-0.015051	-0.019467	-0.022517	-0.026507	-0.032814	-0.024064	-0.013206	-0.005326	-0.031210	-0.041118	-0.024075	-0.026041	-0.024888	0.006317	-0.005409	-0.035159	-0.015121	-0.006386	-0.024459	-0.003035	-0.027976	-0.012209	-0.019358	-0.033770	-0.040267	-0.008488	0.010549	-0.027329	0.002487	-0.013419	-0.008257	
-0.006691	-0.021396	-0.016607	-0.011783	-0.005112	-0.005381	0.023433	-0.020657	-0.001568	-0.014119	-0.021603	-0.031875	0.042095	-0.024048	-0.027516	-0.022829	-0.004790	-0.039204	-0.035509	-0.004108	-0.039651	0.005443	-0.041113	-0.012475	-0.015533	-0.022185	-0.055489	-0.003063	-0.011295	-0.026917	-0.032776	-0.004926	-0.021504	-0.037755	0.001286	-0.020685	0.062857	-0.023870	0.011320	-0.010671	-0.011299	0.000254	1.057013	-0.015338	-0.035497	-0.029480	-0.019984	-0.015125	-0.005217	-0.035014	-0.014232	-0.013355	-0.056378	-0.025526	-0.011067	-0.005836	-0.023000	-0.021994	-0.020276	-0.004456	-0.027227	-0.030312	-0.021836	-0.011642	0.000718	0.003135	-0.035233	-0.006154	-0.022706	-0.022677	-0.016981	-0.003683	-0.034703	-0.040571	-0.005055	
0.083991	-0.021661	-0.041889	-0.010262	-0.026699	-0.031400	-0.008692	-0.012977	-0.022505	-0.020319	-0.001085	-0.010958	-0.022236	-0.015862	-0.029815	-0.024567	-0.013605	-0.019532	-0.020333	-0.025709	-0.013491	-0.018929	-0.003997	-0.025024	0.001567	-0.016214	-0.023234	-0.012690	0.006655	-0.003647	0.017387	-0.023098	-0.014895	-0.013194	-0.011332	-0.019672	-0.009439	-0.008831	-0.002991	-0.043271	-0.008372	-0.038552	-0.015338	0.979718	-0.037664	-0.034196	-0.017387	0.001092	-0.022973	-0.035316	-0.032204	-0.011004	-0.013950	-0.032388	-0.001554	-0.000647	-0.001777	-0.020882	-0.018757	-0.015479	0.006340	-0.003264	-0.025828	-0.029801	-0.020753	-0.011687	-0.025812	-0.022079	-0.004437	-0.013555	-0.004984	-0.012132	-0.007871	0.001138	-0.017222	
-0.060339	-0.019636	-0.021889	-0.039160	-0.014389	0.008037	0.001576	-0.042686	-0.037836	-0.036762	-0.010828	-0.026451	-0.033413	-0.008461	-0.077945	-0.036060	-0.016787	-0.013659	-0.011529	-0.013730	0.004497	-0.036875	-0.002045	-0.014486	-0.022272	-0.035458	-0.070166	-0.014676	0.003361	0.008248	-0.010935	-0.016464	-0.000817	-0.011240	-0.009010	-0.024166	0.047765	-0.014941	-0.028995	-0.025072	-0.015898	-0.015051	-0.035497	-0.037664	1.012877	-0.011241	-0.009070	-0.032329	-0.015261	-0.025837	0.011122	-0.015565	-0.016856	-0.032186	-0.012088	-0.010084	-0.017619	-0.034880	-0.016831	0.004202	-0.022065	-0.006011	-0.012910	-0.021275	-0.005257	-0.029139	-0.032004	-0.024591	-0.014618	-0.009269	-0.017948	0.006339	-0.007484	0.005367	-0.005597	
0.135386	-0.021110	-0.002351	-0.019980	0.006747	-0.013721	0.004823	0.007219	-0.031112	-0.020074	-0.019183	-0.034493	-0.023749	-0.006633	-0.016605	-0.009369	-0.013014	-0.023772	-0.007678	-0.022218	-0.014280	-0.029695	-0.049942	-0.002126	-0.012071	-0.008655	-0.029296	-0.009943	-0.000336	-0.005102	-0.025680	-0.005250	-0.017559	-0.031387	-0.032589	-0.008752	0.045732	-0.002625	-0.034814	-0.018715	-0.005908	-0.019467	-0.029480	-0.034196	-0.011241	0.949212	-0.042557	-0.016286	0.010142	0.005795	-0.001586	-0.000225	-0.007142	-0.019870	-0.016731	-0.002991	-0.007916	-0.020732	-0.013192	-0.026001	-0.002859	-0.010768	-0.009724	-0.018320	-0.031137	-0.037729	-0.014893	-0.027492	-0.033975	-0.000706	-0.011181	0.004668	-0.029625	-0.013152	-0.007415	
-0.046846	0.032734	-0.030207	-0.026502	0.007337	-0.031988	-0.006469	-0.046606	-0.027028	-0.013432	-0.040366	-0.007114	-0.020596	-0.036377	-0.062306	-0.025106	-0.045657	-0.038848	0.000864	-0.002791	0.021420	-0.032000	0.012086	0.020368	-0.011840	-0.037385	-0.048631	-0.001259	0.025736	-0.018769	-0.017076	-0.022315	0.027480	-0.006451	0.009188	0.007093	-0.015466	-0.018665	-0.008816	-0.050661	0.000335	-0.022517	-0.019984	-0.017387	-0.009070	-0.042557	0.931714	-0.011572	-0.020266	-0.013425	-0.026657	-0.007721	-0.000973	-0.002631	-0.046527	-0.007387	-0.050195	0.014622	-0.015719	-0.028610	-0.032732	-0.009125	-0.011210	-0.025173	-0.041622	-0.019623	-0.005719	-0.008248	-0.001459	-0.020178	-0.012780	-0.016083	-0.003027	-0.024101	-0.010395	
-0.071878	0.029542	0.001563	-0.009687	-0.012238	-0.020209	-0.047223	-0.014787	-0.024057	-0.020970	-0.050082	-0.018016	0.003558	-0.032650	-0.017430	-0.011874	-0.043750	-0.028956	-0.000916	-0.004906	-0.027382	-0.004667	0.027025	-0.027556	-0.027369	-0.035095	-0.004333	-0.008887	-0.013638	-0.005742	0.000398	-0.011564	-0.028174	-0.024628	-0.013520	-0.001941	-0.028296	-0.010999	-0.034003	-0.016140	-0.006028	-0.026507	-0.015125	0.001092	-0.032329	-0.016286	-0.011572	0.997480	-0.020439	-0.017820	-0.019495	-0.010458	-0.013349	-0.038470	-0.017569	0.007688	-0.011798	-0.018285	-0.041184	-0.012945	-0.030511	-0.026854	-0.027213	-0.016863	-0.017156	0.002612	-0.005649	-0.026577	-0.009178	-0.022454	-0.004215	-0.005226	-0.030375	-0.030351	0.011797	
-0.061527	-0.047667	-0.035388	-0.023501	-0.031871	-0.041083	0.022397	-0.012323	-0.027530	-0.024850	-0.010244	-0.003942	0.000085	-0.036690	-0.045169	-0.023858	-0.010664	-0.022818	-0.042649	-0.013269	-0.005650	-0.025764	-0.007906	-0.010485	-0.029687	-0.018580	-0.087701	-0.025140	0.021301	-0.015680	-0.031019	-0.006159	-0.013693	-0.003439	-0.014871	-0.008144	-0.054314	-0.016343	-0.020837	-0.006653	-0.025506	-0.032814	-0.005217	-0.022973	-0.015261	0.010142	-0.020266	-0.020439	1.061273	-0.018023	-0.012695	-0.011873	-0.037456	0.003271	-0.023427	-0.008922	-0.023288	-0.001854	-0.033738	-0.017241	-0.021254	-0.003742	-0.015521	-0.025251	-0.038255	-0.020267	-0.012879	-0.013087	0.008813	-0.000503	-0.020701	-0.020607	-0.021630	-0.001323	-0.019558	
0.029067	-0.037750	-0.013022	-0.002666	-0.016740	-0.019159	-0.057070	-0.018136	-0.039398	0.007331	-0.012025	-0.015708	-0.021029	-0.029950	-0.045636	-0.012212	-0.026838	-0.027958	-0.002590	-0.018555	-0.043197	-0.021160	-0.005681	0.001025	-0.019599	0.009382	0.135523	-0.030857	-0.004200	-0.023556	-0.031825	0.004589	-0.023398	-0.016241	-0.038924	-0.024455	-0.025289	-0.019279	-0.004483	-0.030628	-0.012196	-0.024064	-0.035014	-0.035316	-0.025837	0.005795	-0.013425	-0.017820	-0.018023	0.990519	-0.016125	0.003204	0.000173	-0.021273	-0.030450	-0.002211	0.021289	-0.026695	0.008689	-0.031914	-0.014590	-0.031110	-0.006352	-0.016088	0.005489	-0.004143	0.002226	0.017323	-0.007664	-0.048544	-0.001280	-0.014054	-0.015605	-0.026216	-0.019173	
-0.091867	-0.039420	0.006014	-0.021230	-0.019879	-0.024089	0.013239	-0.048435	-0.015229	-0.026768	-0.029603	-0.034995	-0.033114	-0.021195	0.011534	-0.022283	-0.036830	-0.029164	-0.023388	-0.032990	-0.020767	-0.006412	0.003490	-0.019882	0.004267	-0.019729	-0.024572	-0.006393	0.019173	-0.017959	-0.013705	0.006956	-0.011129	0.003901	-0.000416	-0.004337	-0.070994	-0.037197	-0.014314	-0.046405	-0.051377	-0.013206	-0.014232	-0.032204	0.011122	-0.001586	-0.026657	-0.019495	-0.012695	-0.016125	0.965583	-0.018155	-0.009309	-0.009229	-0.024985	-0.021018	-0.015717	-0.015700	-0.017978	-0.021106	-0.013321	-0.003348	-0.012516	-0.024703	0.002160	-0.032227	-0.007814	-0.022267	-0.000312	-0.040803	-0.007931	-0.001019	-0.022621	-0.004716	0.007039	
-0.135485	0.002097	-0.043592	-0.008855	-0.024517	-0.016561	0.005993	0.003676	-0.018741	-0.022072	-0.025360	-0.016196	-0.010590	-0.002035	-0.021705	-0.007293	-0.028132	-0.042755	-0.020927	-0.002124	-0.018302	-0.045722	0.010904	-0.007832	-0.022935	-0.020930	0.004410	-0.030605	-0.011078	-0.007692	-0.028973	-0.020268	-0.004351	-0.005707	-0.023052	-0.039425	-0.004312	0.008985	-0.022566	-0.005094	-0.031625	-0.005326	-0.013355	-0.011004	-0.015565	-0.000225	-0.007721	-0.010458	-0.011873	0.003204	-0.018155	0.992091	-0.012957	-0.009143	0.002020	-0.004034	-0.035209	-0.027019	-0.022567	-0.014283	-0.030542	-0.015779	-0.011578	0.002362	-0.011066	-0.013554	-0.006075	-0.023941	-0.025286	-0.028797	-0.035095	-0.025037	-0.014202	-0.009537	-0.022534	
-0.010651	-0.019628	0.013568	-0.044228	-0.000231	-0.002806	-0.074808	-0.016730	-0.016878	0.001845	-0.026233	-0.027741	-0.016603	-0.038457	-0.019664	-0.027446	-0.021048	-0.010323	-0.028914	-0.029353	-0.017632	0.003927	-0.020911	-0.011998	-0.003150	-0.007102	-0.030857	-0.039609	-0.003460	-0.003367	-0.002358	-0.006409	0.020068	0.003502	-0.002351	-0.035387	0.079226	-0.040650	0.004023	0.006466	-0.002865	-0.031210	-0.056378	-0.013950	-0.016856	-0.007142	-0.000973	-0.013349	-0.037456	0.000173	-0.009309	-0.012957	0.965716	-0.017614	-0.041331	-0.017851	-0.022180	-0.009064	-0.007780	-0.012160	-0.031703	-0.008126	-0.026204	-0.035694	-0.030843	-0.010424	-0.015455	-0.017845	-0.012964	-0.017906	-0.003603	-0.020177	-0.008276	-0.014684	-0.016517	
-0.149298	0.003991	-0.054408	-0.028323	-0.012404	-0.036695	-0.000069	-0.032907	-0.012679	-0.050072	-0.016476	-0.017813	-0.005222	-0.014720	0.054269	-0.009645	-0.011857	-0.022191	-0.036276	-0.003508	-0.017013	0.023283	-0.008130	-0.005582	-0.030714	-0.029804	-0.006751	-0.021680	-0.016171	0.016323	-0.010455	-0.028811	-0.027653	-0.036163	-0.010865	-0.041912	-0.014799	0.022780	-0.023359	-0.037695	0.013986	-0.041118	-0.025526	-0.032388	-0.032186	-0.019870	-0.002631	-0.038470	0.003271	-0.021273	-0.009229	-0.009143	-0.017614	0.991971	-0.009408	-0.008451	-0.001696	-0.000773	-0.001479	-0.024635	0.001523	-0.009316	-0.011821	-0.020116	-0.024040	-0.009867	-0.009253	0.002542	-0.034770	-0.025167	-0.016949	0.000532	-0.018596	-0.006928	-0.027006	
