0.00000000099999999996 0.99999999600000000211 0.00000000099999999996 0.00000000099999999996 0.00000000099999999996 
0.99999999600000000211 0.00000000099999999997 0.00000000099999999997 0.00000000099999999997 0.00000000099999999997 
0.61972912923101075577 0.38027086776898927356 0.00000000099999999997 0.00000000099999999997 0.00000000099999999997 
0.00000000099999999995 0.99999999600000011313 0.00000000099999999995 0.00000000099999999995 0.00000000099999999995 
0.99999999600000011313 0.00000000099999999995 0.00000000099999999995 0.00000000099999999995 0.00000000099999999995 
0.99999999600000011313 0.00000000099999999993 0.00000000099999999993 0.00000000099999999993 0.00000000099999999993 
0.88122411415304824356 0.00000000099999999999 0.00000000099999999999 0.00000000099999999999 0.11877588284695175802 
0.73349788508989688385 0.26650211191010308998 0.00000000099999999996 0.00000000099999999996 0.00000000099999999996 
0.00000000099999999999 0.54788689455287853391 0.13106063041785842582 0.32105247302926293029 0.00000000099999999999 
0.21271738273685625309 0.36299790898545780671 0.13037843201280335803 0.24089352806623781644 0.05301274819864479348 
0.00000000099999999997 0.61960176717808856939 0.38039822982191145995 0.00000000099999999997 0.00000000099999999997 
0.99999999600000000211 0.00000000099999999998 0.00000000099999999998 0.00000000099999999998 0.00000000099999999998 
0.31163166486696985968 0.40763614766538441847 0.18346844633621511855 0.00000000099999999999 0.09726374013143047892 
0.73519260842827605096 0.00000000099999999999 0.00000000099999999999 0.26480738857172403389 0.00000000099999999999 
0.25221969599487087388 0.44646042994934409531 0.00000000100000000000 0.00000000100000000000 0.30131987205578508737 
0.65031357257153632467 0.30117850918166033658 0.00000000099999999999 0.04850791624680347164 0.00000000099999999999 
0.27215042094670716111 0.26833388388633577781 0.00000000099999999999 0.24296985015973807109 0.21654584400721893500 
0.00000000099999999995 0.00000000099999999995 0.99999999599999989108 0.00000000099999999995 0.00000000099999999995 
0.00000000099999999995 0.00000000099999999995 0.99999999600000000211 0.00000000099999999995 0.00000000099999999995 
0.28769657440607276921 0.00000000099999999996 0.71230342259392709359 0.00000000099999999996 0.00000000099999999996 
0.00000000099999999998 0.00000000099999999998 0.58505311977363827491 0.41494687722636158789 0.00000000099999999998 
0.00000000099999999996 0.00000000099999999996 0.99999999600000000211 0.00000000099999999996 0.00000000099999999996 
0.00000000099999999996 0.00000000099999999996 0.99999999600000000211 0.00000000099999999996 0.00000000099999999996 
0.00000000099999999999 0.00000000099999999999 0.60442857565773411288 0.39557142134226569441 0.00000000099999999999 
0.49556804603482312865 0.00000000099999999997 0.50443195096517690068 0.00000000099999999997 0.00000000099999999997 
0.00000000099999999995 0.00000000099999999995 0.99999999599999989108 0.00000000099999999995 0.00000000099999999995 
0.00000000099999999995 0.00000000099999999995 0.99999999600000000211 0.00000000099999999995 0.00000000099999999995 
0.54309194432889784654 0.00000000099999999999 0.38007394551675915961 0.00000000099999999999 0.07683410815434300878 
0.00000000099999999994 0.00000000099999999994 0.99999999599999989108 0.00000000099999999994 0.00000000099999999994 
0.00000000099999999994 0.00000000099999999994 0.99999999600000000211 0.00000000099999999994 0.00000000099999999994 
0.99999999600000011313 0.00000000099999999995 0.00000000099999999995 0.00000000099999999995 0.00000000099999999995 
0.00000000099999999999 0.00000000099999999999 0.45950125542905756459 0.54049874157094246474 0.00000000099999999999 
0.00000000099999999995 0.00000000099999999995 0.99999999599999989108 0.00000000099999999995 0.00000000099999999995 
0.00000000099999999999 0.00000000099999999999 0.53216004105419723036 0.46783995594580257693 0.00000000099999999999 
0.00000000099999999997 0.00000000099999999997 0.99999999599999989108 0.00000000099999999997 0.00000000099999999997 
0.99999999600000011313 0.00000000099999999995 0.00000000099999999995 0.00000000099999999995 0.00000000099999999995 
0.99999999600000011313 0.00000000099999999996 0.00000000099999999996 0.00000000099999999996 0.00000000099999999996 
0.22678759917808580249 0.39004885986588999636 0.04740427411375827682 0.00000000100000000000 0.33575926584226606364 
0.00000000099999999998 0.99999999600000011313 0.00000000099999999998 0.00000000099999999998 0.00000000099999999998 
0.00000000099999999997 0.99999999600000011313 0.00000000099999999997 0.00000000099999999997 0.00000000099999999997 
0.00000000099999999996 0.00000000099999999996 0.00000000099999999996 0.00000000099999999996 0.99999999600000000211 
0.20202826990747979607 0.33323681986662062604 0.00000000100000000000 0.24100537316441503211 0.22372953606148462957 
0.21020071699900275131 0.38908880971141274197 0.00000000099999999999 0.00000000099999999999 0.40071047128958442451 
0.00000000100000000000 0.73071009727779689946 0.00000000100000000000 0.00000000100000000000 0.26928989972220307436 
0.33409189564828267738 0.22222498923743824739 0.00000000186454012795 0.03793565427148238439 0.40574745897825653662 
0.46145081048685832048 0.00000000099999999998 0.00000000099999999998 0.00000000099999999998 0.53854918651314154232 
0.00000000099999999995 0.00000000099999999995 0.00000000099999999995 0.00000000099999999995 0.99999999600000000211 
0.00000000099999999998 0.00000000099999999998 0.00000000099999999998 0.00270349726189079119 0.99729649973810918784 
0.00000000099999999996 0.00000000099999999996 0.00000000099999999996 0.00000000099999999996 0.99999999600000000211 
0.00000000099999999996 0.00000000099999999996 0.00000000099999999996 0.00000000099999999996 0.99999999600000000211 
0.00000000099999999997 0.00000000099999999997 0.00000000099999999997 0.00000000099999999997 0.99999999600000000211 
0.00000000099999999996 0.00000000099999999996 0.00000000099999999996 0.00000000099999999996 0.99999999600000000211 
0.00000000099999999999 0.31076075931534385965 0.00000000099999999999 0.00000000099999999999 0.68923923768465611417 
0.00000000099999999997 0.00000000099999999997 0.00000000099999999997 0.00000000099999999997 0.99999999600000000211 
0.00000000099999999997 0.00000000099999999997 0.00000000099999999997 0.00000000099999999997 0.99999999600000000211 
0.99999999600000011313 0.00000000099999999995 0.00000000099999999995 0.00000000099999999995 0.00000000099999999995 
0.00000000099999999996 0.00000000099999999996 0.00000000099999999996 0.99999999600000000211 0.00000000099999999996 
0.00000000099999999999 0.00000000099999999999 0.49997598043838803461 0.50002401656161177268 0.00000000099999999999 
0.32377029260111167552 0.00000000099999999999 0.33502712533069034517 0.34120258006819781382 0.00000000099999999999 
0.00000000099999999999 0.00000000099999999999 0.49483225185297763371 0.50516774514702234011 0.00000000099999999999 
0.00103167746673245861 0.00000000099999999999 0.44746560803129892259 0.55150271250196858386 0.00000000099999999999 
0.00000000099999999998 0.00000000099999999998 0.99999999599999989108 0.00000000099999999998 0.00000000099999999998 
0.99999999600000011313 0.00000000099999999995 0.00000000099999999995 0.00000000099999999995 0.00000000099999999995 
0.00092884022701545483 0.22041295533679930441 0.25794117005146288690 0.52071703338472230538 0.00000000099999999999 
0.00000000099999999995 0.00000000099999999995 0.00000000099999999995 0.99999999600000000211 0.00000000099999999995 
0.00000000099999999996 0.00000000099999999996 0.00000000099999999996 0.99999999599999989108 0.00000000099999999996 
0.00000000194187833414 0.00000000100000000000 0.31375376164660900846 0.68624623441151266778 0.00000000100000000000 
0.44666608202300739361 0.00000000099999999999 0.00000000099999999999 0.55333391497699258021 0.00000000099999999999 
0.00000000099999999999 0.18143524217073239702 0.00000000099999999999 0.81856475482926771559 0.00000000099999999999 
0.20588476198857644239 0.00000000099999999998 0.00000000099999999998 0.79411523501142355919 0.00000000099999999998 
0.00000000099999999995 0.00000000099999999995 0.00000000099999999995 0.99999999600000000211 0.00000000099999999995 
0.10315320528728114113 0.00000000100000000000 0.13037597995872812762 0.55568830325440676798 0.21078251049958404706 
0.00000000099999999996 0.00000000099999999996 0.00000000099999999996 0.99999999600000000211 0.00000000099999999996 
0.00000000099999999996 0.00000000099999999996 0.00000000099999999996 0.99999999600000000211 0.00000000099999999996 
0.00000000099999999999 0.63640910331692179813 0.00000000099999999999 0.36359089368307828671 0.00000000099999999999 
0.00000000099999999994 0.99999999600000000211 0.00000000099999999994 0.00000000099999999994 0.00000000099999999994 
0.00000000099999999999 0.63407597396090142894 0.00000000099999999999 0.36592402303909854488 0.00000000099999999999 
0.00000000099999999998 0.00000000099999999998 0.00000000099999999998 0.78364212899026775005 0.21635786800973219601 
0.00000000099999999997 0.00000000099999999997 0.00000000099999999997 0.65046128915485779132 0.34953870784514218251 
0.00000000099999999996 0.99999999600000011313 0.00000000099999999996 0.00000000099999999996 0.00000000099999999996 
0.00000000099999999997 0.99999999600000011313 0.00000000099999999997 0.00000000099999999997 0.00000000099999999997 
0.00000000099999999999 0.65125200121659243546 0.00000000099999999999 0.34874799578340753836 0.00000000099999999999 
0.00000000099999999998 0.66118842689610801688 0.00000000099999999998 0.33881157010389190143 0.00000000099999999998 
0.00000000099999999995 0.99999999600000000211 0.00000000099999999995 0.00000000099999999995 0.00000000099999999995 
0.00000000099999999998 0.27931858249945717976 0.00000000099999999998 0.32734971094701759142 0.39333170455352517436 
0.00000000099999999997 0.99999999600000011313 0.00000000099999999997 0.00000000099999999997 0.00000000099999999997 
0.00000000099999999999 0.34579569073968868809 0.00000000099999999999 0.45759386269198143449 0.19661044456832985072 
0.00000000099999999998 0.90481161659515996210 0.00000000099999999998 0.09518838040484001173 0.00000000099999999998 
0.00000000099999999998 0.60630901838636064305 0.00000000099999999998 0.39369097861363938629 0.00000000099999999998 
0.00000000099999999999 0.53508076722814046366 0.00000000099999999999 0.46491922977185956567 0.00000000099999999999 
