0.978280	-0.169774	0.096608	0.101385	0.202590	0.022060	0.165548	-0.041195	0.374198	0.401633	0.047192	0.708367	0.278310	-0.091711	0.153955	0.115096	0.188606	0.194941	0.080354	0.243574	0.040521	0.302715	0.045104	0.354269	0.235212	-0.081566	-0.017202	0.405633	0.127922	-0.121996	0.054536	0.280792	-0.097027	0.087745	-0.257369	-0.213075	0.057694	0.140604	-0.043396	0.028046	0.226368	-0.131805	0.260630	0.148469	-0.102137	-0.153409	0.164829	0.247853	-0.117444	0.075495	-0.115088	0.206722	0.113460	0.179548	0.187571	0.043077	0.134969	0.023374	0.090115	0.149671	0.065098	-0.200068	0.281940	0.037218	0.297188	0.146995	0.270270	-0.101238	0.243800	0.042128	0.080675	0.124125	0.322088	0.076599	0.158980	0.133101	0.232571	0.217518	0.085008	-0.088635	0.018603	0.048884	0.260219	0.153080	0.064389	0.165786	-0.008527	0.214462	0.321281	0.010379	0.074324	0.252653	-0.188748	0.027265	-nan	0.121784	0.085497	-0.044753	-0.072977	-nan	-0.260348	0.142558	-0.160080	-0.148171	-0.129124	-0.020371	0.006600	0.136790	-0.481599	0.128126	-0.414514	0.069117	-0.065338	-0.087081	0.025553	-0.219046	-0.190093	-0.347380	-0.190073	-0.099679	-0.153818	-0.149034	-nan	-0.375083	-0.361319	-0.221994	-0.118206	-0.337393	-0.081354	-0.293275	-0.446443	-0.148899	-nan	0.011012	0.029922	0.074418	-0.149116	-0.240856	-0.261721	0.100962	0.045991	-0.089088	0.048872	0.009663	-0.387639	-0.257692	0.033883	0.018033	-0.371038	-0.098070	-0.198522	0.095641	-0.299094	-0.340756	-0.134758	-0.055904	-0.298398	-0.312808	-0.233335	-0.135895	-0.026686	-0.221291	-0.257173	0.103049	0.002964	-0.320175	-0.297247	-0.116667	-0.111707	-0.169597	0.227095	-0.229316	-0.084922	
-0.169774	0.734875	0.249581	-0.682432	0.222217	0.249581	0.315520	-0.263078	-0.169774	-0.197138	0.070482	-0.364865	0.249581	0.315520	-0.263078	0.070482	0.315520	-0.067987	0.734875	-0.682432	-0.197138	-0.263078	0.249581	0.249581	-0.682432	0.734875	-0.263078	-0.197138	0.222217	-0.169774	-0.197138	-0.197138	-0.682432	0.315520	0.222217	-0.197138	0.315520	-0.197138	0.222217	-0.197138	0.222217	0.222217	-0.169774	-0.682432	0.754027	0.222217	0.222217	0.249581	0.734875	-0.682432	-0.263078	0.734875	-0.263078	-0.169774	-0.197138	-0.169774	0.249581	-0.197138	0.315520	0.734875	0.222217	0.734875	0.222217	-0.263078	0.315520	0.734875	0.270270	-0.576577	0.249581	0.222217	-0.197138	0.222217	-0.263078	-0.197138	-0.576577	-0.263078	-0.197138	0.249581	-0.263078	0.222217	0.249581	0.222217	-0.017437	-0.169774	0.106968	0.315520	-0.682432	-0.263078	-0.169774	0.629622	-0.197138	0.734875	0.222217	0.222217	-nan	-0.440860	-0.580645	0.025316	-0.029412	-nan	-0.580645	-nan	-0.017437	0.206199	-0.263078	0.242684	0.106968	-0.487342	0.206199	0.249581	0.206199	-0.067987	-0.514706	-0.352941	0.417307	0.242684	0.734875	0.222217	0.315520	-0.067987	-0.002048	0.249581	-nan	-0.514706	-0.095351	-0.067987	-0.316456	0.206199	0.315520	0.417307	-0.440860	-0.263078	-nan	-0.487342	-0.067987	-0.095351	0.242684	-0.514706	-0.316456	-1.000000	-0.017437	-0.067987	0.242684	-0.487342	0.889743	0.734875	-0.487342	-1.000000	0.249581	-0.352941	-1.000000	0.242684	0.330603	-0.067987	-0.067987	0.417307	0.734875	0.242684	-0.197138	-0.352941	-1.000000	-0.197138	0.330603	0.889743	-1.000000	0.754027	0.734875	-0.440860	-0.095351	-0.352941	-0.316456	0.889743	-0.580645	
0.096608	0.249581	1.023164	0.270616	0.051398	0.058463	0.097096	0.135996	0.277604	0.018068	0.016420	-0.117030	0.367476	0.006103	0.274623	0.150567	0.198552	0.287328	0.261256	0.356990	0.238485	0.189802	0.410146	0.429284	0.310958	0.245766	0.318969	0.115830	0.221032	0.339757	0.210782	0.078402	-0.071120	0.418841	0.258346	0.089888	-0.192067	0.108610	0.215431	-0.120272	0.289537	-0.035489	0.365597	0.199054	0.317545	0.082307	0.443636	0.165645	0.249058	0.308024	0.332652	0.246693	0.012727	0.390575	-0.025502	0.280145	0.313205	0.132334	-0.215156	0.150047	0.207321	0.346639	0.071504	0.130058	0.131813	0.201681	0.270270	0.243770	0.244572	-0.202725	0.020493	0.142906	0.558280	0.178789	0.153004	0.284848	0.112077	-0.086761	0.230350	0.259129	0.049740	0.139313	0.356247	0.409202	0.109445	0.282245	0.099396	0.192194	0.060395	0.345863	0.107700	0.123984	0.056078	0.019113	-nan	-0.032478	0.017873	-0.227629	-0.480176	-nan	-0.100423	-0.641892	-0.361639	-0.116860	-0.180749	-0.044547	-0.146013	-0.481183	-0.281707	-0.300590	-0.048671	-0.131272	-0.264390	-0.365994	-0.182913	-0.198353	-0.177580	-0.192258	-0.104239	-0.159533	-0.204031	-0.360724	-nan	-0.553339	-0.482178	-0.118975	0.017311	-0.215906	-0.424506	-0.199555	-0.011243	-0.246523	-nan	-0.292262	-0.225214	-0.556120	-0.159613	-0.302098	-0.112324	-0.429702	-0.213110	-0.189580	-0.239564	-0.201672	-0.214705	-0.348751	-0.258202	-0.661736	-0.215012	-0.106743	-0.199308	0.029245	0.040772	-0.055538	-0.282426	-0.151753	-0.423024	-0.066747	-0.231264	-0.313151	0.023166	-0.257423	-0.243036	-0.517841	-0.222445	-0.066104	-0.324794	-0.266882	-0.347748	-0.119675	-0.299240	-0.382916	-0.312606	
0.101385	-0.682432	0.270616	0.997160	0.188472	0.240322	0.150290	0.272273	0.154428	0.185058	0.131823	0.708367	0.257236	0.389253	0.262175	0.181158	0.099230	0.122201	0.244504	0.392236	0.127648	0.154147	0.022025	0.015413	0.486643	0.134418	0.483116	0.097697	0.310348	0.379628	0.197503	0.157049	0.305380	0.073694	0.338053	0.200117	0.185333	-0.186624	0.110297	0.050238	0.064469	0.036790	0.357864	0.002271	0.010969	0.359359	0.421674	-0.129590	0.115905	0.199783	0.019352	0.228591	0.286221	0.381627	0.195053	0.449128	0.031976	0.169813	-0.205616	0.176925	0.190513	-0.118387	0.428687	0.303621	0.052035	-0.201282	0.270270	0.265444	0.174665	0.078629	0.295586	0.329991	0.070236	0.445776	0.089263	0.166959	0.290191	0.262752	0.029643	0.146917	0.342775	0.092862	0.132263	0.025703	0.333998	-0.033191	0.284891	0.098020	0.331238	-0.470218	0.296408	0.400367	0.180439	-0.125392	-nan	-0.129758	-0.040134	-0.136231	-0.218199	-nan	-0.113700	-0.102135	0.029226	-0.432660	-0.192308	-0.567040	-0.213393	-0.395922	-0.240205	-0.258971	-0.208859	-0.324130	-0.269181	-0.202467	-0.575124	-0.320323	-0.386205	-0.165971	-0.203279	-0.212092	-0.210943	-0.230268	-nan	-0.102956	-0.141545	-0.218215	-0.085700	-0.228895	-0.014506	-0.461861	-0.118813	-0.061953	-nan	-0.110733	-0.247625	-0.243994	-0.419239	-0.115783	-0.238659	-0.254353	-0.268548	-0.473068	-0.285827	-0.111149	-0.126305	-0.449270	-0.262958	-0.272532	-0.318414	-0.275976	-0.024481	-0.262173	-0.161165	-0.163758	-0.290066	-0.159171	-0.153428	-0.361666	-0.008744	-0.237583	-0.128955	-0.172175	-0.055305	-0.380954	-0.129599	-0.224013	-0.243363	-0.466953	-0.360640	-0.220979	-0.206384	-0.231071	-0.368300	
0.202590	0.222217	0.051398	0.188472	0.912897	0.165853	-0.157658	0.042732	0.242337	0.051836	-0.039050	-0.117030	0.374957	-0.055708	0.255643	-0.038451	-0.124237	0.017894	0.187096	0.108375	0.017074	0.327943	0.130009	0.312938	-0.039639	0.088016	0.226507	0.162996	0.175436	-0.232923	0.008210	-0.079637	0.115763	0.042829	0.126060	0.249976	0.305241	-0.237651	-0.023707	0.111845	0.374040	0.225653	0.153883	-0.210532	-0.119899	0.146040	0.344600	0.251539	-0.158384	-0.255484	0.082159	0.156105	-0.022094	0.137960	-0.117422	0.044332	0.241771	0.174096	-0.093000	0.055740	-0.094757	-0.102986	0.238801	-0.064625	0.151553	-0.127433	0.270270	-0.083771	-0.253033	0.586724	0.185178	0.031300	-0.032543	0.064276	0.238981	0.120605	0.290303	-0.037281	0.145518	0.260165	0.090727	0.077057	0.121002	0.148657	-0.038125	-0.364266	-0.452255	0.105233	-0.108074	0.734098	0.215469	-0.013872	0.018546	0.374908	-nan	0.034572	-0.140681	-0.175885	0.056600	-nan	0.058984	0.604497	0.046573	-0.002707	-0.195952	-0.289453	-0.177909	-0.288382	-0.133579	0.209706	0.347080	-0.095231	-0.311565	-0.082541	-0.199562	-0.159414	-0.218868	0.126696	-0.380570	-0.038374	-0.361803	-0.217534	-nan	-0.076933	-0.301701	-0.496891	0.163850	0.131285	-0.087040	-0.267611	-0.210278	0.152335	-nan	-0.225938	0.097228	0.060728	-0.325086	-0.043626	-0.366320	-0.145306	0.090999	-0.479437	0.373164	-0.300149	-0.008708	-0.065293	-0.245265	-0.400140	-0.261573	0.204655	0.059851	-0.140345	-0.431788	-0.636383	-0.419366	0.145398	-0.119066	-0.269079	-0.392044	0.118690	0.109290	-0.071582	0.172024	-0.010910	-0.123946	-0.206796	0.025306	0.003948	0.154629	0.006675	0.308917	-0.203689	-0.298679	
0.022060	0.249581	0.058463	0.240322	0.165853	0.976024	0.134966	0.259567	0.299785	-0.028798	0.176675	-0.117030	0.333497	0.082499	0.362788	-0.030527	0.275779	0.176590	0.328464	0.330394	0.207535	-0.043608	0.233659	0.395431	0.188938	0.149551	0.180470	-0.029981	0.266600	0.356919	0.083128	0.137920	-0.002207	-0.026561	0.221880	-0.136594	0.111823	0.014556	0.303343	0.057769	0.090250	0.443729	0.148015	0.013575	0.248729	0.248975	0.223091	-0.031016	0.358820	-0.010704	0.188428	0.257722	0.254961	0.162788	0.161990	0.189748	0.171756	0.010881	0.150148	0.248230	0.231981	0.370003	0.082226	0.075700	-0.198253	0.270429	0.270270	0.302523	-0.108561	-0.116402	0.139891	0.180042	0.080333	0.080421	0.074902	0.353584	0.091042	0.533283	0.282270	0.159539	0.458268	0.181805	0.381840	0.372468	0.213116	0.117827	-0.086485	0.238377	0.411683	0.345863	0.052313	0.352266	-0.056786	0.093016	-nan	-0.171799	-0.481359	-0.189095	-0.213888	-nan	-0.319782	-0.034148	-0.089183	-0.385194	-0.241442	-0.227340	-0.054800	-0.300737	-0.263255	0.054967	-0.143877	-0.185294	-0.416369	-0.473968	-0.506815	0.003929	-0.154469	-0.066788	-0.302927	-0.260088	-0.318153	0.026827	-nan	-0.046936	-0.086831	-0.172272	-0.090070	-0.075413	0.045457	-0.360791	-0.212951	-0.104093	-nan	-0.128915	-0.198062	-0.296061	-0.370849	-0.238301	0.006414	-0.288632	-0.022375	-0.339677	-0.149539	-0.262460	-0.069340	-0.174106	-0.415821	-0.107180	0.172154	-0.414320	-0.406187	-0.254023	-0.188466	-0.114256	-0.143596	-0.106778	-0.310825	-0.117669	-0.251300	-0.384177	-0.339192	-0.464330	-0.320172	-0.288505	-0.308445	-0.358015	-0.102283	0.015580	-0.268918	-0.370769	-0.200571	-0.079152	-0.405568	
0.165548	0.315520	0.097096	0.150290	-0.157658	0.134966	0.955718	-0.093853	0.165548	-0.116715	0.005957	0.708367	-0.171486	0.577926	-0.093853	0.312907	0.687137	0.072356	0.646194	0.215670	0.430808	-0.314634	-0.021687	-0.143976	0.150290	0.646194	-0.159234	-0.116715	-0.185168	0.406619	0.124356	0.458317	-0.359362	0.649266	-0.185168	0.392937	0.446065	0.699389	0.121284	-0.116715	-0.426239	0.121284	0.406619	-0.359362	0.298905	-0.068763	0.389865	-0.412557	0.531134	-0.118291	-0.427815	0.339743	0.147218	0.406619	0.189736	0.713071	-0.143976	0.458317	0.446065	0.339743	-0.119787	0.377613	-0.157658	-0.668886	0.302416	0.071161	0.270270	0.004156	-0.143976	-0.426239	0.189736	0.389865	-0.427815	0.189736	0.082388	-0.668886	0.458317	0.253823	-0.093853	0.148794	-0.106105	0.083413	-0.271354	0.713071	0.328544	0.928087	0.188161	-0.093853	-0.103033	0.147522	-0.116715	0.646194	0.148794	-0.426239	-nan	-0.517857	-0.318017	-0.204159	-0.611765	-nan	-0.724490	1.148649	-0.682432	-0.415739	-0.841216	-0.589873	-0.175355	-0.434147	-0.355042	0.131595	-0.226050	-0.234018	-0.206758	-0.263772	-0.122792	0.429911	0.646194	-0.598569	1.038158	-0.168638	0.287282	-0.037364	-nan	0.272024	-0.447179	-0.234018	-0.353311	-0.722689	0.783388	-0.154231	0.129639	-0.511583	-nan	0.113376	-0.302760	-0.343951	-0.431542	-0.034428	-0.336799	-0.142953	-0.236073	-0.743671	-0.300120	-0.077801	-0.013270	-0.342240	0.006764	-0.296028	-0.037364	-0.140229	-0.421895	-0.124592	0.199510	-0.081312	-0.431542	-0.232443	-0.101169	-0.336799	0.527059	0.134951	-0.180824	-0.020464	0.506460	0.073904	-0.119048	0.027236	-0.035788	-0.803051	-0.516282	-0.061998	-0.245529	0.073904	-1.000000	
-0.041195	-0.263078	0.135996	0.272273	0.042732	0.259567	-0.093853	0.991914	0.042016	-0.107850	0.297488	-0.117030	0.071515	-0.121095	0.326340	0.520888	0.323506	0.018408	-0.065042	0.365807	0.218093	0.216691	0.368400	0.120301	0.050114	0.417967	0.057310	0.192814	0.187761	0.412847	0.311061	0.087130	0.264692	0.228406	0.345644	-0.134127	0.017688	0.251575	0.112452	0.074670	-0.038094	0.145213	0.247806	0.138327	0.111617	0.216699	0.251551	0.223618	0.269527	0.164661	-0.035120	0.209840	0.231930	0.092168	0.285503	0.020498	0.056305	0.332040	0.114261	0.020806	0.251424	0.036716	0.208154	0.070598	0.057272	-0.056623	0.270270	0.369966	0.275038	0.094700	0.218611	0.126437	0.168199	0.436383	0.273197	0.233420	0.161827	0.151767	0.357955	0.208596	0.317022	0.151146	0.401104	0.176335	0.455327	-0.197790	-0.167108	0.559719	0.047804	-0.134734	0.119270	0.145581	0.291484	0.179845	-nan	0.115250	-0.091217	-0.359888	-0.451223	-nan	-0.125466	0.931305	0.439278	-0.150336	-0.253631	-0.375254	-0.011155	-0.528550	-0.354141	-0.067153	-0.248080	-0.297850	-0.385863	-0.069990	-0.357851	-0.088367	-0.254603	-0.024652	-0.315601	-0.429557	-0.125907	-0.205644	-nan	-0.255098	-0.387179	-0.058879	0.008567	-0.168292	-0.164670	-0.493847	-0.093943	-0.061120	-nan	-0.219254	-0.053531	-0.354898	-0.397277	-0.195880	-0.076893	-0.453397	-0.082420	-0.505088	-0.205328	-0.337103	-0.321953	-0.182988	-0.137279	-0.204152	-0.040231	-0.408001	0.020920	-0.064032	-0.431011	-0.069298	-0.159491	-0.290544	-0.414098	-0.178548	-0.103258	-0.355611	-0.192190	-0.210521	-0.222294	-0.355026	-0.335696	-0.118467	-0.228871	-0.194975	-0.482363	-0.209719	-0.226037	-0.408142	-0.227773	
0.374198	-0.169774	0.277604	0.154428	0.242337	0.299785	0.165548	0.042016	0.982342	0.288392	-0.202858	0.708367	0.263157	0.169503	0.190567	-0.133356	0.209703	0.297088	0.222159	0.458397	0.100153	0.052317	0.142272	0.365376	0.336302	0.093484	0.254010	0.354665	0.118886	0.261550	0.083107	0.116701	0.044064	0.356292	-0.010239	-0.082526	-0.056641	0.263836	-0.029840	0.119819	0.121509	0.119211	0.173832	0.076000	0.029589	-0.180966	0.079458	0.152625	-0.084105	0.199676	-0.018055	-0.012000	-0.032570	0.172960	0.165226	0.261417	0.408808	0.108781	0.167910	0.267849	-0.080399	0.127277	0.028293	0.280678	0.191341	0.179412	0.270270	0.371267	-0.126205	0.108531	0.191050	-0.041722	-0.020589	0.245005	0.328803	0.301131	-0.022212	0.001890	0.473709	0.109241	0.312046	0.135509	0.175378	0.345966	0.097595	0.174257	-0.295398	0.175203	0.229290	0.010379	0.086187	0.222535	-0.237568	0.063145	-nan	-0.206404	-0.185829	-0.264986	-0.336938	-nan	-0.574147	0.283598	-0.122594	-0.198805	-0.140752	-0.427131	-0.105487	-0.199966	-0.180365	-0.167197	-0.433626	-0.083969	-0.138451	-0.150209	-0.206561	-0.152715	-0.154565	-0.282414	-0.108041	-0.274955	-0.229097	-0.095477	-nan	-0.249237	-0.432128	-0.313140	0.198016	-0.213546	0.113602	-0.322768	-0.358417	-0.054037	-nan	-0.155837	-0.141194	-0.368732	-0.418917	-0.298520	-0.127245	-0.196858	0.200550	-0.103405	0.051561	-0.220842	-0.259675	-0.334720	0.029427	-0.304713	-0.129254	-0.255883	-0.223780	-0.117437	-0.166260	-0.228485	-0.316753	-0.076865	-0.441013	-0.228389	-0.318506	0.148132	0.098654	-0.259159	-0.110842	-0.327926	-0.214385	-0.339820	-0.177861	-0.083595	-0.227314	-0.145933	0.024279	-0.023985	-0.118235	
0.401633	-0.197138	0.018068	0.185058	0.051836	-0.028798	-0.116715	-0.107850	0.288392	1.036162	0.210840	0.708367	0.374570	0.508535	0.118015	0.097736	0.072216	-0.056832	0.178523	0.219033	0.243802	0.238159	-0.223814	-0.017694	0.528725	-0.123766	0.046122	0.276255	0.329977	-0.107539	0.071274	0.363087	0.223086	0.085020	0.162682	-0.053823	0.245311	0.119312	0.169449	0.256673	0.379851	0.216181	0.004939	0.115025	0.207756	0.238743	0.265076	0.051329	-0.197383	0.317258	0.277825	-0.022845	-0.034524	0.305301	0.314330	0.014593	-0.208331	-0.160848	0.280542	0.202316	0.267613	-0.094034	0.353174	0.190218	0.151237	0.205428	0.270270	0.147297	0.104466	0.343216	0.309407	0.188810	0.415172	0.224488	0.111207	0.194804	0.214709	-0.081129	0.144861	-0.070411	0.068259	0.047283	0.016866	-0.101674	0.013413	0.127438	0.121777	0.069625	0.345024	-0.081982	0.376044	0.089148	0.119901	0.191204	-nan	-0.243189	-0.120756	-0.382214	0.158002	-nan	-0.447275	-0.714539	-0.055251	-0.207382	0.191388	-0.298336	-0.146761	-0.032338	0.000830	-0.383260	-0.177361	-0.310508	-0.069776	0.183465	0.016418	-0.400622	-0.403004	-0.192935	-0.189435	-0.196176	-0.197616	-0.213715	-nan	0.006063	-0.179226	-0.296378	-0.165833	-0.073577	0.055341	-0.278074	-0.293299	-0.195644	-nan	-0.188272	-0.274703	0.151428	-0.148679	-0.295612	-0.394952	-0.053942	-0.155815	-0.091489	-0.356916	-0.147850	-0.164192	-0.342352	-0.067624	-0.198622	-0.448875	-0.259578	-0.285531	-0.342996	-0.241241	-0.360912	-0.318464	-0.236104	-0.193802	-0.443633	-0.088348	-0.024558	-0.342248	-0.160330	-0.248411	-0.119833	0.015810	-0.117580	-0.229164	-0.165313	-0.159583	-0.110147	-0.080048	-0.115196	0.031450	
0.047192	0.070482	0.016420	0.131823	-0.039050	0.176675	0.005957	0.297488	-0.202858	0.210840	1.032887	0.324456	0.057804	-0.198640	0.129440	0.364617	0.181760	-0.009542	-0.046231	0.126003	0.144344	0.093351	0.029566	0.249501	0.054964	0.166823	0.050968	0.190711	0.158144	0.103459	0.213948	0.283888	0.072055	-0.165733	0.091687	0.383840	0.179228	0.397540	0.098588	0.309367	0.092185	0.094068	-0.250973	0.305324	0.205615	0.361292	0.328716	-0.186211	0.370033	-0.021435	0.143337	0.454553	0.079512	-0.031442	0.223168	0.110998	-0.102105	0.222938	0.524764	0.012944	0.541415	0.275448	0.323686	0.116452	0.122477	0.173425	0.270270	0.099296	0.203295	0.166961	0.024440	0.165531	0.291662	0.426505	0.261657	0.144056	-0.080332	0.239963	0.107995	0.139314	0.141019	0.215791	0.332370	-0.158112	-0.162863	-0.018197	0.038093	0.320416	0.261480	0.147522	0.298353	-0.006028	0.290462	0.463177	-nan	-0.020919	-0.125125	-0.095118	-0.037209	-nan	-0.117492	-0.372548	0.164725	-0.009364	-0.034677	-0.512656	-0.031589	-0.255634	-0.493368	-0.248958	-0.257648	-0.265315	-0.267934	-0.211283	-0.275623	-0.136431	-0.210335	-0.006741	-0.252692	-0.196910	0.021517	-0.262753	-nan	-0.089891	-0.138126	-0.115861	-0.137579	-0.122762	-0.240490	-0.309517	-0.101896	-0.344942	-nan	-0.106469	-0.124249	-0.184788	-0.198767	-0.115962	-0.016648	-0.247608	-0.503239	-0.423404	-0.401620	-0.156253	-0.169077	-0.069343	-0.165313	0.108565	-0.212904	-0.270470	-0.163241	-0.358665	-0.108471	-0.228515	-0.177199	-0.288467	-0.143115	-0.361231	-0.095072	-0.125249	-0.314208	-0.070951	-0.412185	-0.061015	-0.442565	-0.044859	0.148377	-0.020859	-0.211808	-0.175111	-0.449151	-0.321335	-0.302607	
0.708367	-0.364865	-0.117030	0.708367	-0.117030	-0.117030	0.708367	-0.117030	0.708367	0.708367	0.324456	0.708367	-0.117030	0.708367	-0.117030	0.324456	0.708367	-0.540453	-0.117030	0.708367	0.708367	-0.117030	-0.117030	-0.117030	0.708367	-0.117030	-0.117030	0.708367	-0.117030	0.708367	0.708367	0.708367	0.708367	0.708367	-0.117030	0.708367	0.708367	0.708367	-0.117030	0.708367	-0.117030	-0.117030	0.708367	0.708367	0.324456	-0.117030	-0.117030	-0.117030	-0.117030	0.708367	-0.117030	-0.117030	-0.117030	0.708367	0.708367	0.708367	-0.117030	0.708367	0.708367	-0.117030	-0.117030	-0.117030	-0.117030	-0.117030	0.708367	-0.117030	0.270270	0.324456	-0.117030	-0.117030	0.708367	-0.117030	-0.117030	0.708367	0.708367	-0.117030	0.708367	-0.117030	-0.117030	-0.117030	-0.117030	-0.117030	-0.117030	0.708367	0.324456	0.708367	0.708367	-0.117030	0.708367	-0.117030	0.708367	-0.117030	-0.117030	-0.117030	-nan	-1.000000	-0.540453	-nan	-nan	-nan	-1.000000	-nan	-0.364865	-1.000000	-0.576577	-1.000000	-0.364865	-0.174603	-1.000000	-0.364865	-1.000000	-1.000000	-0.174603	1.476190	-1.000000	-1.000000	-0.117030	-0.576577	0.873230	-1.000000	0.284944	-0.576577	-nan	0.284944	-1.000000	-1.000000	0.238095	-1.000000	0.248820	-1.000000	-0.310680	-0.364865	-nan	-0.174603	-0.540453	-0.540453	-1.000000	0.284944	-1.000000	-0.174603	-0.576577	-1.000000	-1.000000	0.238095	-1.000000	-0.576577	0.284944	0.238095	-0.576577	-1.000000	-0.174603	-1.000000	0.238095	-1.000000	-1.000000	-1.000000	-0.576577	-1.000000	0.248820	0.927416	-0.174603	0.248820	0.238095	-1.000000	1.476190	-0.364865	-0.576577	-0.310680	-1.000000	0.238095	1.476190	-1.000000	-1.000000	
0.278310	0.249581	0.367476	0.257236	0.374957	0.333497	-0.171486	0.071515	0.263157	0.374570	0.057804	-0.117030	0.997681	0.236610	0.159497	-0.049823	0.145942	0.174470	0.341905	0.251841	0.317899	0.221056	0.179565	0.315809	0.217886	0.046765	0.030512	0.256666	0.508907	0.068451	0.199068	0.069278	-0.083627	0.157747	0.346550	-0.003834	0.100905	-0.169979	0.249013	-0.042576	0.477061	0.375293	0.442707	0.278568	0.148317	0.126364	0.339870	0.431074	-0.213339	0.298184	0.308067	0.325793	0.041941	0.377058	-0.038563	0.268857	0.142947	-0.180762	-0.094105	-0.049228	0.064245	0.038557	0.245371	0.123911	0.037931	0.284075	0.270270	0.089502	0.137844	0.193847	0.384624	0.170814	0.452284	0.205167	0.233283	0.320660	0.098959	0.121890	0.217872	0.100947	0.299162	0.129583	0.341762	0.249579	0.288929	-0.232341	0.084881	0.157623	0.233987	-0.134734	0.244393	0.067190	-0.104468	0.118298	-nan	0.174279	-0.275516	-0.238186	-0.268586	-nan	-0.215095	-0.002982	0.059383	-0.423461	-0.192899	-0.297749	-0.162730	-0.199439	-0.240510	-0.162137	-0.195991	-0.144546	-0.274006	-0.264097	-0.191999	-0.216617	-0.231376	-0.209027	-0.492311	-0.119404	-0.308927	-0.182658	-nan	-0.381097	-0.453093	-0.407923	0.188781	-0.232007	-0.154536	-0.397195	-0.409453	0.127266	-nan	-0.211948	-0.240172	-0.005186	-0.216117	-0.220194	-0.074687	-0.167963	-0.223108	-0.385602	-0.178806	-0.216156	-0.228540	-0.270823	-0.270130	-0.573643	-0.229746	-0.120911	-0.304710	-0.079247	-0.357547	-0.323154	-0.245626	-0.163473	-0.343245	-0.081065	-0.337518	-0.419868	-0.125590	-0.270196	-0.255320	-0.187550	-0.357831	-0.079346	-0.245609	-0.279468	-0.178623	-0.412446	0.103752	-0.388943	-0.179909	
-0.091711	0.315520	0.006103	0.389253	-0.055708	0.082499	0.577926	-0.121095	0.169503	0.508535	-0.198640	0.708367	0.236610	0.878280	-0.334386	-0.079989	0.292510	-0.153030	0.362935	-0.098599	0.371083	-0.073791	-0.222605	-0.358972	0.389253	0.361429	0.111483	-0.104904	0.191074	0.350073	0.245306	0.156497	0.384992	0.654320	0.236963	-0.029695	0.608231	-0.217366	0.105410	0.138767	-0.137752	0.199333	0.272496	-0.231679	0.329252	0.482853	0.248767	0.013781	0.167333	0.328956	0.010174	-0.012285	-0.148404	0.532997	0.287405	0.273110	-0.195154	0.108392	0.373437	0.499558	0.223731	0.242119	0.112015	0.182884	0.259721	-0.061578	0.270270	0.197519	-0.132231	0.030255	0.506953	0.071423	-0.020015	0.263995	0.235467	-0.084942	0.038685	-0.187477	-0.113423	-0.136852	0.318153	0.094677	-0.421130	0.053562	0.193447	0.444915	0.323624	-0.289641	0.375920	-0.081982	0.245815	0.178621	-0.202418	0.010730	-nan	-0.377404	-0.205947	-0.186773	-0.254420	-nan	-0.467955	-0.429078	0.076956	-0.360631	-0.207800	-0.347574	-0.523099	-0.197799	0.012750	-0.529493	0.054550	-0.366822	0.100885	0.010883	-0.184484	-0.156565	-0.184488	-0.456677	0.019483	-0.407110	-0.052081	-0.058019	-nan	0.334181	-0.209698	-0.277317	-0.305680	-0.225833	0.433898	-0.241082	-0.275378	-0.271782	-nan	-0.079948	-0.280149	0.047379	-0.234987	0.002976	-0.247696	-0.111526	-0.146447	-0.274620	-0.516562	-0.069227	0.395907	-0.187529	-0.026883	-0.581101	-0.294496	-0.360494	-0.355932	-0.492290	0.011035	0.098867	-0.360620	-0.292922	0.028833	-0.178800	-0.050717	0.027839	-0.212438	-0.181304	0.312565	-0.189472	-0.122100	0.376050	-0.090352	-0.506445	-0.424078	-0.069886	-0.047152	0.312562	-0.417650	
0.153955	-0.263078	0.274623	0.262175	0.255643	0.362788	-0.093853	0.326340	0.190567	0.118015	0.129440	-0.117030	0.159497	-0.334386	1.002003	0.465831	0.109187	0.270088	0.261051	0.561235	-0.074046	0.430866	0.246153	0.525319	0.401912	0.007494	0.194839	0.074554	0.094000	0.193456	0.037146	0.220211	0.154213	0.041447	0.122609	0.054589	0.207049	0.048196	0.365987	0.214824	0.393970	0.387430	0.242397	0.122872	0.204390	-0.006837	0.345214	-0.002566	0.044881	0.273710	0.204454	0.048387	0.271061	0.385056	0.016965	0.001154	0.079079	0.063270	0.092302	0.099913	0.187685	0.124111	0.194529	0.159682	-0.209599	-0.021535	0.270270	0.415914	-0.000945	-0.119519	0.053876	0.237487	0.270814	0.273767	0.109752	0.265242	0.344753	0.156905	0.443708	0.350424	0.324675	0.030367	0.358888	0.413642	0.234768	0.315660	0.073906	0.349520	0.235361	0.345863	0.162318	0.409426	0.508725	0.091776	-nan	-0.237023	-0.006979	-0.453594	-0.207681	-nan	-0.357615	0.178363	-0.096404	-0.061039	-0.030694	0.004675	-0.033009	-0.410214	-0.228860	0.126059	0.319459	-0.419426	-0.422244	-0.411986	-0.245581	-0.322570	-0.353780	0.012999	-0.301420	0.060150	-0.146703	-0.394917	-nan	-0.234177	-0.239072	-0.337105	0.097023	-0.245157	-0.245317	-0.263746	-0.121503	0.018881	-nan	-0.318758	-0.444709	-0.391496	-0.372228	-0.289504	-0.400327	-0.389090	-0.162046	-0.239151	0.411102	-0.477665	-0.460467	-0.366535	-0.358947	-0.320179	-0.113286	-0.113514	-0.446999	-0.288992	-0.111283	-0.138887	-0.499446	-0.372458	-0.261774	-0.317024	-0.178696	-0.285026	-0.275108	-0.483485	-0.376750	-0.397045	-0.452526	-0.292277	-0.099312	-0.069443	-0.264995	-0.343969	-0.302258	-0.344463	-0.260348	
0.115096	0.070482	0.150567	0.181158	-0.038451	-0.030527	0.312907	0.520888	-0.133356	0.097736	0.364617	0.324456	-0.049823	-0.079989	0.465831	0.980030	0.308698	0.037080	0.135658	0.362283	0.088272	0.232445	-0.058654	0.156240	0.066813	0.175766	-0.005834	0.276034	0.189408	0.305103	0.150679	0.270123	0.192120	-0.009503	0.076745	-0.124861	0.287765	0.370460	0.324223	0.316491	0.028838	-0.063356	0.098814	0.380581	0.328179	0.081332	0.026423	0.015444	0.235909	0.168136	-0.017165	0.211148	0.165571	0.019845	0.080525	-0.097164	-0.139062	0.207789	0.368881	-0.140594	0.259861	0.222560	0.124481	-0.007946	0.089314	0.052348	0.270270	0.181948	0.101652	0.034463	0.020427	0.125814	0.231134	0.375220	0.108187	0.137419	0.206154	-0.052779	0.280634	0.225147	0.059522	-0.072693	0.354406	0.139557	0.182848	0.218457	0.044762	0.426106	0.154811	0.147522	0.220048	0.171287	0.449233	-0.020222	-nan	0.114253	0.128007	-0.238719	-0.158200	-nan	-0.240144	0.519462	0.254513	0.038238	-0.031025	-0.316651	-0.066540	-0.234563	-0.260783	-0.140910	-0.085274	-0.167073	-0.263755	-0.002456	-0.173351	-0.193962	-0.018568	-0.193487	-0.000674	-0.097932	-0.107383	-0.338461	-nan	-0.182017	-0.120222	-0.162066	-0.073938	-0.366938	-0.287138	-0.296501	-0.277303	-0.140209	-nan	-0.145217	-0.222858	-0.411882	-0.095237	-0.189529	-0.186760	-0.243347	-0.202840	-0.414840	-0.073050	-0.199093	-0.263908	-0.200309	-0.163447	-0.203539	-0.154999	-0.065922	-0.293157	-0.004280	-0.200439	-0.036781	-0.320309	-0.195669	-0.276198	-0.098033	-0.036144	-0.133358	-0.118072	-0.174179	-0.243353	-0.253465	-0.302678	-0.083990	-0.279036	-0.500720	-0.298398	-0.126707	-0.464525	-0.363504	-0.157554	
0.188606	0.315520	0.198552	0.099230	-0.124237	0.275779	0.687137	0.323506	0.209703	0.072216	0.181760	0.708367	0.145942	0.292510	0.109187	0.308698	1.001652	0.302909	0.049927	0.189975	0.389538	-0.010941	0.153394	0.108871	0.110387	0.224221	0.043018	0.316761	0.464997	0.363809	0.215223	0.244216	0.105392	0.143815	0.001624	-0.094647	-0.024171	0.604403	0.434014	0.137606	-0.164610	0.252009	0.205357	0.164530	0.519175	0.162173	0.226016	-0.209320	0.260111	0.140969	0.257996	0.352138	0.023513	0.221286	0.401419	0.155564	-0.083609	0.094710	0.619123	0.152280	0.240351	0.285308	0.134725	-0.167656	0.197723	0.259284	0.270270	0.291270	-0.093587	-0.007939	0.184863	0.281368	0.087934	0.523981	0.365249	-0.164661	0.182064	0.003295	0.103663	0.083529	0.197329	0.143679	0.214372	0.345663	0.117225	0.380066	0.021828	-0.044836	0.128162	0.398615	0.004559	0.270502	-0.012561	0.130123	-nan	0.013421	-0.253313	-0.228471	-0.184079	-nan	-0.291569	-0.151681	0.177856	-0.513033	-0.303083	-0.110584	0.157080	-0.420875	-0.400522	-0.277418	-0.213384	-0.064227	-0.103684	-0.110157	-0.262280	-0.024723	-0.109709	-0.045987	-0.182346	-0.568512	-0.284794	-0.087595	-nan	-0.209601	-0.274555	-0.397226	0.034313	-0.258082	-0.027029	-0.351675	-0.326420	-0.273086	-nan	-0.230990	-0.069765	-0.263293	-0.235822	-0.180055	-0.043653	-0.176323	-0.144651	-0.311652	-0.389794	-0.229590	-0.214478	-0.342065	-0.285121	-0.124277	-0.049039	-0.233357	-0.282367	0.044970	-0.129837	-0.089511	-0.262043	-0.188185	-0.516668	-0.149254	-0.212582	-0.255448	-0.250790	-0.295927	-0.274130	-0.214552	-0.149405	-0.111114	-0.327035	-0.105653	-0.195380	-0.403823	-0.196502	-0.157773	-0.444407	
0.194941	-0.067987	0.287328	0.122201	0.017894	0.176590	0.072356	0.018408	0.297088	-0.056832	-0.009542	-0.540453	0.174470	-0.153030	0.270088	0.037080	0.302909	0.999446	0.114225	0.147259	0.096403	0.167201	0.254094	0.339978	0.116978	0.128444	0.393954	-0.078930	0.232567	0.198395	0.006188	-0.034535	0.015197	0.057712	0.003357	0.125886	-0.255008	0.282361	0.254517	0.343842	0.105486	-0.020431	0.232260	0.041667	0.118407	-0.111270	0.151954	-0.239802	0.246247	0.136625	0.299071	0.203753	0.158315	0.316093	-0.059606	0.244140	0.691800	-0.085413	-0.255608	0.160300	-0.001939	0.303509	0.052835	0.052607	0.264176	0.227991	-1.000000	0.447436	0.001739	-0.460606	-0.119488	0.143274	0.117069	0.021747	0.183211	-0.153315	0.026659	0.381187	0.238301	0.030483	-0.032998	0.250197	0.078737	0.190471	0.062131	0.216605	-0.241747	-0.068738	0.140645	0.091809	0.179691	0.132955	-0.245574	-0.106548	-nan	-0.033263	0.124718	-0.203990	-0.356283	-nan	0.003182	-0.047868	0.086378	-0.131567	-0.089001	-0.008533	0.052485	-0.253301	-0.362752	-0.004682	-0.133819	0.060899	-0.277601	-0.634575	-0.140961	0.201540	-0.232068	-0.105290	-0.216496	-0.024087	-0.223914	-0.219858	-nan	-0.202513	-0.029053	-0.083879	-0.042424	-0.307131	-0.060407	-0.152340	-0.018603	-0.223608	-nan	-0.063517	0.169828	-0.194739	-0.127713	0.007500	-0.019478	-0.337830	-0.216628	-0.099377	-0.198679	-0.155304	-0.250999	-0.368179	-0.075580	-0.186443	-0.176997	-0.092424	-0.110519	-0.107073	-0.175033	0.048052	0.155465	0.082181	-0.349904	-0.131157	-0.299509	-0.139849	0.141159	-0.128623	-0.270703	-0.311172	-0.173948	-0.290784	-0.410242	-0.147701	-0.075201	-0.550615	-0.327225	-0.052468	-0.302561	
0.080354	0.734875	0.261256	0.244504	0.187096	0.328464	0.646194	-0.065042	0.222159	0.178523	-0.046231	-0.117030	0.341905	0.362935	0.261051	0.135658	0.049927	0.114225	0.988637	0.187001	-0.069991	0.004106	0.027950	0.219632	0.343223	0.199867	0.021366	0.017519	0.161455	0.275131	0.092434	0.436380	-0.022641	0.210002	0.261446	0.002390	0.234401	-0.075966	0.252198	-0.076243	0.199504	0.376090	0.164780	-0.009044	0.472334	-0.037827	0.417567	0.174555	0.258270	0.106468	-0.057552	0.232333	0.369491	-0.004716	0.115084	0.353356	-0.001538	0.085272	-0.190917	0.129228	0.148850	0.297737	0.045730	0.168815	-0.271459	0.176822	0.270270	0.248407	-0.115871	0.076104	0.090516	0.390282	0.100262	0.257998	0.044946	0.062053	0.276891	-0.018852	0.118577	0.531695	0.082537	0.089226	0.174514	0.302625	0.181320	0.080502	0.120969	0.217574	0.132213	0.253501	0.162644	0.419477	0.174185	-0.035090	-nan	-0.054957	-0.281079	-0.493268	-0.028585	-nan	-0.312250	0.265167	-0.254851	-0.130344	-0.285605	-0.217206	-0.255372	-0.249774	0.014603	0.040984	-0.224752	-0.236214	-0.272770	-0.396306	-0.194696	-0.214285	0.200363	-0.355983	-0.112324	-0.023632	-0.219292	-0.167352	-nan	-0.100554	-0.243609	-0.321550	-0.283392	-0.333137	-0.015060	-0.110746	-0.151663	-0.064839	-nan	-0.206059	-0.346139	-0.246284	-0.267649	-0.255236	-0.279439	-0.162381	-0.128920	-0.106452	-0.098492	-0.212111	-0.138572	-0.268178	-0.269509	-0.420138	-0.035371	-0.100633	-0.395501	-0.266699	-0.170874	-0.372451	-0.290183	-0.169809	-0.116923	-0.171937	-0.015017	-0.230046	-0.029460	-0.370996	-0.018325	-0.179264	-0.130569	-0.079727	-0.253775	-0.371750	-0.358725	-0.233952	-0.151981	0.073175	-0.166208	
0.243574	-0.682432	0.356990	0.392236	0.108375	0.330394	0.215670	0.365807	0.458397	0.219033	0.126003	0.708367	0.251841	-0.098599	0.561235	0.362283	0.189975	0.147259	0.187001	1.015847	0.168725	0.101390	-0.010902	0.250030	0.192552	0.125847	0.148937	0.448568	0.255928	0.416725	0.284422	0.191763	0.045456	0.104410	0.125109	-0.122635	-0.020774	0.311505	0.442846	0.079975	0.467959	0.027028	0.354132	0.174198	0.190694	0.105168	0.373714	-0.140835	-0.008482	0.333238	0.100053	0.075751	0.365953	0.234263	0.137389	0.304169	0.286933	0.486150	0.327578	-0.076098	0.186372	0.216560	0.282016	0.102633	0.149667	0.219813	0.270270	0.463860	0.044579	-0.290045	0.389588	0.265162	0.153190	0.239473	0.125057	0.257442	0.383940	0.034966	0.300303	0.223445	0.394823	0.231328	0.536208	0.346073	0.329275	0.522009	0.181774	0.148779	0.367574	0.010379	0.335406	0.283696	0.259567	-0.204675	-nan	0.068092	-0.152487	-0.533851	-0.431604	-nan	-0.433675	-0.018031	0.048400	-0.156369	-0.261332	-0.291331	-0.186933	-0.382606	-0.229544	-0.072429	-0.015923	-0.343335	-0.193871	-0.420040	-0.260087	-0.387407	-0.359268	-0.180111	-0.125562	-0.132126	-0.135180	-0.359878	-nan	-0.354838	-0.528837	-0.426950	-0.005678	-0.443697	-0.118344	-0.474804	-0.188541	-0.077234	-nan	-0.174502	-0.420370	-0.558848	-0.444206	-0.380789	-0.319713	-0.267837	0.001821	-0.361626	-0.074825	-0.328471	-0.501655	-0.568402	-0.190132	-0.346377	-0.144982	-0.193514	-0.227774	-0.088388	-0.182001	-0.286339	-0.407880	-0.271141	-0.415405	-0.485510	-0.137076	-0.210562	-0.005930	-0.096453	-0.271318	-0.475688	-0.225356	-0.245436	-0.311878	-0.349780	-0.379845	-0.241447	-0.161923	-0.366280	-0.246790	
0.040521	-0.197138	0.238485	0.127648	0.017074	0.207535	0.430808	0.218093	0.100153	0.243802	0.144344	0.708367	0.317899	0.371083	-0.074046	0.088272	0.389538	0.096403	-0.069991	0.168725	0.979288	0.241768	0.257301	0.066021	0.119281	0.360211	0.196083	0.310268	0.427679	-0.028315	0.293396	0.217378	0.002141	0.295124	0.281016	0.055841	0.126719	0.522569	0.356211	0.270753	0.166764	0.374591	0.223861	0.194075	0.195570	0.163363	0.210034	-0.226763	0.016487	0.202723	0.289676	0.241285	-0.124585	0.365655	0.432836	0.208396	0.138769	0.162259	0.461382	0.118417	0.252686	0.333358	0.155745	0.142350	0.126558	0.281264	0.270270	0.103182	0.260703	-0.094156	0.435195	0.150148	0.320082	0.265253	0.336460	0.369236	0.191433	0.070598	0.201691	-0.017526	0.106202	0.221567	0.176666	0.187870	0.363082	0.530829	0.269631	0.170498	0.102223	0.398615	0.141786	-0.123972	-0.113155	0.045303	-nan	-0.301591	-0.306084	-0.074974	-0.258920	-nan	-0.197545	-0.658009	0.094305	-0.207828	-0.224216	-0.297893	-0.098043	-0.428115	-0.312886	-0.341640	-0.216612	-0.169887	-0.210001	0.014936	-0.292630	-0.140233	-0.230823	-0.094817	-0.091717	-0.433471	-0.102844	-0.110201	-nan	-0.318458	-0.179734	-0.346631	0.028235	-0.165921	-0.082965	-0.544582	-0.296796	-0.190884	-nan	-0.112982	-0.171416	-0.129156	-0.401226	-0.027499	-0.058348	-0.210886	-0.252302	-0.512864	-0.746530	-0.344279	-0.159044	-0.161142	-0.391697	-0.192963	-0.399583	-0.310220	-0.194551	-0.077574	-0.164794	-0.147815	-0.325642	-0.285597	-0.522144	-0.107226	-0.175493	-0.164672	-0.208675	-0.066588	-0.339427	-0.214618	-0.214627	-0.330500	-0.368178	-0.264453	-0.255812	-0.158626	-0.189614	-0.174342	-0.530289	
0.302715	-0.263078	0.189802	0.154147	0.327943	-0.043608	-0.314634	0.216691	0.052317	0.238159	0.093351	-0.117030	0.221056	-0.073791	0.430866	0.232445	-0.010941	0.167201	0.004106	0.101390	0.241768	0.941883	0.231375	0.185628	0.416917	0.223174	0.283713	0.237805	-0.038517	-0.012916	-0.130426	0.201373	0.154595	0.138404	0.197707	-0.006251	0.311111	-0.157650	0.140735	0.186175	0.275020	0.231344	0.127290	0.134492	0.043889	-0.018221	0.342531	0.189191	0.096586	0.386482	0.234853	0.054901	-0.059087	0.364828	0.333575	0.090386	0.196799	-0.012808	0.203064	0.097010	0.142105	0.086194	0.294578	0.357970	-0.180963	-0.127061	0.270270	0.009268	0.360029	-0.045337	0.174286	0.178390	0.174436	0.250264	0.177035	0.268357	0.317136	0.080263	0.375014	0.215530	0.173308	-0.023060	0.259005	0.179723	0.250247	0.152851	-0.037631	0.262139	0.086556	0.345863	0.107983	0.057956	0.141956	0.246745	-nan	-0.251102	-0.024261	-0.073777	-0.112280	-nan	-0.207798	-0.389859	-0.107640	-0.113493	0.109141	0.123771	-0.267484	-0.352428	-0.354049	0.094921	0.186761	-0.183990	-0.272562	-0.172712	-0.080416	-0.248608	-0.241399	-0.078508	-0.363722	0.082282	-0.170349	-0.178356	-nan	-0.358428	-0.305846	-0.382655	0.071969	-0.041542	-0.232334	-0.326456	-0.413156	0.091208	-nan	-0.363637	-0.062268	-0.038371	-0.158045	-0.310813	-0.176071	-0.192120	-0.119355	-0.248512	0.245370	-0.208806	-0.504427	-0.322352	-0.222703	-0.175004	-0.392168	-0.038224	-0.359848	-0.183787	-0.049713	-0.232380	-0.451801	-0.415610	-0.347084	-0.327508	-0.154241	0.074747	-0.170854	-0.278349	-0.099080	-0.349664	-0.278901	-0.442515	-0.310391	-0.129775	-0.069651	-0.333161	-0.144960	-0.261028	-0.253100	
0.045104	0.249581	0.410146	0.022025	0.130009	0.233659	-0.021687	0.368400	0.142272	-0.223814	0.029566	-0.117030	0.179565	-0.222605	0.246153	-0.058654	0.153394	0.254094	0.027950	-0.010902	0.257301	0.231375	1.001864	0.319213	0.104921	0.197771	0.103468	-0.028418	0.018284	0.058404	0.085767	0.180878	0.035738	0.351483	0.376751	0.141571	-0.050533	0.170563	-0.133552	-0.093459	0.130077	0.195348	0.257671	0.199760	0.217849	-0.088626	0.252906	0.099567	0.405728	0.047249	0.065146	0.221780	-0.082601	0.172337	0.168730	0.100201	0.375320	0.090593	0.023324	0.278186	0.144597	0.112255	0.154021	0.230030	0.232752	-0.150544	0.270270	0.147600	0.383374	-0.101664	-0.088470	0.032130	0.227738	0.099242	0.148364	0.245944	0.178872	0.271183	0.306322	0.167615	0.234773	0.188612	0.241633	0.384170	0.275418	0.231964	-0.448391	0.380584	-0.069416	0.345863	-0.005785	-0.022415	0.188163	0.274083	-nan	-0.547073	-0.234276	-0.121142	-0.248677	-nan	-0.109686	-0.159881	-0.443805	-0.114272	-0.353265	0.319259	0.123539	-0.423025	-0.566224	-0.030469	-0.209114	-0.127976	-0.554629	-0.165391	-0.198800	-0.052366	-0.128485	0.049187	-0.380977	-0.139278	0.146870	-0.146586	-nan	-0.358381	-0.246400	-0.144284	0.145027	0.013792	-0.441162	-0.107105	-0.031390	0.010851	-nan	-0.327087	-0.030315	-0.248754	-0.391200	-0.136850	0.066220	-0.452866	-0.177738	-0.194745	0.000058	-0.522388	-0.321942	0.089104	-0.228874	-0.163279	-0.082465	-0.298376	0.108876	-0.138614	-0.048247	0.065729	-0.197709	-0.122872	-0.360232	-0.113516	-0.089566	-0.400604	-0.349058	-0.307716	-0.275711	-0.267230	-0.286737	-0.138612	-0.069078	0.243285	-0.274330	-0.085756	-0.030928	-0.319154	-0.364792	
0.354269	0.249581	0.429284	0.015413	0.312938	0.395431	-0.143976	0.120301	0.365376	-0.017694	0.249501	-0.117030	0.315809	-0.358972	0.525319	0.156240	0.108871	0.339978	0.219632	0.250030	0.066021	0.185628	0.319213	0.974368	0.147326	0.123513	0.160603	0.090176	0.233880	0.200040	0.156988	0.280938	-0.135118	0.166921	-0.071538	0.214921	-0.011484	0.085419	0.116367	0.229621	0.296459	0.032213	0.189161	0.233591	0.139503	0.013988	0.200765	0.217286	-0.039403	0.011232	0.253152	0.460966	0.070786	0.330250	-0.068869	0.117493	0.446035	-0.032176	-0.116234	0.219792	0.250743	0.293837	0.098635	0.171078	0.053615	0.403106	0.270270	0.109350	0.217655	0.072533	-0.091472	0.064668	0.425570	0.127791	0.324388	0.377777	-0.055314	0.335593	0.297148	0.306925	0.143503	0.183683	0.406043	0.305182	0.024748	-0.096080	-0.199003	0.363544	0.287387	0.345863	0.069335	0.103469	-0.157453	0.344195	-nan	-0.105523	-0.098625	-0.149348	-0.243608	-nan	-0.231510	0.283598	-0.232340	0.069754	-0.171989	-0.188110	-0.134804	-0.122944	-0.553355	0.021833	-0.460466	-0.055328	-0.352101	-0.517403	-0.210087	-0.129091	-0.206595	-0.020532	-0.284285	-0.086188	-0.337797	-0.429346	-nan	-0.468139	-0.276075	-0.172336	-0.001428	-0.282040	-0.225296	-0.398341	-0.211183	-0.023327	-nan	-0.285345	-0.106245	-0.428256	-0.295950	-0.254426	-0.185675	-0.420744	-0.197399	-0.275376	0.026280	-0.294129	-0.171875	-0.051829	-0.192893	-0.354641	-0.202875	-0.194582	-0.327941	0.031642	-0.182914	-0.295759	-0.275571	-0.109038	-0.343806	-0.041516	-0.525357	-0.206101	0.011021	-0.362328	-0.460041	-0.215555	-0.480555	-0.275363	-0.140568	0.043153	-0.346945	-0.275269	-0.117222	-0.330144	-0.442462	
