0.000000	0.500000	0.439024	0.439024	0.357143	0.461538	0.375000	0.500000	0.285714	0.292683	0.461538	0.000000	0.341463	0.500000	0.405405	0.425000	0.400000	0.368421	0.439024	0.375000	0.450000	0.315789	0.457143	0.289474	0.384615	0.500000	0.463415	0.289474	0.410256	0.538462	0.435897	0.341463	0.512821	0.435897	0.594595	0.576923	0.433333	0.428571	0.500000	0.450000	0.351351	0.545455	0.365854	0.414634	0.526316	0.564103	0.414634	0.333333	0.500000	0.425000	0.513514	0.365854	0.400000	0.390244	0.384615	0.439024	0.391304	0.459459	0.416667	0.400000	0.450000	0.552632	0.341463	0.435897	0.294118	0.384615	0.000000	0.526316	0.350000	0.428571	0.425000	0.421053	0.325000	0.450000	0.384615	0.394737	0.375000	0.346154	0.439024	0.500000	0.459459	0.421053	0.368421	0.400000	0.435897	0.416667	0.461538	0.382353	0.317073	0.400000	0.444444	0.343750	0.560000	0.454545	-nan	0.444444	0.425000	0.486486	0.516129	-nan	0.605263	0.400000	0.500000	0.564103	0.536585	0.500000	0.487179	0.421053	0.727273	0.421053	0.687500	0.439024	0.512195	0.548387	0.461538	0.594595	0.564103	0.650000	0.575000	0.525000	0.560976	0.564103	-nan	0.682927	0.657895	0.609756	0.550000	0.666667	0.525000	0.631579	0.717949	0.538462	-nan	0.475000	0.461538	0.450000	0.552632	0.589744	0.600000	0.463415	0.450000	0.536585	0.476190	0.473684	0.684211	0.609756	0.463415	0.486486	0.675000	0.526316	0.585366	0.450000	0.641026	0.657895	0.550000	0.512195	0.625000	0.641026	0.600000	0.550000	0.487179	0.585366	0.605263	0.432432	0.500000	0.650000	0.634146	0.550000	0.536585	0.575000	0.378378	0.594595	0.550000	
0.500000	0.000000	0.250000	0.750000	0.250000	0.250000	0.250000	0.500000	0.500000	0.500000	0.333333	0.500000	0.250000	0.250000	0.500000	0.333333	0.250000	0.500000	0.000000	0.750000	0.500000	0.500000	0.250000	0.250000	0.750000	0.000000	0.500000	0.500000	0.250000	0.500000	0.500000	0.500000	0.750000	0.250000	0.250000	0.500000	0.250000	0.500000	0.250000	0.500000	0.250000	0.250000	0.500000	0.750000	0.000000	0.250000	0.250000	0.250000	0.000000	0.750000	0.500000	0.000000	0.500000	0.500000	0.500000	0.500000	0.250000	0.500000	0.250000	0.000000	0.250000	0.000000	0.250000	0.500000	0.250000	0.000000	0.000000	0.666667	0.250000	0.250000	0.500000	0.250000	0.500000	0.500000	0.666667	0.500000	0.500000	0.250000	0.500000	0.250000	0.250000	0.250000	0.333333	0.500000	0.333333	0.250000	0.750000	0.500000	0.500000	0.000000	0.500000	0.000000	0.250000	0.250000	-nan	0.666667	0.750000	0.500000	0.500000	-nan	0.750000	-nan	0.333333	0.333333	0.500000	0.333333	0.333333	0.750000	0.333333	0.250000	0.333333	0.500000	0.750000	0.666667	0.250000	0.333333	0.000000	0.250000	0.250000	0.500000	0.500000	0.250000	-nan	0.750000	0.500000	0.500000	0.666667	0.333333	0.250000	0.250000	0.666667	0.500000	-nan	0.750000	0.500000	0.500000	0.333333	0.750000	0.666667	1.000000	0.333333	0.500000	0.333333	0.750000	0.000000	0.000000	0.750000	1.000000	0.250000	0.666667	1.000000	0.333333	0.333333	0.500000	0.500000	0.250000	0.000000	0.333333	0.500000	0.666667	1.000000	0.500000	0.333333	0.000000	1.000000	0.000000	0.000000	0.666667	0.500000	0.666667	0.666667	0.000000	0.750000	
0.439024	0.250000	0.000000	0.363636	0.433333	0.452381	0.375000	0.414634	0.342105	0.500000	0.500000	0.333333	0.318182	0.437500	0.350000	0.418605	0.395349	0.341463	0.363636	0.325581	0.372093	0.390244	0.289474	0.268293	0.357143	0.348837	0.318182	0.439024	0.365854	0.317073	0.380952	0.454545	0.500000	0.285714	0.350000	0.448276	0.562500	0.458333	0.380952	0.534884	0.350000	0.500000	0.318182	0.409091	0.325000	0.452381	0.295455	0.380952	0.307692	0.325581	0.307692	0.363636	0.465116	0.295455	0.500000	0.340909	0.307692	0.400000	0.538462	0.418605	0.395349	0.292683	0.454545	0.404762	0.368421	0.380952	0.000000	0.365854	0.372093	0.533333	0.465116	0.414634	0.232558	0.418605	0.404762	0.341463	0.441860	0.500000	0.386364	0.348837	0.450000	0.375000	0.341463	0.279070	0.428571	0.333333	0.384615	0.416667	0.454545	0.200000	0.435897	0.400000	0.464286	0.472222	-nan	0.526316	0.465116	0.589744	0.735294	-nan	0.536585	0.833333	0.615385	0.560976	0.568182	0.529412	0.571429	0.731707	0.628571	0.634146	0.529412	0.545455	0.613636	0.696970	0.571429	0.589744	0.571429	0.581395	0.534884	0.558140	0.590909	0.666667	-nan	0.772727	0.725000	0.568182	0.488372	0.619048	0.697674	0.585366	0.500000	0.595238	-nan	0.627907	0.595238	0.767442	0.560976	0.619048	0.540541	0.727273	0.581395	0.590909	0.636364	0.585366	0.609756	0.659091	0.613636	0.825000	0.604651	0.536585	0.590909	0.488372	0.476190	0.525000	0.627907	0.568182	0.697674	0.523810	0.604651	0.651163	0.476190	0.613636	0.609756	0.750000	0.617647	0.534884	0.659091	0.627907	0.659091	0.558140	0.641026	0.675000	0.666667	
0.439024	0.750000	0.363636	0.000000	0.366667	0.357143	0.375000	0.341463	0.394737	0.409091	0.428571	0.000000	0.363636	0.250000	0.350000	0.395349	0.441860	0.414634	0.363636	0.302326	0.418605	0.390244	0.473684	0.463415	0.261905	0.395349	0.227273	0.439024	0.317073	0.292683	0.380952	0.409091	0.309524	0.452381	0.300000	0.379310	0.375000	0.583333	0.428571	0.441860	0.450000	0.458333	0.318182	0.500000	0.475000	0.309524	0.295455	0.523810	0.384615	0.372093	0.461538	0.363636	0.325581	0.295455	0.380952	0.250000	0.423077	0.375000	0.538462	0.395349	0.395349	0.512195	0.272727	0.309524	0.421053	0.571429	0.000000	0.341463	0.395349	0.400000	0.325581	0.317073	0.465116	0.279070	0.428571	0.390244	0.348837	0.321429	0.477273	0.395349	0.300000	0.400000	0.439024	0.465116	0.309524	0.500000	0.307692	0.444444	0.318182	0.600000	0.333333	0.257143	0.392857	0.527778	-nan	0.578947	0.488372	0.538462	0.588235	-nan	0.536585	0.500000	0.384615	0.707317	0.568182	0.764706	0.595238	0.682927	0.600000	0.609756	0.588235	0.636364	0.613636	0.606061	0.761905	0.641026	0.666667	0.558140	0.581395	0.581395	0.590909	0.595238	-nan	0.545455	0.550000	0.613636	0.534884	0.619048	0.488372	0.707317	0.547619	0.500000	-nan	0.534884	0.595238	0.604651	0.682927	0.523810	0.594595	0.636364	0.604651	0.727273	0.636364	0.536585	0.560976	0.704545	0.613636	0.625000	0.651163	0.609756	0.500000	0.627907	0.571429	0.575000	0.627907	0.568182	0.558140	0.666667	0.488372	0.604651	0.547619	0.568182	0.512195	0.675000	0.558824	0.604651	0.613636	0.720930	0.659091	0.604651	0.589744	0.600000	0.690476	
0.357143	0.250000	0.433333	0.366667	0.000000	0.379310	0.500000	0.448276	0.344828	0.433333	0.482759	0.333333	0.266667	0.466667	0.344828	0.482759	0.533333	0.464286	0.366667	0.413793	0.448276	0.296296	0.413793	0.300000	0.482759	0.400000	0.333333	0.379310	0.357143	0.571429	0.448276	0.500000	0.400000	0.448276	0.400000	0.333333	0.307692	0.590909	0.464286	0.400000	0.275862	0.363636	0.400000	0.566667	0.517241	0.379310	0.300000	0.333333	0.500000	0.586207	0.413793	0.366667	0.466667	0.400000	0.533333	0.433333	0.318182	0.379310	0.500000	0.433333	0.500000	0.500000	0.333333	0.482759	0.368421	0.517241	0.000000	0.517241	0.586207	0.142857	0.366667	0.448276	0.466667	0.433333	0.344828	0.379310	0.333333	0.476190	0.400000	0.333333	0.413793	0.400000	0.407407	0.400000	0.482759	0.636364	0.666667	0.400000	0.500000	0.000000	0.344828	0.461538	0.454545	0.285714	-nan	0.461538	0.533333	0.560000	0.458333	-nan	0.444444	0.250000	0.400000	0.481481	0.566667	0.666667	0.586207	0.629630	0.541667	0.379310	0.333333	0.533333	0.633333	0.545455	0.571429	0.560000	0.571429	0.413793	0.655172	0.500000	0.666667	0.586207	-nan	0.533333	0.615385	0.733333	0.413793	0.428571	0.517241	0.607143	0.586207	0.392857	-nan	0.586207	0.428571	0.448276	0.642857	0.482759	0.666667	0.566667	0.413793	0.733333	0.333333	0.629630	0.481481	0.500000	0.600000	0.703704	0.620690	0.392857	0.466667	0.551724	0.714286	0.807692	0.689655	0.400000	0.533333	0.607143	0.689655	0.413793	0.413793	0.500000	0.392857	0.481481	0.571429	0.586207	0.466667	0.482759	0.400000	0.482759	0.346154	0.576923	0.642857	
0.461538	0.250000	0.452381	0.357143	0.379310	0.000000	0.375000	0.350000	0.324324	0.500000	0.400000	0.333333	0.309524	0.400000	0.300000	0.487805	0.341463	0.384615	0.309524	0.317073	0.380952	0.487179	0.361111	0.275000	0.400000	0.390244	0.380952	0.487179	0.325000	0.282051	0.439024	0.404762	0.463415	0.500000	0.358974	0.535714	0.406250	0.478261	0.325000	0.439024	0.435897	0.260870	0.404762	0.476190	0.342105	0.350000	0.380952	0.473684	0.250000	0.476190	0.378378	0.333333	0.341463	0.404762	0.400000	0.380952	0.360000	0.461538	0.384615	0.365854	0.365854	0.275000	0.428571	0.425000	0.555556	0.341463	0.000000	0.333333	0.536585	0.500000	0.404762	0.375000	0.439024	0.439024	0.439024	0.300000	0.452381	0.192308	0.357143	0.390244	0.250000	0.358974	0.300000	0.292683	0.375000	0.416667	0.500000	0.352941	0.261905	0.200000	0.432432	0.294118	0.518519	0.428571	-nan	0.555556	0.707317	0.567568	0.593750	-nan	0.641026	0.500000	0.461538	0.692308	0.595238	0.600000	0.525000	0.641026	0.617647	0.461538	0.562500	0.571429	0.690476	0.741935	0.731707	0.486486	0.560976	0.512195	0.634146	0.609756	0.642857	0.475000	-nan	0.523810	0.526316	0.595238	0.536585	0.550000	0.463415	0.666667	0.600000	0.525000	-nan	0.547619	0.575000	0.634146	0.666667	0.585366	0.485714	0.642857	0.487805	0.666667	0.571429	0.615385	0.538462	0.571429	0.690476	0.552632	0.414634	0.692308	0.690476	0.609756	0.585366	0.552632	0.560976	0.547619	0.634146	0.550000	0.609756	0.682927	0.650000	0.714286	0.641026	0.631579	0.656250	0.658537	0.547619	0.487805	0.619048	0.682927	0.594595	0.526316	0.700000	
0.375000	0.250000	0.375000	0.375000	0.500000	0.375000	0.000000	0.500000	0.375000	0.500000	0.428571	0.000000	0.500000	0.142857	0.500000	0.285714	0.125000	0.428571	0.125000	0.375000	0.250000	0.571429	0.428571	0.500000	0.375000	0.125000	0.500000	0.500000	0.500000	0.250000	0.375000	0.250000	0.625000	0.125000	0.500000	0.250000	0.250000	0.125000	0.375000	0.500000	0.625000	0.375000	0.250000	0.625000	0.285714	0.428571	0.250000	0.625000	0.142857	0.500000	0.625000	0.250000	0.375000	0.250000	0.375000	0.125000	0.500000	0.250000	0.250000	0.250000	0.500000	0.250000	0.500000	0.750000	0.285714	0.375000	0.000000	0.428571	0.500000	0.625000	0.375000	0.250000	0.625000	0.375000	0.428571	0.750000	0.250000	0.285714	0.500000	0.375000	0.500000	0.375000	0.571429	0.125000	0.285714	0.000000	0.375000	0.500000	0.500000	0.250000	0.500000	0.125000	0.375000	0.625000	-nan	0.750000	0.625000	0.600000	0.800000	-nan	0.857143	0.000000	0.750000	0.714286	0.875000	0.800000	0.571429	0.750000	0.666667	0.428571	0.600000	0.625000	0.625000	0.666667	0.571429	0.333333	0.125000	0.750000	0.000000	0.625000	0.375000	0.500000	-nan	0.375000	0.714286	0.625000	0.714286	0.857143	0.125000	0.571429	0.428571	0.714286	-nan	0.500000	0.625000	0.625000	0.714286	0.500000	0.666667	0.625000	0.571429	0.875000	0.666667	0.571429	0.500000	0.625000	0.500000	0.714286	0.500000	0.571429	0.750000	0.571429	0.428571	0.571429	0.714286	0.625000	0.500000	0.666667	0.250000	0.428571	0.625000	0.500000	0.285714	0.500000	0.600000	0.428571	0.500000	0.857143	0.750000	0.571429	0.666667	0.500000	1.000000	
0.500000	0.500000	0.414634	0.341463	0.448276	0.350000	0.500000	0.000000	0.459459	0.536585	0.333333	0.333333	0.439024	0.500000	0.333333	0.225000	0.325000	0.473684	0.512195	0.300000	0.375000	0.368421	0.305556	0.425000	0.461538	0.268293	0.439024	0.384615	0.368421	0.263158	0.325000	0.439024	0.341463	0.384615	0.307692	0.551724	0.468750	0.375000	0.410256	0.439024	0.500000	0.416667	0.365854	0.414634	0.421053	0.358974	0.365854	0.350000	0.307692	0.400000	0.486486	0.365854	0.350000	0.439024	0.350000	0.463415	0.423077	0.307692	0.384615	0.475000	0.350000	0.450000	0.365854	0.435897	0.421053	0.500000	0.000000	0.307692	0.350000	0.400000	0.365854	0.410256	0.400000	0.275000	0.350000	0.358974	0.414634	0.384615	0.317073	0.375000	0.315789	0.384615	0.289474	0.400000	0.256410	0.583333	0.538462	0.205882	0.439024	0.400000	0.405405	0.400000	0.333333	0.388889	-nan	0.411765	0.525000	0.666667	0.718750	-nan	0.552632	0.000000	0.166667	0.578947	0.609756	0.666667	0.512821	0.763158	0.666667	0.526316	0.600000	0.634146	0.682927	0.548387	0.666667	0.540541	0.615385	0.500000	0.650000	0.700000	0.560976	0.600000	-nan	0.634146	0.684211	0.536585	0.500000	0.589744	0.575000	0.736842	0.550000	0.512821	-nan	0.600000	0.512821	0.675000	0.684211	0.575000	0.529412	0.731707	0.525000	0.756098	0.600000	0.657895	0.657895	0.585366	0.560976	0.605263	0.525000	0.692308	0.487805	0.525000	0.717949	0.540541	0.575000	0.634146	0.700000	0.589744	0.550000	0.675000	0.589744	0.585366	0.605263	0.675676	0.677419	0.550000	0.609756	0.600000	0.731707	0.600000	0.611111	0.702703	0.615385	
0.285714	0.500000	0.342105	0.394737	0.344828	0.324324	0.375000	0.459459	0.000000	0.342105	0.583333	0.000000	0.342105	0.375000	0.388889	0.540541	0.378378	0.342857	0.368421	0.243243	0.432432	0.457143	0.428571	0.297297	0.324324	0.421053	0.342105	0.305556	0.400000	0.333333	0.432432	0.421053	0.447368	0.324324	0.486486	0.535714	0.500000	0.391304	0.472222	0.421053	0.416667	0.434783	0.394737	0.447368	0.444444	0.555556	0.447368	0.388889	0.500000	0.378378	0.470588	0.473684	0.473684	0.394737	0.405405	0.342105	0.269231	0.416667	0.384615	0.351351	0.513514	0.405405	0.447368	0.333333	0.368421	0.378378	0.000000	0.305556	0.540541	0.400000	0.368421	0.486486	0.486486	0.368421	0.324324	0.324324	0.500000	0.458333	0.263158	0.421053	0.314286	0.378378	0.400000	0.315789	0.416667	0.416667	0.615385	0.406250	0.342105	0.400000	0.428571	0.363636	0.592593	0.457143	-nan	0.588235	0.567568	0.606061	0.666667	-nan	0.771429	0.400000	0.500000	0.611111	0.552632	0.733333	0.555556	0.600000	0.580645	0.571429	0.733333	0.526316	0.552632	0.600000	0.583333	0.575758	0.567568	0.621622	0.540541	0.621622	0.605263	0.540541	-nan	0.631579	0.705882	0.657895	0.405405	0.611111	0.432432	0.657143	0.675676	0.500000	-nan	0.567568	0.555556	0.675676	0.694444	0.621622	0.548387	0.605263	0.378378	0.552632	0.500000	0.600000	0.628571	0.657895	0.473684	0.657143	0.567568	0.611111	0.605263	0.540541	0.583333	0.617647	0.648649	0.526316	0.702703	0.611111	0.648649	0.432432	0.444444	0.605263	0.542857	0.657143	0.620690	0.648649	0.578947	0.540541	0.605263	0.567568	0.484848	0.500000	0.555556	
0.292683	0.500000	0.500000	0.409091	0.433333	0.500000	0.500000	0.536585	0.342105	0.000000	0.404762	0.000000	0.318182	0.187500	0.425000	0.441860	0.465116	0.512195	0.409091	0.395349	0.372093	0.365854	0.605263	0.487805	0.261905	0.534884	0.454545	0.365854	0.317073	0.536585	0.452381	0.318182	0.357143	0.452381	0.400000	0.517241	0.343750	0.458333	0.404762	0.348837	0.300000	0.375000	0.500000	0.454545	0.375000	0.380952	0.386364	0.428571	0.538462	0.325581	0.333333	0.500000	0.488372	0.340909	0.333333	0.477273	0.576923	0.550000	0.307692	0.395349	0.372093	0.512195	0.318182	0.380952	0.368421	0.380952	0.000000	0.414634	0.441860	0.266667	0.325581	0.390244	0.302326	0.395349	0.428571	0.390244	0.395349	0.500000	0.431818	0.511628	0.450000	0.425000	0.512195	0.534884	0.476190	0.416667	0.384615	0.472222	0.318182	0.400000	0.307692	0.428571	0.428571	0.388889	-nan	0.631579	0.534884	0.666667	0.411765	-nan	0.707317	0.833333	0.461538	0.609756	0.386364	0.647059	0.571429	0.512195	0.485714	0.682927	0.588235	0.636364	0.522727	0.424242	0.476190	0.692308	0.690476	0.581395	0.581395	0.581395	0.590909	0.595238	-nan	0.500000	0.575000	0.659091	0.581395	0.547619	0.465116	0.634146	0.642857	0.571429	-nan	0.581395	0.619048	0.418605	0.560976	0.619048	0.675676	0.545455	0.558140	0.545455	0.681818	0.560976	0.585366	0.659091	0.522727	0.600000	0.720930	0.609756	0.636364	0.674419	0.619048	0.675000	0.651163	0.613636	0.581395	0.714286	0.534884	0.511628	0.666667	0.568182	0.609756	0.550000	0.500000	0.558140	0.613636	0.581395	0.568182	0.558140	0.538462	0.550000	0.500000	
0.461538	0.333333	0.500000	0.428571	0.482759	0.400000	0.428571	0.333333	0.583333	0.404762	0.000000	0.000000	0.476190	0.533333	0.421053	0.309524	0.404762	0.487179	0.523810	0.439024	0.414634	0.435897	0.472222	0.358974	0.487805	0.390244	0.452381	0.400000	0.400000	0.435897	0.375000	0.357143	0.425000	0.575000	0.435897	0.296296	0.366667	0.304348	0.450000	0.317073	0.447368	0.434783	0.619048	0.357143	0.384615	0.317073	0.357143	0.550000	0.250000	0.487805	0.405405	0.261905	0.439024	0.500000	0.375000	0.428571	0.520000	0.358974	0.166667	0.487805	0.238095	0.333333	0.333333	0.414634	0.388889	0.400000	0.000000	0.439024	0.390244	0.357143	0.463415	0.410256	0.365854	0.292683	0.350000	0.410256	0.536585	0.333333	0.452381	0.414634	0.410256	0.342105	0.358974	0.560976	0.560976	0.454545	0.416667	0.352941	0.357143	0.250000	0.342105	0.470588	0.346154	0.257143	-nan	0.529412	0.536585	0.526316	0.515152	-nan	0.538462	0.666667	0.333333	0.512821	0.500000	0.750000	0.512195	0.615385	0.735294	0.615385	0.625000	0.619048	0.619048	0.612903	0.625000	0.567568	0.600000	0.487805	0.609756	0.585366	0.476190	0.625000	-nan	0.547619	0.552632	0.571429	0.560976	0.575000	0.609756	0.650000	0.550000	0.650000	-nan	0.536585	0.550000	0.585366	0.589744	0.525000	0.500000	0.642857	0.731707	0.714286	0.714286	0.564103	0.589744	0.523810	0.571429	0.447368	0.609756	0.625000	0.571429	0.682927	0.550000	0.605263	0.585366	0.642857	0.560976	0.675000	0.536585	0.560976	0.650000	0.523810	0.692308	0.526316	0.718750	0.523810	0.428571	0.512195	0.595238	0.585366	0.710526	0.657895	0.675000	
0.000000	0.500000	0.333333	0.000000	0.333333	0.333333	0.000000	0.333333	0.000000	0.000000	0.000000	0.000000	0.333333	0.000000	0.333333	0.000000	0.000000	0.666667	0.333333	0.000000	0.000000	0.333333	0.333333	0.333333	0.000000	0.333333	0.333333	0.000000	0.333333	0.000000	0.000000	0.000000	0.000000	0.000000	0.333333	0.000000	0.000000	0.000000	0.333333	0.000000	0.333333	0.333333	0.000000	0.000000	0.000000	0.333333	0.333333	0.333333	0.333333	0.000000	0.333333	0.333333	0.333333	0.000000	0.000000	0.000000	0.333333	0.000000	0.000000	0.333333	0.333333	0.333333	0.333333	0.333333	0.000000	0.333333	0.000000	0.000000	0.333333	0.333333	0.000000	0.333333	0.333333	0.000000	0.000000	0.333333	0.000000	0.333333	0.333333	0.333333	0.333333	0.333333	0.333333	0.000000	0.000000	0.000000	0.000000	0.333333	0.000000	0.333333	0.000000	0.333333	0.333333	0.333333	-nan	1.000000	0.666667	-nan	-nan	-nan	1.000000	-nan	0.500000	1.000000	0.666667	1.000000	0.500000	0.666667	1.000000	0.500000	1.000000	1.000000	0.666667	0.000000	1.000000	1.000000	0.333333	0.666667	0.000000	1.000000	0.333333	0.666667	-nan	0.333333	1.000000	1.000000	0.500000	1.000000	0.333333	1.000000	0.500000	0.500000	-nan	0.666667	0.666667	0.666667	1.000000	0.333333	1.000000	0.666667	0.666667	1.000000	1.000000	0.500000	1.000000	0.666667	0.333333	0.500000	0.666667	1.000000	0.666667	1.000000	0.500000	1.000000	1.000000	1.000000	0.666667	1.000000	0.333333	0.000000	0.666667	0.333333	0.500000	1.000000	0.000000	0.500000	0.666667	0.500000	1.000000	0.500000	0.000000	1.000000	1.000000	
0.341463	0.250000	0.318182	0.363636	0.266667	0.309524	0.500000	0.439024	0.342105	0.318182	0.476190	0.333333	0.000000	0.312500	0.400000	0.511628	0.418605	0.390244	0.318182	0.372093	0.325581	0.365854	0.394737	0.317073	0.404762	0.441860	0.454545	0.365854	0.219512	0.439024	0.380952	0.454545	0.500000	0.404762	0.300000	0.482759	0.406250	0.583333	0.357143	0.488372	0.250000	0.291667	0.272727	0.363636	0.400000	0.428571	0.340909	0.238095	0.538462	0.325581	0.307692	0.318182	0.441860	0.295455	0.500000	0.340909	0.384615	0.550000	0.461538	0.511628	0.465116	0.439024	0.363636	0.404762	0.421053	0.333333	0.000000	0.439024	0.418605	0.333333	0.279070	0.390244	0.279070	0.395349	0.357143	0.317073	0.441860	0.392857	0.386364	0.418605	0.325000	0.375000	0.341463	0.348837	0.333333	0.583333	0.384615	0.416667	0.363636	0.400000	0.358974	0.428571	0.535714	0.416667	-nan	0.421053	0.604651	0.589744	0.617647	-nan	0.585366	0.500000	0.384615	0.707317	0.568182	0.647059	0.571429	0.585366	0.600000	0.560976	0.588235	0.545455	0.613636	0.636364	0.571429	0.589744	0.595238	0.581395	0.720930	0.534884	0.636364	0.571429	-nan	0.681818	0.700000	0.704545	0.395349	0.619048	0.558140	0.682927	0.690476	0.404762	-nan	0.581395	0.595238	0.488372	0.585366	0.571429	0.513514	0.590909	0.581395	0.681818	0.590909	0.585366	0.609756	0.613636	0.613636	0.775000	0.604651	0.536585	0.636364	0.534884	0.666667	0.650000	0.604651	0.568182	0.651163	0.523810	0.651163	0.697674	0.547619	0.613636	0.609756	0.575000	0.676471	0.534884	0.613636	0.627907	0.568182	0.697674	0.435897	0.675000	0.595238	
0.500000	0.250000	0.437500	0.250000	0.466667	0.400000	0.142857	0.500000	0.375000	0.187500	0.533333	0.000000	0.312500	0.000000	0.600000	0.466667	0.312500	0.533333	0.250000	0.500000	0.266667	0.466667	0.562500	0.625000	0.250000	0.250000	0.375000	0.500000	0.333333	0.266667	0.312500	0.375000	0.250000	0.125000	0.312500	0.466667	0.142857	0.571429	0.375000	0.375000	0.500000	0.333333	0.312500	0.562500	0.266667	0.187500	0.312500	0.416667	0.333333	0.266667	0.437500	0.437500	0.500000	0.187500	0.312500	0.312500	0.533333	0.400000	0.250000	0.187500	0.312500	0.312500	0.375000	0.333333	0.307692	0.466667	0.000000	0.333333	0.500000	0.416667	0.187500	0.400000	0.437500	0.312500	0.333333	0.466667	0.437500	0.533333	0.500000	0.500000	0.266667	0.375000	0.642857	0.437500	0.333333	0.222222	0.272727	0.571429	0.250000	0.400000	0.312500	0.333333	0.533333	0.437500	-nan	0.666667	0.562500	0.583333	0.615385	-nan	0.714286	0.666667	0.375000	0.666667	0.562500	0.666667	0.733333	0.600000	0.461538	0.733333	0.444444	0.687500	0.437500	0.500000	0.571429	0.571429	0.533333	0.687500	0.466667	0.687500	0.500000	0.500000	-nan	0.312500	0.571429	0.625000	0.666667	0.600000	0.250000	0.600000	0.600000	0.600000	-nan	0.533333	0.625000	0.437500	0.600000	0.466667	0.615385	0.562500	0.533333	0.625000	0.750000	0.533333	0.285714	0.562500	0.500000	0.800000	0.625000	0.666667	0.687500	0.733333	0.500000	0.428571	0.666667	0.625000	0.437500	0.571429	0.500000	0.466667	0.600000	0.562500	0.333333	0.571429	0.583333	0.266667	0.500000	0.733333	0.687500	0.533333	0.538462	0.333333	0.687500	
0.405405	0.500000	0.350000	0.350000	0.344828	0.300000	0.500000	0.333333	0.388889	0.425000	0.421053	0.333333	0.400000	0.600000	0.000000	0.256410	0.435897	0.351351	0.350000	0.205128	0.525000	0.270270	0.371429	0.225000	0.289474	0.475000	0.375000	0.447368	0.421053	0.378378	0.461538	0.375000	0.400000	0.473684	0.421053	0.464286	0.375000	0.478261	0.289474	0.375000	0.289474	0.304348	0.375000	0.425000	0.378378	0.473684	0.325000	0.473684	0.416667	0.350000	0.371429	0.450000	0.333333	0.300000	0.487179	0.475000	0.416667	0.447368	0.416667	0.435897	0.384615	0.410256	0.375000	0.394737	0.555556	0.487179	0.000000	0.289474	0.487179	0.500000	0.450000	0.358974	0.350000	0.358974	0.435897	0.342105	0.325000	0.384615	0.275000	0.307692	0.315789	0.447368	0.315789	0.282051	0.368421	0.333333	0.416667	0.312500	0.350000	0.200000	0.388889	0.272727	0.230769	0.441176	-nan	0.588235	0.487179	0.714286	0.600000	-nan	0.675676	0.400000	0.454545	0.540541	0.500000	0.500000	0.526316	0.702703	0.606061	0.432432	0.333333	0.700000	0.700000	0.724138	0.615385	0.657143	0.666667	0.487179	0.641026	0.461538	0.575000	0.692308	-nan	0.625000	0.611111	0.675000	0.461538	0.631579	0.615385	0.621622	0.564103	0.473684	-nan	0.650000	0.710526	0.692308	0.675676	0.625000	0.696970	0.700000	0.564103	0.625000	0.300000	0.729730	0.729730	0.675000	0.675000	0.666667	0.564103	0.552632	0.725000	0.641026	0.564103	0.583333	0.743590	0.675000	0.625000	0.657895	0.589744	0.641026	0.631579	0.725000	0.684211	0.694444	0.733333	0.641026	0.550000	0.538462	0.625000	0.666667	0.657143	0.666667	0.631579	
0.425000	0.333333	0.418605	0.395349	0.482759	0.487805	0.285714	0.225000	0.540541	0.441860	0.309524	0.000000	0.511628	0.466667	0.256410	0.000000	0.333333	0.450000	0.418605	0.309524	0.428571	0.350000	0.513514	0.400000	0.463415	0.380952	0.465116	0.350000	0.375000	0.325000	0.390244	0.348837	0.365854	0.487805	0.435897	0.535714	0.322581	0.304348	0.317073	0.309524	0.461538	0.521739	0.441860	0.302326	0.325000	0.439024	0.488372	0.450000	0.333333	0.380952	0.473684	0.372093	0.380952	0.465116	0.439024	0.511628	0.520000	0.358974	0.250000	0.547619	0.357143	0.350000	0.418605	0.463415	0.388889	0.439024	0.000000	0.390244	0.428571	0.428571	0.452381	0.425000	0.380952	0.309524	0.414634	0.400000	0.380952	0.481481	0.348837	0.357143	0.435897	0.487179	0.325000	0.404762	0.380952	0.363636	0.416667	0.285714	0.395349	0.250000	0.368421	0.382353	0.259259	0.485714	-nan	0.444444	0.404762	0.589744	0.558824	-nan	0.600000	0.166667	0.250000	0.475000	0.488372	0.625000	0.523810	0.600000	0.617647	0.550000	0.500000	0.558140	0.604651	0.500000	0.560976	0.578947	0.487805	0.571429	0.476190	0.523810	0.534884	0.658537	-nan	0.581395	0.538462	0.581395	0.523810	0.682927	0.619048	0.625000	0.634146	0.536585	-nan	0.547619	0.585366	0.690476	0.525000	0.560976	0.567568	0.627907	0.571429	0.697674	0.523810	0.575000	0.625000	0.581395	0.558140	0.589744	0.571429	0.512195	0.627907	0.500000	0.585366	0.512821	0.642857	0.581395	0.619048	0.536585	0.500000	0.547619	0.536585	0.558140	0.600000	0.615385	0.636364	0.534884	0.627907	0.738095	0.627907	0.547619	0.710526	0.666667	0.585366	
0.400000	0.250000	0.395349	0.441860	0.533333	0.341463	0.125000	0.325000	0.378378	0.465116	0.404762	0.000000	0.418605	0.312500	0.435897	0.333333	0.000000	0.325000	0.465116	0.404762	0.285714	0.475000	0.405405	0.425000	0.452381	0.357143	0.441860	0.341463	0.243902	0.300000	0.365854	0.372093	0.414634	0.414634	0.475000	0.535714	0.483871	0.208333	0.268293	0.404762	0.564103	0.375000	0.395349	0.418605	0.230769	0.404762	0.395349	0.571429	0.307692	0.404762	0.342105	0.302326	0.452381	0.372093	0.292683	0.395349	0.500000	0.425000	0.153846	0.404762	0.372093	0.325000	0.418605	0.547619	0.368421	0.341463	0.000000	0.341463	0.523810	0.466667	0.380952	0.350000	0.452381	0.238095	0.292683	0.550000	0.404762	0.464286	0.441860	0.428571	0.375000	0.384615	0.400000	0.309524	0.414634	0.333333	0.461538	0.514286	0.418605	0.200000	0.487179	0.342857	0.481481	0.416667	-nan	0.500000	0.595238	0.578947	0.575758	-nan	0.625000	0.500000	0.307692	0.750000	0.627907	0.529412	0.414634	0.700000	0.685714	0.625000	0.588235	0.511628	0.534884	0.562500	0.609756	0.500000	0.536585	0.500000	0.571429	0.761905	0.627907	0.536585	-nan	0.604651	0.615385	0.697674	0.476190	0.634146	0.500000	0.658537	0.658537	0.609756	-nan	0.595238	0.512195	0.619048	0.600000	0.560976	0.500000	0.604651	0.547619	0.651163	0.681818	0.600000	0.600000	0.651163	0.627907	0.564103	0.523810	0.600000	0.627907	0.476190	0.560976	0.538462	0.619048	0.581395	0.738095	0.560976	0.595238	0.619048	0.609756	0.627907	0.625000	0.589744	0.575758	0.547619	0.651163	0.547619	0.581395	0.690476	0.589744	0.564103	0.731707	
0.368421	0.500000	0.341463	0.414634	0.464286	0.384615	0.428571	0.473684	0.342857	0.512195	0.487179	0.666667	0.390244	0.533333	0.351351	0.450000	0.325000	0.000000	0.414634	0.400000	0.425000	0.384615	0.361111	0.315789	0.435897	0.400000	0.268293	0.526316	0.342105	0.368421	0.475000	0.487805	0.461538	0.461538	0.486486	0.444444	0.586207	0.380952	0.333333	0.300000	0.432432	0.500000	0.365854	0.463415	0.405405	0.525000	0.414634	0.578947	0.333333	0.400000	0.305556	0.365854	0.375000	0.317073	0.512821	0.341463	0.130435	0.513514	0.583333	0.400000	0.475000	0.315789	0.439024	0.435897	0.333333	0.358974	1.000000	0.263158	0.475000	0.692308	0.525000	0.394737	0.425000	0.475000	0.384615	0.552632	0.475000	0.259259	0.365854	0.450000	0.486486	0.324324	0.447368	0.375000	0.435897	0.400000	0.583333	0.515152	0.390244	0.400000	0.388889	0.406250	0.600000	0.545455	-nan	0.473684	0.425000	0.555556	0.645161	-nan	0.500000	0.500000	0.384615	0.552632	0.512195	0.470588	0.461538	0.631579	0.656250	0.473684	0.529412	0.463415	0.634146	0.806452	0.564103	0.361111	0.589744	0.525000	0.575000	0.500000	0.609756	0.589744	-nan	0.609756	0.513514	0.560976	0.500000	0.641026	0.500000	0.578947	0.487179	0.575000	-nan	0.525000	0.410256	0.600000	0.526316	0.487179	0.514286	0.682927	0.575000	0.560976	0.571429	0.578947	0.605263	0.658537	0.536585	0.567568	0.575000	0.552632	0.560976	0.525000	0.564103	0.486486	0.425000	0.463415	0.650000	0.538462	0.625000	0.550000	0.435897	0.536585	0.605263	0.621622	0.562500	0.625000	0.682927	0.550000	0.536585	0.750000	0.638889	0.486486	0.666667	
0.439024	0.000000	0.363636	0.363636	0.366667	0.309524	0.125000	0.512195	0.368421	0.409091	0.523810	0.333333	0.318182	0.250000	0.350000	0.418605	0.465116	0.414634	0.000000	0.395349	0.511628	0.463415	0.473684	0.365854	0.333333	0.372093	0.454545	0.487805	0.390244	0.341463	0.428571	0.272727	0.476190	0.380952	0.350000	0.482759	0.343750	0.541667	0.357143	0.511628	0.375000	0.291667	0.409091	0.500000	0.250000	0.500000	0.295455	0.380952	0.307692	0.418605	0.487179	0.363636	0.279070	0.477273	0.428571	0.295455	0.461538	0.425000	0.538462	0.418605	0.418605	0.317073	0.454545	0.380952	0.578947	0.380952	0.000000	0.365854	0.534884	0.400000	0.418605	0.292683	0.441860	0.372093	0.452381	0.439024	0.348837	0.464286	0.431818	0.209302	0.425000	0.400000	0.414634	0.325581	0.380952	0.416667	0.384615	0.388889	0.409091	0.200000	0.410256	0.257143	0.392857	0.500000	-nan	0.526316	0.604651	0.717949	0.500000	-nan	0.634146	0.333333	0.538462	0.560976	0.613636	0.588235	0.619048	0.609756	0.485714	0.463415	0.588235	0.590909	0.613636	0.696970	0.571429	0.589744	0.380952	0.651163	0.534884	0.488372	0.590909	0.571429	-nan	0.545455	0.600000	0.659091	0.627907	0.666667	0.488372	0.536585	0.571429	0.500000	-nan	0.581395	0.642857	0.604651	0.609756	0.595238	0.621622	0.590909	0.534884	0.545455	0.545455	0.585366	0.560976	0.613636	0.613636	0.700000	0.511628	0.536585	0.681818	0.627907	0.571429	0.675000	0.627907	0.568182	0.534884	0.571429	0.488372	0.604651	0.500000	0.659091	0.487805	0.575000	0.558824	0.534884	0.613636	0.674419	0.659091	0.604651	0.564103	0.450000	0.595238	
0.375000	0.750000	0.325581	0.302326	0.413793	0.317073	0.375000	0.300000	0.243243	0.395349	0.439024	0.000000	0.372093	0.500000	0.205128	0.309524	0.404762	0.400000	0.395349	0.000000	0.404762	0.425000	0.486486	0.350000	0.414634	0.404762	0.395349	0.275000	0.350000	0.275000	0.341463	0.395349	0.439024	0.439024	0.410256	0.535714	0.483871	0.347826	0.268293	0.428571	0.256410	0.478261	0.325581	0.418605	0.384615	0.439024	0.325581	0.550000	0.461538	0.309524	0.421053	0.441860	0.285714	0.372093	0.414634	0.325581	0.307692	0.230769	0.307692	0.523810	0.404762	0.350000	0.348837	0.414634	0.388889	0.365854	0.000000	0.250000	0.465116	0.600000	0.285714	0.350000	0.428571	0.380952	0.414634	0.350000	0.309524	0.444444	0.348837	0.357143	0.282051	0.333333	0.250000	0.309524	0.317073	0.250000	0.384615	0.428571	0.302326	0.400000	0.315789	0.323529	0.357143	0.571429	-nan	0.473684	0.547619	0.736842	0.696970	-nan	0.700000	0.500000	0.384615	0.575000	0.604651	0.647059	0.585366	0.682927	0.600000	0.525000	0.500000	0.651163	0.581395	0.718750	0.609756	0.684211	0.658537	0.571429	0.547619	0.547619	0.558140	0.666667	-nan	0.674419	0.743590	0.720930	0.500000	0.731707	0.547619	0.725000	0.585366	0.512195	-nan	0.571429	0.690476	0.767442	0.700000	0.658537	0.638889	0.651163	0.476190	0.674419	0.545455	0.650000	0.750000	0.767442	0.581395	0.666667	0.571429	0.575000	0.604651	0.547619	0.585366	0.641026	0.690476	0.627907	0.690476	0.731707	0.558140	0.595238	0.487805	0.534884	0.625000	0.725000	0.617647	0.619048	0.651163	0.666667	0.674419	0.619048	0.578947	0.666667	0.634146	
0.450000	0.500000	0.372093	0.418605	0.448276	0.380952	0.250000	0.375000	0.432432	0.372093	0.414634	0.000000	0.325581	0.266667	0.525000	0.428571	0.285714	0.425000	0.511628	0.404762	0.000000	0.350000	0.351351	0.450000	0.439024	0.285714	0.372093	0.325000	0.243902	0.475000	0.341463	0.372093	0.463415	0.341463	0.333333	0.464286	0.406250	0.260870	0.292683	0.333333	0.410256	0.304348	0.372093	0.395349	0.358974	0.390244	0.395349	0.550000	0.416667	0.372093	0.315789	0.348837	0.523810	0.302326	0.268293	0.372093	0.400000	0.384615	0.230769	0.428571	0.357143	0.300000	0.395349	0.390244	0.388889	0.341463	0.000000	0.425000	0.357143	0.500000	0.261905	0.390244	0.333333	0.357143	0.317073	0.300000	0.404762	0.407407	0.395349	0.476190	0.425000	0.333333	0.414634	0.380952	0.292683	0.250000	0.333333	0.400000	0.418605	0.200000	0.394737	0.529412	0.555556	0.457143	-nan	0.631579	0.619048	0.500000	0.606061	-nan	0.575000	0.833333	0.384615	0.600000	0.581395	0.625000	0.536585	0.700000	0.628571	0.650000	0.588235	0.558140	0.581395	0.500000	0.619048	0.552632	0.595238	0.523810	0.523810	0.690476	0.534884	0.536585	-nan	0.651163	0.564103	0.674419	0.476190	0.585366	0.523810	0.750000	0.634146	0.560976	-nan	0.534884	0.560976	0.547619	0.675000	0.476190	0.500000	0.604651	0.595238	0.744186	0.863636	0.650000	0.575000	0.558140	0.674419	0.589744	0.690476	0.625000	0.581395	0.523810	0.571429	0.564103	0.642857	0.627907	0.738095	0.536585	0.571429	0.571429	0.585366	0.511628	0.650000	0.589744	0.606061	0.642857	0.674419	0.619048	0.604651	0.571429	0.578947	0.564103	0.756098	
0.315789	0.500000	0.390244	0.390244	0.296296	0.487179	0.571429	0.368421	0.457143	0.365854	0.435897	0.333333	0.365854	0.466667	0.270270	0.350000	0.475000	0.384615	0.463415	0.425000	0.350000	0.000000	0.361111	0.394737	0.282051	0.350000	0.317073	0.368421	0.473684	0.461538	0.538462	0.365854	0.384615	0.410256	0.378378	0.500000	0.300000	0.590909	0.384615	0.375000	0.351351	0.363636	0.414634	0.414634	0.432432	0.475000	0.317073	0.350000	0.384615	0.275000	0.333333	0.439024	0.475000	0.292683	0.307692	0.414634	0.375000	0.473684	0.333333	0.425000	0.400000	0.421053	0.317073	0.282051	0.529412	0.538462	0.000000	0.473684	0.300000	0.461538	0.375000	0.368421	0.400000	0.350000	0.384615	0.342105	0.325000	0.407407	0.292683	0.350000	0.378378	0.459459	0.358974	0.375000	0.333333	0.400000	0.454545	0.342857	0.414634	0.200000	0.416667	0.437500	0.400000	0.363636	-nan	0.588235	0.475000	0.500000	0.531250	-nan	0.578947	0.666667	0.461538	0.552632	0.414634	0.411765	0.615385	0.657895	0.656250	0.421053	0.375000	0.560976	0.609756	0.580645	0.512821	0.594595	0.589744	0.512195	0.650000	0.425000	0.560976	0.564103	-nan	0.658537	0.621622	0.682927	0.450000	0.512821	0.585366	0.641026	0.692308	0.410256	-nan	0.650000	0.500000	0.500000	0.552632	0.615385	0.558824	0.585366	0.525000	0.609756	0.363636	0.578947	0.736842	0.634146	0.585366	0.567568	0.675000	0.500000	0.658537	0.575000	0.512821	0.594595	0.700000	0.682927	0.650000	0.641026	0.550000	0.450000	0.564103	0.609756	0.526316	0.648649	0.625000	0.700000	0.634146	0.550000	0.512195	0.650000	0.555556	0.594595	0.615385	
0.457143	0.250000	0.289474	0.473684	0.413793	0.361111	0.428571	0.305556	0.428571	0.605263	0.472222	0.333333	0.394737	0.562500	0.371429	0.513514	0.405405	0.361111	0.473684	0.486486	0.351351	0.361111	0.000000	0.333333	0.444444	0.368421	0.421053	0.500000	0.457143	0.444444	0.444444	0.394737	0.459459	0.324324	0.305556	0.444444	0.500000	0.434783	0.527778	0.526316	0.428571	0.391304	0.368421	0.394737	0.361111	0.513514	0.368421	0.400000	0.230769	0.459459	0.428571	0.368421	0.500000	0.394737	0.405405	0.421053	0.291667	0.428571	0.416667	0.351351	0.405405	0.416667	0.394737	0.361111	0.333333	0.555556	0.000000	0.416667	0.297297	0.500000	0.513514	0.459459	0.378378	0.447368	0.416667	0.361111	0.405405	0.307692	0.342105	0.394737	0.352941	0.361111	0.371429	0.289474	0.333333	0.363636	0.666667	0.303030	0.500000	0.200000	0.485714	0.483871	0.400000	0.363636	-nan	0.764706	0.594595	0.545455	0.620690	-nan	0.542857	0.600000	0.666667	0.571429	0.657895	0.333333	0.444444	0.714286	0.774194	0.500000	0.600000	0.552632	0.763158	0.607143	0.583333	0.515152	0.555556	0.459459	0.675676	0.552632	0.421053	0.567568	-nan	0.684211	0.617647	0.578947	0.432432	0.500000	0.702703	0.542857	0.513514	0.472222	-nan	0.648649	0.500000	0.621622	0.685714	0.540541	0.451613	0.736842	0.567568	0.605263	0.500000	0.742857	0.657143	0.447368	0.605263	0.588235	0.540541	0.638889	0.447368	0.567568	0.527778	0.470588	0.594595	0.552632	0.675676	0.555556	0.540541	0.702703	0.666667	0.631579	0.628571	0.628571	0.655172	0.567568	0.526316	0.378378	0.631579	0.540541	0.515152	0.647059	0.694444	
0.289474	0.250000	0.268293	0.463415	0.300000	0.275000	0.500000	0.425000	0.297297	0.487805	0.358974	0.333333	0.317073	0.625000	0.225000	0.400000	0.425000	0.315789	0.365854	0.350000	0.450000	0.394737	0.333333	0.000000	0.410256	0.414634	0.390244	0.435897	0.342105	0.368421	0.400000	0.341463	0.536585	0.410256	0.512821	0.379310	0.468750	0.458333	0.410256	0.365854	0.333333	0.458333	0.390244	0.365854	0.394737	0.461538	0.390244	0.350000	0.461538	0.475000	0.333333	0.243902	0.425000	0.317073	0.525000	0.414634	0.240000	0.487179	0.500000	0.375000	0.350000	0.325000	0.414634	0.384615	0.421053	0.275000	0.000000	0.435897	0.375000	0.400000	0.512195	0.435897	0.268293	0.425000	0.325000	0.282051	0.512195	0.296296	0.341463	0.325000	0.394737	0.358974	0.289474	0.325000	0.461538	0.500000	0.538462	0.303030	0.317073	0.200000	0.432432	0.411765	0.555556	0.314286	-nan	0.529412	0.525000	0.555556	0.612903	-nan	0.605263	0.400000	0.545455	0.473684	0.560976	0.600000	0.564103	0.552632	0.757576	0.473684	0.733333	0.512195	0.658537	0.766667	0.589744	0.555556	0.589744	0.500000	0.625000	0.525000	0.658537	0.700000	-nan	0.731707	0.621622	0.585366	0.500000	0.641026	0.600000	0.684211	0.600000	0.487179	-nan	0.625000	0.538462	0.700000	0.631579	0.600000	0.588235	0.707317	0.575000	0.634146	0.500000	0.631579	0.578947	0.512195	0.585366	0.675676	0.600000	0.589744	0.658537	0.475000	0.589744	0.648649	0.625000	0.536585	0.658537	0.512821	0.750000	0.600000	0.487179	0.658537	0.717949	0.594595	0.741935	0.625000	0.560976	0.475000	0.658537	0.625000	0.555556	0.648649	0.717949	
0.384615	0.750000	0.357143	0.261905	0.482759	0.400000	0.375000	0.461538	0.324324	0.261905	0.487805	0.000000	0.404762	0.250000	0.289474	0.463415	0.452381	0.435897	0.333333	0.414634	0.439024	0.282051	0.444444	0.410256	0.000000	0.390244	0.333333	0.425000	0.475000	0.333333	0.450000	0.309524	0.325000	0.400000	0.358974	0.357143	0.333333	0.565217	0.425000	0.414634	0.447368	0.333333	0.452381	0.404762	0.368421	0.463415	0.309524	0.500000	0.307692	0.292683	0.405405	0.476190	0.414634	0.309524	0.350000	0.404762	0.500000	0.564103	0.615385	0.317073	0.404762	0.461538	0.357143	0.292683	0.526316	0.500000	0.000000	0.375000	0.439024	0.466667	0.390244	0.410256	0.317073	0.341463	0.550000	0.307692	0.365854	0.407407	0.380952	0.439024	0.384615	0.421053	0.461538	0.390244	0.375000	0.416667	0.307692	0.352941	0.309524	0.600000	0.368421	0.342857	0.407407	0.444444	-nan	0.666667	0.512195	0.621622	0.562500	-nan	0.641026	0.666667	0.615385	0.650000	0.476190	0.705882	0.750000	0.717949	0.558824	0.589744	0.647059	0.690476	0.595238	0.625000	0.625000	0.621622	0.634146	0.609756	0.585366	0.609756	0.595238	0.700000	-nan	0.595238	0.552632	0.571429	0.609756	0.550000	0.512195	0.575000	0.600000	0.575000	-nan	0.707317	0.700000	0.560976	0.650000	0.550000	0.600000	0.642857	0.560976	0.619048	0.666667	0.615385	0.641026	0.690476	0.595238	0.666667	0.682927	0.615385	0.690476	0.682927	0.500000	0.605263	0.707317	0.714286	0.634146	0.700000	0.512195	0.560976	0.600000	0.642857	0.512821	0.789474	0.625000	0.609756	0.642857	0.536585	0.666667	0.585366	0.684211	0.578947	0.600000	
