0.000000	0.180791	0.168193	0.192070	0.196364	0.169384	0.177215	0.178082	0.185792	0.171629	0.156492	0.177340	0.175934	0.184486	0.187097	0.173547	0.164872	0.164875	0.169026	0.182196	0.170691	0.171760	0.172253	0.198456	0.178691	0.183811	0.166110	0.180328	0.180896	0.160603	0.174457	0.168168	0.182724	0.183044	0.188450	0.186131	0.175973	0.176621	0.177837	0.178497	0.202479	0.182805	0.173729	0.183950	0.164430	0.186047	0.173456	0.165505	0.171784	0.164802	0.189671	0.171831	0.186794	0.172913	0.160791	0.174855	0.186341	0.191983	0.171708	0.182270	0.179595	0.187285	0.185092	0.177152	0.177391	0.272727	0.186916	0.167680	0.176322	0.178024	0.177500	0.179286	0.177446	0.185318	0.177460	0.151553	0.179017	0.175207	0.175487	0.151153	0.181902	0.189908	0.185976	0.170901	0.179764	0.187500	0.196970	0.170098	0.173123	0.191388	0.175589	0.395349	0.444056	0.482456	0.474757	0.465672	0.411765	0.475898	0.446809	0.446764	0.479487	0.528440	0.487042	0.484794	0.471338	0.483012	0.444965	0.459664	0.476109	0.473618	0.476486	0.476839	0.486486	0.487511	0.460413	0.465649	0.494561	0.492729	0.409639	0.492839	0.475296	0.483066	0.472835	0.491166	0.475578	0.484432	0.478589	0.480302	0.476744	0.456095	0.478336	0.481481	0.489555	0.496144	0.492740	0.491511	0.470588	0.481733	0.523944	0.490446	0.466549	0.482975	0.464164	0.471939	0.483621	0.471343	0.479828	0.476832	0.482860	0.472841	0.461947	0.483432	0.483841	0.484389	0.481544	0.470588	0.480884	0.473593	0.485929	0.470056	0.488627	0.494430	0.463185	0.472803	0.477637	0.460504	0.494477	
0.180791	0.000000	0.173469	0.204420	0.221477	0.161111	0.194444	0.171875	0.157895	0.127660	0.147368	0.140625	0.181347	0.173469	0.150000	0.175258	0.118557	0.184358	0.139896	0.210256	0.164103	0.167665	0.161290	0.190184	0.229592	0.153439	0.164103	0.158730	0.159794	0.185792	0.192708	0.167665	0.201031	0.177143	0.192593	0.244898	0.195489	0.172775	0.162921	0.130952	0.198529	0.153061	0.210526	0.184211	0.148718	0.212766	0.119048	0.178571	0.178571	0.159509	0.164773	0.159574	0.148148	0.159574	0.170103	0.202797	0.174157	0.170000	0.196809	0.190722	0.187500	0.162304	0.170984	0.229508	0.178947	0.240000	0.189474	0.155440	0.150000	0.140625	0.165803	0.196809	0.163265	0.208556	0.188482	0.157143	0.178571	0.170103	0.222826	0.161458	0.159341	0.200000	0.171053	0.161616	0.198895	0.158163	0.219178	0.209945	0.195804	0.222930	0.173913	0.454545	0.479167	0.489362	0.511494	0.462025	0.428571	0.494444	0.535714	0.401961	0.502618	0.542857	0.521505	0.472826	0.469136	0.491429	0.436620	0.463918	0.494681	0.546875	0.475410	0.483696	0.473958	0.406417	0.481481	0.500000	0.455959	0.473684	0.324324	0.441489	0.508108	0.486339	0.489362	0.552486	0.529101	0.542373	0.526042	0.484375	0.465116	0.446809	0.475676	0.474860	0.485207	0.471204	0.571429	0.510417	0.474490	0.532609	0.632479	0.442424	0.500000	0.511111	0.478947	0.470899	0.494624	0.449735	0.529730	0.478495	0.461039	0.458101	0.505618	0.523810	0.482353	0.521277	0.484536	0.472222	0.515789	0.484043	0.542373	0.523810	0.502618	0.483871	0.492063	0.473684	0.460317	0.460317	0.539267	
0.168193	0.173469	0.000000	0.181554	0.187117	0.166667	0.231939	0.167922	0.162088	0.178132	0.170959	0.210970	0.166552	0.167558	0.172387	0.188719	0.180451	0.181149	0.167010	0.172840	0.185489	0.161318	0.174455	0.175503	0.182512	0.161878	0.187500	0.152422	0.185675	0.171283	0.180441	0.165106	0.167238	0.187450	0.182741	0.184130	0.183473	0.172874	0.165419	0.160590	0.173913	0.169421	0.173791	0.167795	0.177486	0.188126	0.161987	0.172312	0.172932	0.172502	0.173032	0.163121	0.187231	0.173699	0.167021	0.152147	0.175283	0.193662	0.180133	0.188058	0.184775	0.183168	0.175052	0.176144	0.196275	0.288136	0.181883	0.163427	0.186813	0.177966	0.185389	0.167028	0.152159	0.183704	0.183020	0.150470	0.172958	0.174180	0.170099	0.165726	0.187309	0.176067	0.193634	0.145669	0.163548	0.175741	0.169811	0.162082	0.168831	0.155419	0.160617	0.438596	0.486842	0.486700	0.481804	0.473382	0.477273	0.485486	0.454545	0.414634	0.491930	0.509893	0.488287	0.484893	0.487575	0.482264	0.425926	0.473103	0.485253	0.459152	0.486427	0.489978	0.479109	0.493296	0.479433	0.479385	0.492764	0.494010	0.422111	0.495152	0.474453	0.504418	0.482444	0.491661	0.478843	0.490566	0.491022	0.487233	0.492228	0.469516	0.491465	0.479462	0.509673	0.491191	0.506741	0.498263	0.481021	0.484188	0.526132	0.492873	0.469181	0.478070	0.482419	0.480112	0.495035	0.469014	0.474241	0.490960	0.484578	0.475565	0.474106	0.480836	0.483434	0.482759	0.488550	0.480684	0.478018	0.488952	0.483423	0.462255	0.498959	0.488045	0.480620	0.484493	0.487090	0.482353	0.493689	
0.192070	0.204420	0.181554	0.000000	0.189860	0.162400	0.181818	0.169304	0.184586	0.154023	0.177711	0.177966	0.172339	0.152256	0.178744	0.178022	0.184040	0.168992	0.167028	0.186869	0.187726	0.174748	0.178922	0.193117	0.187318	0.157856	0.186502	0.164662	0.190756	0.182375	0.172113	0.167568	0.164740	0.187241	0.183400	0.185822	0.188679	0.179280	0.187056	0.187273	0.178998	0.177536	0.184775	0.162033	0.161455	0.185185	0.170481	0.159938	0.180576	0.172973	0.163265	0.171476	0.179894	0.175204	0.184855	0.166667	0.181510	0.176685	0.187598	0.177536	0.185266	0.186478	0.175744	0.161383	0.164902	0.258621	0.181548	0.169954	0.189815	0.191537	0.175744	0.187643	0.166667	0.198598	0.171178	0.157254	0.167513	0.187635	0.167598	0.181954	0.203404	0.173323	0.235616	0.202899	0.182906	0.169331	0.172757	0.185535	0.181723	0.177921	0.170662	0.354167	0.450920	0.476082	0.481172	0.467014	0.454545	0.477795	0.418367	0.377049	0.486286	0.508885	0.482226	0.491854	0.462238	0.470494	0.415020	0.480000	0.474426	0.463043	0.481797	0.472813	0.473878	0.479136	0.466368	0.473063	0.485134	0.476580	0.417085	0.485423	0.472696	0.478159	0.470326	0.486963	0.473214	0.491647	0.477753	0.481778	0.444444	0.468101	0.488722	0.459224	0.489011	0.478034	0.494137	0.486070	0.475983	0.472903	0.511743	0.478157	0.458589	0.475486	0.471768	0.473490	0.477511	0.459480	0.467562	0.483871	0.471552	0.477992	0.461479	0.476855	0.464229	0.466253	0.468819	0.470496	0.477557	0.474119	0.479675	0.453465	0.479121	0.478455	0.467213	0.472384	0.471408	0.480699	0.487769	
0.196364	0.221477	0.187117	0.189860	0.000000	0.167617	0.178744	0.181818	0.199734	0.193305	0.186441	0.203390	0.186094	0.186701	0.177602	0.195855	0.193483	0.181918	0.204708	0.198777	0.189602	0.172932	0.186992	0.197128	0.185950	0.179275	0.187564	0.201893	0.200828	0.193833	0.196502	0.199750	0.178389	0.221311	0.222816	0.180516	0.200389	0.202083	0.192865	0.198210	0.202970	0.200205	0.203320	0.190635	0.183673	0.203606	0.169782	0.172340	0.194699	0.190176	0.192352	0.194700	0.208641	0.204403	0.171399	0.198980	0.206368	0.201970	0.189542	0.182653	0.217302	0.211134	0.215385	0.193359	0.204426	0.250000	0.197065	0.184239	0.193846	0.198330	0.201232	0.179487	0.172625	0.191466	0.219235	0.188073	0.208589	0.201629	0.187852	0.191667	0.194229	0.183445	0.230483	0.196185	0.189024	0.184805	0.205761	0.174393	0.195191	0.184911	0.193548	0.463415	0.479079	0.474138	0.472028	0.456098	0.354839	0.461373	0.448980	0.390746	0.506276	0.495781	0.483480	0.476821	0.479275	0.475485	0.442254	0.467492	0.468196	0.467890	0.473684	0.470325	0.474066	0.490466	0.444327	0.474346	0.496403	0.493671	0.406667	0.497431	0.475787	0.483023	0.478489	0.479526	0.462019	0.479592	0.490741	0.486182	0.492424	0.463158	0.475375	0.472727	0.493923	0.484043	0.494062	0.477720	0.472821	0.492147	0.532286	0.486637	0.461790	0.493363	0.462905	0.477035	0.494168	0.453597	0.457503	0.481903	0.480100	0.484425	0.450980	0.492212	0.465090	0.473856	0.488157	0.472687	0.477035	0.490909	0.486143	0.441958	0.493763	0.489474	0.477297	0.471737	0.478306	0.474664	0.486993	
0.169384	0.161111	0.166667	0.162400	0.167617	0.000000	0.181818	0.160758	0.174129	0.160385	0.161442	0.175115	0.156818	0.152964	0.171405	0.180769	0.183056	0.169519	0.164269	0.172361	0.172727	0.164292	0.159794	0.170512	0.164373	0.162558	0.159696	0.166142	0.176698	0.167340	0.162224	0.159585	0.159970	0.192612	0.175141	0.164994	0.176560	0.168348	0.165432	0.168099	0.165239	0.183270	0.167827	0.163232	0.170732	0.175452	0.166274	0.176752	0.160755	0.164332	0.162692	0.161431	0.171813	0.178210	0.155590	0.155196	0.181412	0.168906	0.174056	0.158333	0.179252	0.181109	0.170862	0.168155	0.199525	0.207547	0.168363	0.162550	0.180095	0.184231	0.168061	0.164800	0.170326	0.171311	0.186011	0.150000	0.158574	0.169184	0.180203	0.151326	0.178117	0.167650	0.202247	0.167019	0.178761	0.178490	0.180887	0.182116	0.192905	0.192436	0.161677	0.461538	0.476800	0.480478	0.483729	0.465753	0.418605	0.479485	0.436842	0.428302	0.486781	0.519726	0.493907	0.483580	0.483810	0.474916	0.453988	0.469512	0.482545	0.487414	0.484236	0.478548	0.474171	0.492969	0.456113	0.479473	0.482470	0.489907	0.438889	0.490061	0.473827	0.497549	0.470039	0.489139	0.471551	0.497496	0.484709	0.485474	0.485549	0.468992	0.487843	0.476936	0.511954	0.492969	0.499123	0.485758	0.480916	0.501166	0.517949	0.477462	0.469734	0.492295	0.469213	0.470769	0.477953	0.467341	0.470634	0.488855	0.476444	0.473258	0.472155	0.481881	0.466222	0.479285	0.476664	0.474897	0.476080	0.483491	0.485445	0.463693	0.499232	0.488300	0.476526	0.476009	0.482253	0.470948	0.492641	
0.177215	0.194444	0.231939	0.181818	0.178744	0.181818	0.000000	0.182540	0.187500	0.187755	0.167315	0.202381	0.220930	0.184000	0.212500	0.208661	0.235294	0.184000	0.214008	0.206107	0.219231	0.210280	0.179283	0.197368	0.234615	0.217899	0.213740	0.191406	0.191406	0.219917	0.192308	0.227679	0.196911	0.244813	0.240506	0.153846	0.213018	0.233463	0.191235	0.219731	0.233161	0.215385	0.233716	0.177686	0.227273	0.204819	0.219388	0.211268	0.234615	0.177966	0.189516	0.209402	0.210317	0.202335	0.199219	0.179191	0.225000	0.185714	0.208163	0.189922	0.207843	0.208661	0.226562	0.220238	0.215686	0.206897	0.204633	0.169291	0.196429	0.231373	0.200000	0.200000	0.223938	0.252000	0.193916	0.171717	0.176245	0.195402	0.153527	0.197628	0.163090	0.200820	0.233645	0.211268	0.211864	0.213740	0.178947	0.224490	0.180000	0.240385	0.195455	0.416667	0.471545	0.473251	0.495283	0.428571	0.307692	0.417004	0.392857	0.379032	0.470817	0.576923	0.434599	0.483607	0.441748	0.482759	0.471698	0.412214	0.461240	0.485876	0.464435	0.452991	0.498008	0.465306	0.440329	0.426357	0.484496	0.491870	0.448980	0.474903	0.487069	0.485106	0.468000	0.485232	0.470120	0.491228	0.466926	0.459144	0.478261	0.443548	0.458333	0.469828	0.447257	0.463115	0.466667	0.452381	0.461538	0.490119	0.476190	0.476395	0.457831	0.478814	0.462451	0.446215	0.489960	0.442688	0.484000	0.444882	0.442396	0.484848	0.460905	0.501992	0.474359	0.475000	0.490272	0.448276	0.485944	0.458167	0.464135	0.448087	0.488095	0.422131	0.440816	0.458498	0.468254	0.447471	0.503937	
0.178082	0.171875	0.167922	0.169304	0.181818	0.160758	0.182540	0.000000	0.177515	0.165087	0.169123	0.181034	0.167166	0.156126	0.182193	0.172492	0.170896	0.164659	0.180795	0.181138	0.170276	0.155784	0.164706	0.177866	0.175056	0.167559	0.177310	0.171318	0.184170	0.177407	0.162528	0.154851	0.165543	0.183779	0.172702	0.175166	0.174772	0.173313	0.168576	0.183810	0.183599	0.180931	0.176741	0.165025	0.164662	0.187011	0.154930	0.179245	0.162565	0.165593	0.184524	0.173653	0.183881	0.189668	0.164615	0.168212	0.174520	0.162706	0.189627	0.177661	0.173222	0.175019	0.176338	0.169925	0.181889	0.185185	0.161141	0.161695	0.148936	0.175019	0.162020	0.169425	0.174401	0.193548	0.172361	0.157303	0.172543	0.177130	0.162926	0.161663	0.190756	0.160432	0.169863	0.176842	0.176056	0.172932	0.155932	0.162359	0.190270	0.168701	0.158513	0.396226	0.463259	0.471698	0.472222	0.461126	0.439024	0.481245	0.447368	0.407129	0.481595	0.510924	0.479518	0.485876	0.463138	0.482558	0.441352	0.463341	0.474171	0.468927	0.472800	0.490984	0.465241	0.484919	0.465170	0.470543	0.477736	0.498457	0.394872	0.481089	0.470275	0.500402	0.479631	0.477813	0.469907	0.487285	0.479214	0.478852	0.471591	0.456288	0.482436	0.470057	0.487429	0.482253	0.487847	0.490465	0.476586	0.485736	0.512658	0.472518	0.471474	0.491566	0.455247	0.473724	0.486402	0.469231	0.470270	0.476408	0.479259	0.469600	0.471200	0.479786	0.477869	0.477072	0.478691	0.474026	0.474006	0.484424	0.473373	0.455943	0.475684	0.496166	0.474865	0.476262	0.472519	0.475360	0.483846	
0.185792	0.157895	0.162088	0.184586	0.199734	0.174129	0.187500	0.177515	0.000000	0.184008	0.163380	0.153439	0.172884	0.205011	0.187065	0.200737	0.181488	0.178431	0.177331	0.189435	0.184378	0.186499	0.168871	0.192488	0.172477	0.173913	0.173077	0.174648	0.183073	0.162768	0.170776	0.173962	0.173636	0.194845	0.183607	0.178295	0.183246	0.185014	0.188791	0.182022	0.168929	0.182068	0.189239	0.185371	0.176417	0.173996	0.176036	0.172691	0.171196	0.188053	0.160041	0.172098	0.190926	0.176858	0.178338	0.158140	0.194357	0.183223	0.180312	0.181404	0.184743	0.176580	0.174863	0.173599	0.194286	0.204082	0.196262	0.173077	0.196721	0.186220	0.185833	0.172249	0.153005	0.159491	0.178473	0.148248	0.174429	0.175725	0.179539	0.171482	0.173307	0.187000	0.199367	0.184019	0.185822	0.179254	0.186722	0.177800	0.179790	0.176159	0.171498	0.612903	0.447419	0.465964	0.468153	0.454945	0.525000	0.464734	0.441935	0.431373	0.473340	0.518750	0.461840	0.476938	0.453596	0.472727	0.414573	0.456722	0.456583	0.470506	0.470019	0.474727	0.481584	0.463782	0.456604	0.471469	0.476190	0.474813	0.419355	0.480699	0.463862	0.493596	0.470533	0.481986	0.468985	0.486350	0.485741	0.477860	0.440252	0.445794	0.479504	0.465465	0.491036	0.471308	0.493521	0.476723	0.462810	0.478017	0.514151	0.472472	0.466019	0.474827	0.453947	0.463187	0.481939	0.464552	0.463483	0.463324	0.459870	0.472086	0.461463	0.471628	0.463636	0.463178	0.469124	0.473943	0.460465	0.481586	0.480331	0.447561	0.481106	0.476056	0.472091	0.468807	0.469767	0.472376	0.474275	
0.171629	0.127660	0.178132	0.154023	0.193305	0.160385	0.187755	0.165087	0.184008	0.000000	0.168175	0.177215	0.164621	0.147601	0.161753	0.160440	0.164502	0.164458	0.167391	0.178132	0.169798	0.166667	0.177288	0.190338	0.182482	0.164454	0.174292	0.170805	0.175824	0.175479	0.175145	0.167257	0.152064	0.177109	0.175000	0.177094	0.182493	0.171725	0.173606	0.191176	0.180838	0.170413	0.191426	0.167585	0.157091	0.176205	0.156818	0.161742	0.175578	0.160714	0.167216	0.168309	0.187737	0.176166	0.173719	0.171613	0.173693	0.188510	0.191291	0.172464	0.169701	0.186617	0.171761	0.154179	0.158801	0.228070	0.195104	0.174242	0.176887	0.171642	0.168360	0.183689	0.175832	0.178264	0.167524	0.136865	0.165098	0.171593	0.170418	0.172260	0.174616	0.176282	0.156915	0.179752	0.194539	0.187181	0.184564	0.168618	0.187238	0.171247	0.168893	0.339286	0.458333	0.485149	0.497901	0.462609	0.395349	0.485080	0.456693	0.438889	0.489614	0.525559	0.498454	0.490272	0.482417	0.484000	0.441584	0.477058	0.491840	0.466594	0.485625	0.496845	0.486029	0.494030	0.468516	0.486726	0.485444	0.489187	0.378788	0.500732	0.483319	0.493426	0.479228	0.496928	0.484352	0.502784	0.498540	0.497085	0.473118	0.467754	0.488390	0.478673	0.505521	0.496649	0.505872	0.486029	0.482859	0.488839	0.545117	0.484152	0.474330	0.487956	0.476261	0.479705	0.492123	0.476190	0.479462	0.499633	0.478788	0.481481	0.470769	0.487482	0.484000	0.483821	0.481291	0.472025	0.484490	0.486101	0.484502	0.459621	0.499267	0.493304	0.476155	0.479971	0.490052	0.473338	0.497781	
0.156492	0.147368	0.170959	0.177711	0.186441	0.161442	0.167315	0.169123	0.163380	0.168175	0.000000	0.177215	0.169165	0.155556	0.181461	0.176428	0.165366	0.165517	0.178444	0.180199	0.174964	0.168913	0.165462	0.184557	0.184173	0.168482	0.176764	0.173049	0.173882	0.171994	0.164521	0.165049	0.171875	0.188322	0.183862	0.174553	0.174352	0.173469	0.173643	0.170557	0.185629	0.165000	0.181818	0.165759	0.165473	0.172748	0.159193	0.166412	0.171165	0.171353	0.167607	0.162470	0.186340	0.182945	0.171450	0.155811	0.182427	0.173913	0.172546	0.177350	0.183190	0.170213	0.164168	0.173352	0.166914	0.236364	0.171324	0.168405	0.157658	0.186267	0.187723	0.166041	0.160028	0.179724	0.164986	0.137405	0.172488	0.162642	0.161822	0.169963	0.172496	0.175868	0.182561	0.180698	0.160774	0.164403	0.219355	0.166667	0.186335	0.168076	0.162769	0.340000	0.453718	0.468307	0.465404	0.451365	0.394737	0.467219	0.430412	0.403636	0.479243	0.492089	0.467176	0.464422	0.460018	0.473438	0.415507	0.454480	0.459913	0.449571	0.459191	0.467391	0.467824	0.476190	0.450000	0.474909	0.476769	0.476923	0.367876	0.475540	0.452020	0.483969	0.462099	0.479339	0.463736	0.479248	0.468772	0.469154	0.448087	0.437409	0.468148	0.456522	0.490726	0.469208	0.483871	0.472885	0.457736	0.471836	0.509756	0.480063	0.449811	0.478261	0.455077	0.465555	0.468289	0.445175	0.459004	0.469653	0.471284	0.464692	0.453374	0.471056	0.468285	0.458143	0.469697	0.460232	0.476087	0.466716	0.475541	0.441860	0.475162	0.481725	0.463289	0.450966	0.463097	0.458993	0.476295	
0.177340	0.140625	0.210970	0.177966	0.203390	0.175115	0.202381	0.181034	0.153439	0.177215	0.177215	0.000000	0.189873	0.218750	0.189427	0.184874	0.179916	0.157447	0.168067	0.136364	0.200000	0.167464	0.139738	0.222222	0.213992	0.139831	0.167364	0.175214	0.158996	0.171171	0.200000	0.173913	0.167364	0.188341	0.200000	0.233161	0.205298	0.177215	0.181818	0.169903	0.184358	0.168067	0.196653	0.193833	0.147059	0.182979	0.178161	0.147059	0.162500	0.200935	0.188940	0.204545	0.153846	0.198312	0.202532	0.163399	0.161905	0.229008	0.182609	0.182979	0.184874	0.205128	0.172269	0.201389	0.187773	0.136364	0.184874	0.187500	0.209091	0.180672	0.154812	0.192308	0.208333	0.206751	0.163180	0.153005	0.175732	0.166667	0.146667	0.175000	0.166667	0.162162	0.172043	0.236842	0.173516	0.189076	0.200000	0.160000	0.198953	0.153846	0.150235	0.571429	0.400000	0.441558	0.471204	0.475248	0.222222	0.486486	0.358491	0.358333	0.476190	0.478992	0.460526	0.479452	0.466321	0.485577	0.361702	0.455319	0.440909	0.496689	0.461883	0.454128	0.493562	0.450216	0.413793	0.437229	0.461864	0.463964	0.388889	0.462185	0.436019	0.462555	0.474576	0.459821	0.463830	0.471698	0.489177	0.451064	0.465116	0.431111	0.469027	0.421053	0.446009	0.448276	0.442308	0.458515	0.439834	0.461864	0.482014	0.483412	0.456621	0.425339	0.426724	0.434043	0.466960	0.429204	0.480349	0.459227	0.492308	0.488688	0.466960	0.441048	0.427230	0.457944	0.439655	0.426540	0.456897	0.435556	0.475728	0.459459	0.513158	0.443946	0.426087	0.435345	0.480687	0.481172	0.486842	
0.175934	0.181347	0.166552	0.172339	0.186094	0.156818	0.220930	0.167166	0.172884	0.164621	0.169165	0.189873	0.000000	0.156194	0.187405	0.183773	0.167461	0.171680	0.170882	0.185109	0.174061	0.169697	0.168740	0.176364	0.184647	0.165387	0.188485	0.169504	0.183206	0.184000	0.179698	0.177119	0.162457	0.183899	0.185751	0.158586	0.170868	0.177622	0.181208	0.186308	0.182540	0.180946	0.174581	0.160150	0.167928	0.194583	0.176407	0.175258	0.183367	0.181122	0.170279	0.164706	0.197425	0.187237	0.181946	0.173807	0.181891	0.166375	0.191144	0.178962	0.185262	0.182266	0.177198	0.173370	0.174535	0.267857	0.186620	0.158537	0.170354	0.193526	0.186254	0.171717	0.169399	0.186115	0.183206	0.151992	0.184932	0.171779	0.181198	0.172996	0.192366	0.171494	0.205263	0.194882	0.176090	0.175945	0.182965	0.159108	0.191617	0.172449	0.173599	0.396552	0.467836	0.473496	0.477918	0.476697	0.348837	0.489899	0.442543	0.422145	0.482517	0.512938	0.485380	0.478357	0.485837	0.473645	0.426987	0.464973	0.486014	0.454171	0.475565	0.481097	0.483692	0.481377	0.464689	0.473904	0.490048	0.489825	0.430693	0.493103	0.472245	0.486070	0.476290	0.493863	0.476124	0.493614	0.477304	0.473540	0.458763	0.464710	0.482295	0.473254	0.495562	0.485594	0.485375	0.482353	0.480743	0.488811	0.515679	0.489187	0.468208	0.485026	0.480756	0.476356	0.485533	0.473684	0.460295	0.481635	0.483401	0.476364	0.464052	0.480222	0.476298	0.481778	0.483402	0.477037	0.478805	0.483345	0.479263	0.464750	0.487552	0.483170	0.472242	0.477008	0.490960	0.471763	0.491265	
0.184486	0.173469	0.167558	0.152256	0.186701	0.152964	0.184000	0.156126	0.205011	0.147601	0.155556	0.218750	0.156194	0.000000	0.171484	0.166667	0.159858	0.167608	0.168459	0.184725	0.170819	0.164859	0.160156	0.157647	0.175725	0.177982	0.164286	0.180297	0.172352	0.168856	0.167260	0.181624	0.172598	0.150000	0.177711	0.184652	0.159864	0.145985	0.202652	0.176724	0.166205	0.174688	0.177449	0.167939	0.157989	0.182815	0.132075	0.210332	0.168739	0.155789	0.196000	0.188119	0.167608	0.178506	0.145794	0.187845	0.200000	0.195489	0.191806	0.153298	0.176786	0.156250	0.177419	0.186047	0.180657	0.153846	0.181982	0.140741	0.180952	0.151079	0.143872	0.161710	0.163410	0.186770	0.191257	0.150246	0.156584	0.161634	0.139535	0.174312	0.180791	0.174330	0.216931	0.160494	0.179592	0.167568	0.178571	0.189850	0.170561	0.206030	0.162584	0.290323	0.443299	0.490494	0.427975	0.451681	0.230769	0.454545	0.360248	0.380090	0.492647	0.495968	0.489443	0.495202	0.448980	0.455796	0.377451	0.462766	0.466179	0.446866	0.462598	0.463462	0.484740	0.470480	0.430939	0.461679	0.465950	0.481949	0.282353	0.481216	0.453961	0.464355	0.461397	0.479846	0.457038	0.467836	0.474061	0.455036	0.366667	0.433579	0.475926	0.461538	0.475538	0.472998	0.472917	0.475229	0.441652	0.445255	0.492355	0.468504	0.459924	0.455067	0.447273	0.441989	0.462825	0.441774	0.444860	0.463636	0.460084	0.462121	0.456929	0.461397	0.445312	0.456814	0.463063	0.444874	0.455535	0.489642	0.459514	0.458537	0.469091	0.478743	0.450652	0.451439	0.442446	0.445242	0.473684	
0.187097	0.150000	0.172387	0.178744	0.177602	0.171405	0.212500	0.182193	0.187065	0.161753	0.181461	0.189427	0.187405	0.171484	0.000000	0.170901	0.186697	0.184039	0.176649	0.178030	0.189251	0.171670	0.172619	0.196985	0.170099	0.153668	0.171103	0.186467	0.191896	0.167205	0.171994	0.170412	0.164269	0.203166	0.201669	0.199105	0.198795	0.176607	0.184298	0.184971	0.181141	0.192395	0.176971	0.170813	0.178626	0.190665	0.169834	0.164274	0.189577	0.179889	0.187179	0.170859	0.201581	0.185415	0.169782	0.170501	0.194690	0.193487	0.173878	0.159970	0.185638	0.185214	0.184030	0.172727	0.174254	0.260000	0.183386	0.173429	0.188995	0.192368	0.174144	0.195687	0.183812	0.188216	0.191391	0.163842	0.176024	0.172336	0.172850	0.177657	0.189465	0.183571	0.213115	0.149573	0.185943	0.168437	0.166667	0.172585	0.188043	0.176406	0.172619	0.448980	0.478400	0.485646	0.497797	0.479091	0.463415	0.488019	0.456825	0.418605	0.491473	0.505102	0.495928	0.500000	0.471090	0.482816	0.441667	0.475610	0.485317	0.470455	0.482535	0.495451	0.490755	0.493365	0.471049	0.482972	0.500762	0.504673	0.405405	0.492743	0.483526	0.495539	0.472868	0.493195	0.477752	0.492958	0.485474	0.485889	0.440000	0.464396	0.491752	0.468313	0.512736	0.485179	0.516637	0.494217	0.483206	0.490242	0.527569	0.484596	0.480353	0.480551	0.477043	0.478764	0.490566	0.478566	0.473849	0.494226	0.489630	0.483534	0.478120	0.496918	0.474167	0.479100	0.481965	0.479047	0.476080	0.484227	0.488832	0.477627	0.505368	0.499222	0.483696	0.477169	0.494226	0.479326	0.502322	
0.173547	0.175258	0.188719	0.178022	0.195855	0.180769	0.208661	0.172492	0.200737	0.160440	0.176428	0.184874	0.183773	0.166667	0.170901	0.000000	0.179558	0.174532	0.183333	0.192654	0.170242	0.186189	0.174254	0.190257	0.178571	0.176554	0.170376	0.171223	0.189303	0.165063	0.183588	0.167660	0.181315	0.201283	0.169014	0.193846	0.186275	0.171043	0.183612	0.187719	0.202079	0.181124	0.202255	0.181749	0.174913	0.182476	0.171961	0.173193	0.181064	0.183001	0.165620	0.181314	0.200145	0.187055	0.175250	0.166256	0.199349	0.176678	0.204648	0.179736	0.183916	0.194703	0.181882	0.166197	0.177536	0.258621	0.182534	0.159389	0.181416	0.187143	0.179219	0.163370	0.177855	0.199102	0.176512	0.154825	0.180556	0.170007	0.160893	0.186695	0.181960	0.189001	0.186352	0.174000	0.190164	0.179541	0.207006	0.180106	0.181545	0.181818	0.172603	0.418182	0.461877	0.487273	0.482456	0.470050	0.431818	0.475842	0.452020	0.419753	0.484031	0.516179	0.494432	0.486627	0.474739	0.484756	0.451493	0.471409	0.485106	0.476587	0.490356	0.497366	0.477465	0.485021	0.467001	0.480905	0.483669	0.494654	0.424390	0.493352	0.475410	0.485163	0.467799	0.496329	0.479715	0.499241	0.490922	0.483264	0.443299	0.464159	0.484173	0.467925	0.493985	0.488256	0.491607	0.492978	0.473501	0.487926	0.527059	0.496206	0.478038	0.484039	0.478693	0.482370	0.494993	0.464489	0.471092	0.486297	0.477833	0.484133	0.479735	0.483099	0.483600	0.487066	0.483146	0.477085	0.493653	0.485220	0.481740	0.464151	0.492642	0.499289	0.475410	0.487465	0.484848	0.470629	0.492558	
0.164872	0.118557	0.180451	0.184040	0.193483	0.183056	0.235294	0.170896	0.181488	0.164502	0.165366	0.179916	0.167461	0.159858	0.186697	0.179558	0.000000	0.185212	0.168256	0.193878	0.160544	0.157216	0.170525	0.193868	0.193393	0.176389	0.186221	0.169372	0.179558	0.176343	0.176230	0.161454	0.187075	0.179528	0.177665	0.169184	0.194986	0.173278	0.178439	0.168103	0.195205	0.186475	0.194850	0.178625	0.156379	0.189900	0.152597	0.185841	0.182803	0.180815	0.178103	0.164202	0.176638	0.175402	0.171930	0.193390	0.178027	0.192708	0.175606	0.180952	0.177198	0.185524	0.186603	0.195862	0.165242	0.258621	0.188202	0.160114	0.161148	0.179272	0.185489	0.179928	0.175272	0.170588	0.174603	0.151042	0.183924	0.171525	0.170953	0.168531	0.176201	0.185129	0.196335	0.204771	0.189669	0.159371	0.199367	0.174074	0.190287	0.178499	0.184353	0.357143	0.473837	0.492154	0.484730	0.473984	0.441860	0.474442	0.448780	0.420690	0.489199	0.511346	0.492733	0.484672	0.481229	0.484644	0.420664	0.475342	0.467967	0.465235	0.480029	0.485229	0.479641	0.485994	0.468025	0.476752	0.487705	0.502446	0.409756	0.491770	0.482703	0.493061	0.481919	0.495327	0.474458	0.488060	0.486301	0.480137	0.400000	0.458217	0.488372	0.477071	0.505519	0.489168	0.496855	0.489655	0.482877	0.481869	0.520882	0.481784	0.470546	0.492722	0.466853	0.477147	0.487685	0.469274	0.478626	0.487250	0.484702	0.478292	0.482285	0.486878	0.475692	0.479651	0.486915	0.476401	0.482353	0.490459	0.474408	0.467160	0.496561	0.482903	0.490210	0.479152	0.483045	0.476648	0.490960	
0.164875	0.184358	0.181149	0.168992	0.181918	0.169519	0.184000	0.164659	0.178431	0.164458	0.165517	0.157447	0.171680	0.167608	0.184039	0.174532	0.185212	0.000000	0.165807	0.175735	0.169853	0.153137	0.169967	0.181730	0.174721	0.183321	0.174908	0.165649	0.167665	0.168750	0.169617	0.160909	0.165807	0.190314	0.169147	0.178571	0.192593	0.175716	0.181380	0.188837	0.193976	0.184035	0.165165	0.152666	0.180741	0.171363	0.169746	0.178964	0.163490	0.165312	0.166389	0.169506	0.179289	0.170805	0.173252	0.160365	0.194276	0.179487	0.185362	0.174908	0.163462	0.177407	0.185048	0.167414	0.171779	0.264151	0.178030	0.150579	0.163121	0.185888	0.163462	0.167963	0.175994	0.169707	0.175635	0.150820	0.179676	0.184423	0.172386	0.172336	0.185550	0.167347	0.188889	0.169492	0.181347	0.182828	0.160000	0.164940	0.195745	0.194962	0.183044	0.375000	0.466877	0.475270	0.464439	0.466312	0.452381	0.464536	0.445652	0.400000	0.470144	0.495854	0.471519	0.472178	0.445783	0.467755	0.450505	0.467407	0.466415	0.471111	0.468404	0.465172	0.475619	0.478327	0.447489	0.466165	0.488527	0.488619	0.422460	0.480655	0.464380	0.473016	0.464555	0.484472	0.464853	0.487055	0.468448	0.466617	0.447514	0.444612	0.468296	0.451535	0.486789	0.476841	0.488075	0.478293	0.462222	0.474679	0.501877	0.470353	0.462920	0.478673	0.461713	0.455706	0.465596	0.455715	0.471842	0.474906	0.470895	0.471743	0.449219	0.477936	0.463592	0.471564	0.471599	0.470120	0.468069	0.464012	0.473772	0.444555	0.475373	0.465556	0.468537	0.462908	0.461481	0.450223	0.473962	
0.169026	0.139896	0.167010	0.167028	0.204708	0.164269	0.214008	0.180795	0.177331	0.167391	0.178444	0.168067	0.170882	0.168459	0.176649	0.183333	0.168256	0.165807	0.000000	0.180082	0.171565	0.163793	0.165373	0.180909	0.178991	0.173064	0.175463	0.170922	0.162968	0.174453	0.177763	0.174024	0.166667	0.184044	0.179847	0.200202	0.180028	0.168531	0.164802	0.176776	0.174658	0.178890	0.176799	0.164918	0.165062	0.181883	0.152597	0.158284	0.178353	0.166525	0.175833	0.170313	0.180129	0.166316	0.167137	0.169325	0.177419	0.151142	0.162362	0.164159	0.183448	0.165493	0.169876	0.161335	0.169879	0.245614	0.185603	0.163676	0.192053	0.182138	0.176511	0.165343	0.172131	0.186854	0.169785	0.160584	0.170882	0.167461	0.186170	0.161495	0.172546	0.164885	0.204787	0.170297	0.169903	0.162423	0.182390	0.180060	0.169323	0.167179	0.171946	0.379310	0.467930	0.484957	0.496057	0.472131	0.500000	0.484454	0.459459	0.406574	0.493352	0.502283	0.486467	0.490095	0.472556	0.483070	0.441121	0.479009	0.481456	0.456410	0.480643	0.477712	0.472588	0.483462	0.464311	0.480474	0.494505	0.492275	0.382353	0.481354	0.462903	0.498532	0.478656	0.498190	0.478933	0.493994	0.483827	0.482450	0.441489	0.455245	0.491141	0.468703	0.498150	0.500702	0.505529	0.490305	0.473503	0.484572	0.522093	0.483943	0.471780	0.485735	0.472320	0.479138	0.492221	0.466667	0.471831	0.484765	0.473258	0.475983	0.478924	0.473940	0.476657	0.480263	0.471607	0.474074	0.485038	0.478353	0.481909	0.461323	0.485833	0.477560	0.489092	0.477335	0.482951	0.479641	0.487771	
0.182196	0.210256	0.172840	0.186869	0.198777	0.172361	0.206107	0.181138	0.189435	0.178132	0.180199	0.136364	0.185109	0.184725	0.178030	0.192654	0.193878	0.175735	0.180082	0.000000	0.174863	0.159483	0.181889	0.195298	0.173793	0.170613	0.176350	0.171025	0.180873	0.160000	0.185744	0.179054	0.174863	0.196047	0.188847	0.195542	0.199164	0.180992	0.182292	0.185442	0.192483	0.185489	0.173184	0.177661	0.174570	0.177603	0.172786	0.183704	0.169503	0.174724	0.171694	0.171630	0.190442	0.182200	0.178873	0.173966	0.193886	0.186087	0.187040	0.172932	0.183448	0.178999	0.176511	0.154381	0.176429	0.169492	0.183357	0.179799	0.204846	0.182841	0.167353	0.177361	0.165644	0.182288	0.188797	0.159375	0.188098	0.168027	0.176649	0.173118	0.183767	0.161854	0.212042	0.181460	0.194826	0.186813	0.170347	0.173719	0.184263	0.192857	0.183544	0.423729	0.463557	0.485326	0.485827	0.474673	0.400000	0.488809	0.427873	0.431304	0.481481	0.524316	0.489408	0.478357	0.472603	0.488739	0.446927	0.466667	0.478322	0.467213	0.476991	0.487047	0.472954	0.496135	0.469301	0.477383	0.485264	0.497899	0.425121	0.488629	0.469355	0.489377	0.477654	0.491329	0.481039	0.492123	0.481787	0.480769	0.451282	0.466806	0.481953	0.465030	0.504438	0.487719	0.501575	0.484072	0.470103	0.488796	0.513326	0.492170	0.482310	0.482834	0.475857	0.479861	0.484463	0.467041	0.473980	0.477509	0.471302	0.490196	0.467297	0.477446	0.473684	0.478102	0.487552	0.480000	0.479167	0.472714	0.480430	0.459535	0.491361	0.492297	0.472944	0.472927	0.487162	0.472777	0.483264	
0.170691	0.164103	0.185489	0.187726	0.189602	0.172727	0.219231	0.170276	0.184378	0.169798	0.174964	0.200000	0.174061	0.170819	0.189251	0.170242	0.160544	0.169853	0.171565	0.174863	0.000000	0.178911	0.183437	0.180995	0.184700	0.168759	0.184373	0.178344	0.175779	0.172238	0.172249	0.156197	0.167804	0.177215	0.196178	0.177778	0.175732	0.182263	0.175465	0.171848	0.182232	0.181259	0.187630	0.163800	0.163811	0.170349	0.172786	0.166913	0.179714	0.166384	0.187645	0.162882	0.198288	0.177419	0.168310	0.185819	0.179631	0.165794	0.186902	0.182502	0.190771	0.188335	0.170782	0.176144	0.182206	0.254237	0.183673	0.169297	0.180617	0.178246	0.188615	0.154179	0.160082	0.187731	0.168858	0.151832	0.185109	0.172789	0.190909	0.176180	0.176245	0.174277	0.203125	0.174510	0.183955	0.180014	0.198113	0.185598	0.173826	0.170931	0.187895	0.423729	0.442671	0.483178	0.482677	0.459150	0.511111	0.481588	0.470732	0.419689	0.488811	0.509893	0.481400	0.478006	0.476068	0.486832	0.449355	0.462225	0.467832	0.468718	0.463166	0.476649	0.475398	0.482783	0.461158	0.477019	0.484911	0.494737	0.412621	0.487250	0.476190	0.491935	0.483939	0.484477	0.470506	0.488372	0.480743	0.480082	0.459184	0.458799	0.489377	0.464286	0.490399	0.484211	0.496840	0.486842	0.467033	0.476524	0.528935	0.483582	0.464982	0.478801	0.461162	0.469771	0.485190	0.466713	0.474017	0.478863	0.463968	0.477850	0.470203	0.475364	0.467318	0.473377	0.475795	0.466321	0.474965	0.474132	0.475385	0.449907	0.485142	0.485994	0.475755	0.472203	0.470466	0.461433	0.492318	
0.171760	0.167665	0.161318	0.174748	0.172932	0.164292	0.210280	0.155784	0.186499	0.166667	0.168913	0.167464	0.169697	0.164859	0.171670	0.186189	0.157216	0.153137	0.163793	0.159483	0.178911	0.000000	0.167473	0.172571	0.167102	0.158494	0.170543	0.156863	0.156195	0.161142	0.168549	0.162420	0.164797	0.176707	0.180223	0.172414	0.176672	0.157054	0.165881	0.185225	0.187761	0.178510	0.176678	0.156808	0.146341	0.168468	0.154873	0.172477	0.175862	0.166131	0.158607	0.157000	0.176791	0.170515	0.174912	0.167407	0.166834	0.189474	0.168372	0.153380	0.169137	0.165326	0.161599	0.183502	0.163832	0.208333	0.170232	0.161116	0.183246	0.186047	0.167680	0.164845	0.164797	0.187963	0.179353	0.161372	0.176268	0.160929	0.166348	0.169326	0.174081	0.168401	0.200637	0.185882	0.166667	0.153380	0.186131	0.150376	0.161963	0.177215	0.162921	0.377778	0.451243	0.475365	0.455556	0.463289	0.472222	0.467033	0.420749	0.408889	0.481416	0.491429	0.478301	0.477570	0.455050	0.457170	0.424658	0.457317	0.476909	0.450649	0.467831	0.475564	0.465198	0.477679	0.450450	0.458959	0.472585	0.476360	0.365714	0.488656	0.453799	0.480037	0.467613	0.482505	0.467556	0.469253	0.468178	0.465969	0.496644	0.450754	0.468694	0.456439	0.486817	0.478145	0.480924	0.477193	0.475153	0.472518	0.498555	0.472038	0.469294	0.475970	0.455830	0.460724	0.468638	0.452529	0.460303	0.477193	0.454167	0.466544	0.464945	0.473545	0.466414	0.477860	0.464851	0.473037	0.463372	0.470904	0.461089	0.439809	0.481124	0.478686	0.464951	0.463076	0.465548	0.457568	0.480000	
0.172253	0.161290	0.174455	0.178922	0.186992	0.159794	0.179283	0.164706	0.168871	0.177288	0.165462	0.139738	0.168740	0.160156	0.172619	0.174254	0.170525	0.169967	0.165373	0.181889	0.183437	0.167473	0.000000	0.188272	0.161215	0.171542	0.183088	0.165724	0.170330	0.159539	0.177795	0.177465	0.170031	0.191451	0.187767	0.180778	0.192188	0.174881	0.171548	0.184109	0.183355	0.183230	0.166008	0.179444	0.164981	0.189015	0.152334	0.156098	0.173611	0.176136	0.179286	0.169627	0.186179	0.171315	0.175579	0.187332	0.176736	0.166352	0.173045	0.172360	0.174355	0.174502	0.168740	0.167975	0.169751	0.192308	0.166534	0.168413	0.177033	0.180876	0.166537	0.169243	0.172601	0.186299	0.167981	0.139508	0.178072	0.172973	0.157850	0.171042	0.163495	0.166234	0.185185	0.178414	0.177477	0.168992	0.225694	0.164292	0.194079	0.170872	0.159521	0.380000	0.472817	0.499594	0.488372	0.476235	0.368421	0.483155	0.424658	0.428000	0.496032	0.516074	0.498342	0.499165	0.474609	0.487617	0.444444	0.485558	0.489294	0.493506	0.476388	0.488983	0.496855	0.496409	0.469551	0.491325	0.499610	0.498008	0.382199	0.496875	0.498148	0.510425	0.499206	0.501647	0.487281	0.497436	0.499220	0.488698	0.427746	0.474940	0.497581	0.477157	0.510495	0.493216	0.519784	0.492936	0.485603	0.490851	0.536137	0.499578	0.479441	0.492116	0.479266	0.480284	0.502807	0.478469	0.479649	0.506688	0.484793	0.483155	0.480198	0.491713	0.483733	0.487562	0.494894	0.489020	0.484585	0.488372	0.485539	0.476089	0.499607	0.493227	0.482786	0.495713	0.496069	0.486339	0.507534	
0.198456	0.190184	0.175503	0.193117	0.197128	0.170512	0.197368	0.177866	0.192488	0.190338	0.184557	0.222222	0.176364	0.157647	0.196985	0.190257	0.193868	0.181730	0.180909	0.195298	0.180995	0.172571	0.188272	0.000000	0.182904	0.180389	0.174545	0.182927	0.181400	0.190935	0.185623	0.162345	0.176203	0.209110	0.187296	0.189433	0.186170	0.204963	0.194664	0.196629	0.144737	0.202359	0.190564	0.169323	0.179323	0.182247	0.187500	0.194118	0.183950	0.200669	0.185787	0.184694	0.206994	0.184773	0.182407	0.198708	0.171579	0.134490	0.190107	0.185623	0.197802	0.189850	0.191431	0.173145	0.185185	0.162791	0.195693	0.188462	0.171745	0.200747	0.182149	0.172381	0.179024	0.185328	0.187956	0.166667	0.186594	0.182065	0.168159	0.187617	0.194949	0.184397	0.198113	0.196682	0.178765	0.177858	0.193050	0.179310	0.200000	0.206226	0.191847	0.369565	0.459813	0.456543	0.463542	0.445523	0.486486	0.445959	0.411765	0.410480	0.464052	0.492843	0.453568	0.458698	0.464245	0.444444	0.416476	0.436015	0.446211	0.465847	0.454985	0.466733	0.456059	0.450889	0.439323	0.457674	0.466117	0.455231	0.404908	0.475138	0.455026	0.474409	0.451914	0.453928	0.443921	0.459432	0.446281	0.468007	0.430303	0.435921	0.453510	0.433566	0.485030	0.461972	0.466238	0.464581	0.445155	0.466418	0.480127	0.464215	0.452199	0.450148	0.441643	0.451107	0.453686	0.435921	0.444236	0.459834	0.453074	0.443683	0.438884	0.457486	0.453908	0.447471	0.464646	0.439049	0.460259	0.465094	0.452138	0.437884	0.466728	0.463918	0.443299	0.469725	0.454713	0.441989	0.467351	
0.178691	0.229592	0.182512	0.187318	0.185950	0.164373	0.234615	0.175056	0.172477	0.182482	0.184173	0.213992	0.184647	0.175725	0.170099	0.178571	0.193393	0.174721	0.178991	0.173793	0.184700	0.167102	0.161215	0.182904	0.000000	0.175932	0.182825	0.174069	0.182645	0.165689	0.181440	0.185408	0.181254	0.210064	0.190231	0.182653	0.200565	0.180919	0.171816	0.172052	0.190149	0.172891	0.181369	0.176115	0.173943	0.183983	0.165397	0.203566	0.184573	0.182759	0.182316	0.177356	0.188489	0.192498	0.171652	0.162963	0.195951	0.183888	0.171004	0.183011	0.187065	0.182528	0.180180	0.160839	0.181556	0.237288	0.174377	0.181621	0.176734	0.183428	0.180623	0.167516	0.182633	0.172748	0.202655	0.172088	0.185645	0.178007	0.178324	0.169034	0.172093	0.172915	0.200528	0.168986	0.179967	0.180180	0.192308	0.163035	0.184848	0.203934	0.180492	0.457627	0.472059	0.501449	0.496810	0.489644	0.534884	0.493791	0.457213	0.422877	0.494001	0.519201	0.496324	0.507042	0.495682	0.492003	0.440075	0.482639	0.495056	0.472539	0.490052	0.504498	0.497896	0.501066	0.472896	0.482759	0.505205	0.505323	0.451456	0.505226	0.483660	0.503698	0.490127	0.502193	0.490419	0.498485	0.498609	0.494788	0.463918	0.482345	0.489621	0.472932	0.511228	0.496097	0.515563	0.497547	0.493750	0.504249	0.532634	0.505287	0.491228	0.504438	0.491154	0.492987	0.496074	0.476662	0.483665	0.504549	0.485667	0.498160	0.485693	0.498947	0.493912	0.488922	0.487413	0.488407	0.492968	0.489606	0.496894	0.482075	0.498952	0.497519	0.489709	0.489244	0.494035	0.474930	0.502470	
0.183811	0.153439	0.161878	0.157856	0.179275	0.162558	0.217899	0.167559	0.173913	0.164454	0.168482	0.139831	0.165387	0.177982	0.153668	0.176554	0.176389	0.183321	0.173064	0.170613	0.168759	0.158494	0.171542	0.180389	0.175932	0.000000	0.179469	0.159190	0.175847	0.160979	0.171329	0.161485	0.168061	0.183360	0.186928	0.180227	0.189112	0.186610	0.180015	0.161092	0.161066	0.176430	0.177936	0.170472	0.168073	0.185185	0.152245	0.164918	0.177901	0.172444	0.165102	0.149480	0.189366	0.172143	0.185345	0.162762	0.176277	0.193606	0.178195	0.182324	0.171710	0.165829	0.170287	0.163408	0.175182	0.250000	0.180576	0.161926	0.193258	0.174910	0.164336	0.175994	0.168985	0.179894	0.171247	0.163656	0.176676	0.172677	0.172734	0.176724	0.181250	0.166667	0.188976	0.178715	0.176179	0.169123	0.165079	0.170068	0.171604	0.171518	0.174472	0.431034	0.476831	0.476957	0.473006	0.463987	0.409091	0.486706	0.430000	0.422735	0.492505	0.492236	0.495905	0.488407	0.462752	0.483051	0.434286	0.470175	0.473984	0.462749	0.475019	0.483308	0.477032	0.476327	0.457823	0.473348	0.484615	0.489606	0.403061	0.480309	0.452145	0.497006	0.474359	0.488561	0.467765	0.483103	0.485955	0.496489	0.465969	0.465431	0.482285	0.464231	0.495461	0.483524	0.497985	0.489046	0.473684	0.487840	0.510664	0.478228	0.471196	0.483943	0.466714	0.475177	0.485199	0.468481	0.473873	0.485149	0.466942	0.476190	0.455828	0.476292	0.470092	0.473488	0.477739	0.475435	0.475177	0.484783	0.481947	0.453853	0.483757	0.482487	0.474515	0.479663	0.477675	0.473980	0.490014	
