0.988704	0.290462	0.286890	0.310349	0.266092	0.280037	0.338401	0.303683	0.276968	0.269173	0.270376	0.271348	0.253507	0.192572	0.302717	0.255410	0.310974	0.319405	0.259909	0.341915	0.269402	0.299080	0.266674	0.219033	0.233960	0.230725	0.248215	0.238254	0.270297	0.319423	0.256928	0.289320	0.268549	0.275830	0.195590	0.257571	0.254436	0.280914	0.313196	0.262019	0.226099	0.284286	0.259371	0.323159	0.295826	0.304998	0.290582	0.311523	0.339701	0.310693	0.240705	0.239474	0.228770	0.301190	0.262381	0.298521	0.281003	0.156641	0.225720	0.275390	0.310328	0.309333	0.269313	0.278099	0.307736	0.280432	0.327997	0.263554	0.267134	0.300493	0.285808	0.270536	0.277811	0.331729	0.279887	0.340861	0.314750	0.326952	0.307875	0.265045	0.220261	0.226155	0.250935	0.227809	0.250408	0.290217	0.340905	0.240752	0.231323	0.284062	-0.117515	-0.295735	-0.300411	-0.343462	-0.318572	-0.346771	-0.262331	-0.236356	-0.376623	-0.351325	-0.321206	-0.314882	-0.324571	-0.323507	-0.267938	-0.342720	-0.355971	-0.315911	-0.317258	-0.344855	-0.333070	-0.331264	-0.331146	-0.335208	-0.344290	-0.319302	-0.176642	-0.347387	-0.328458	-0.343357	-0.318980	-0.341465	-0.349861	-0.357985	-0.331953	-0.334296	-0.238784	-0.322075	-0.335379	-0.352529	-0.372156	-0.352199	-0.350382	-0.349873	-0.322760	-0.336279	-0.368673	-0.328151	-0.308156	-0.338001	-0.321937	-0.363456	-0.327182	-0.353779	-0.331246	-0.361733	-0.324038	-0.316420	-0.327700	-0.329530	-0.321550	-0.327193	-0.324281	-0.303887	-0.341004	-0.301364	-0.299517	-0.264302	-0.355311	-0.346383	-0.336553	-0.362513	-0.329655	-0.332002	-0.339196	
0.290462	0.722229	0.342008	0.301958	0.230641	0.288943	0.090984	0.265501	0.227599	0.355128	0.315962	0.210940	0.252688	0.239407	0.330425	0.256236	0.330416	0.318796	0.228239	0.204310	0.365281	0.256166	0.259180	0.209542	0.252975	0.280345	0.298483	0.303518	0.238108	0.243525	0.258851	0.267999	0.184377	0.238454	0.265951	0.345956	0.158708	0.237973	0.179536	0.307442	0.266649	0.249134	0.201371	0.285579	0.281711	0.306589	0.340700	0.250530	0.325538	0.311367	0.305314	0.248330	0.243147	0.258399	0.210953	0.202719	0.358564	0.214092	0.206384	0.167696	0.249939	0.277636	0.284981	0.201569	0.277724	0.199637	0.402919	0.076883	0.257480	0.319312	0.296565	0.236080	0.172679	0.243758	0.223843	0.333037	0.304561	0.150383	0.280234	0.344885	0.236294	0.286091	0.348455	0.283879	0.264208	0.286141	0.207232	0.317038	0.181547	0.197126	0.015161	-0.266424	-0.322260	-0.322003	-0.267125	-0.317776	-0.407255	-0.203590	-0.306883	-0.371714	-0.375785	-0.339885	-0.342460	-0.312737	-0.266752	-0.379026	-0.388074	-0.370133	-0.303971	-0.322158	-0.326014	-0.260127	-0.380915	-0.360318	-0.335433	-0.256341	-0.026688	-0.306360	-0.369729	-0.344785	-0.245966	-0.373843	-0.301972	-0.402721	-0.296060	-0.327789	-0.090075	-0.274136	-0.268802	-0.405723	-0.350991	-0.328347	-0.402403	-0.393945	-0.324044	-0.343001	-0.491876	-0.268179	-0.209521	-0.314433	-0.282834	-0.422123	-0.259008	-0.317420	-0.301132	-0.305091	-0.329026	-0.416910	-0.345049	-0.282824	-0.300915	-0.274619	-0.329376	-0.278118	-0.358057	-0.396956	-0.384865	-0.314908	-0.376782	-0.256888	-0.400032	-0.331804	-0.265144	-0.325090	-0.368372	
0.286890	0.342008	0.919426	0.284642	0.293006	0.279608	0.124665	0.278872	0.269800	0.310888	0.285926	0.219786	0.279640	0.296491	0.309617	0.322705	0.309650	0.294590	0.288054	0.295696	0.296891	0.260810	0.282195	0.237770	0.327275	0.310254	0.264752	0.338892	0.239614	0.311582	0.299576	0.306460	0.314283	0.251621	0.242669	0.269206	0.352266	0.291923	0.318634	0.351091	0.304255	0.293781	0.290828	0.277421	0.298115	0.287545	0.372033	0.318930	0.321417	0.296977	0.254736	0.243408	0.271426	0.327169	0.320921	0.292683	0.338412	0.216511	0.304158	0.305665	0.298728	0.246624	0.266245	0.412340	0.301890	0.309197	0.342448	0.205093	0.267588	0.301851	0.285883	0.314784	0.258798	0.320603	0.292832	0.302091	0.296638	0.293882	0.298698	0.259726	0.317947	0.288178	0.318726	0.311021	0.265012	0.239370	0.283971	0.204802	0.288509	0.274439	-0.249762	-0.301187	-0.356185	-0.333993	-0.307924	-0.353498	-0.267546	-0.197976	-0.359542	-0.356289	-0.346606	-0.334649	-0.329394	-0.329547	-0.262635	-0.360784	-0.365580	-0.327981	-0.338020	-0.352713	-0.362993	-0.363499	-0.359320	-0.343128	-0.370203	-0.339267	-0.210968	-0.362295	-0.328340	-0.337121	-0.328267	-0.342360	-0.358849	-0.355247	-0.337830	-0.355665	-0.301497	-0.296287	-0.353517	-0.358668	-0.370830	-0.370047	-0.372211	-0.360811	-0.340475	-0.301416	-0.395176	-0.339363	-0.331050	-0.340272	-0.352713	-0.370480	-0.347463	-0.336570	-0.350152	-0.381682	-0.340411	-0.358173	-0.333558	-0.347829	-0.333877	-0.329299	-0.341779	-0.337102	-0.339584	-0.357148	-0.336739	-0.328424	-0.359065	-0.324625	-0.362913	-0.333633	-0.302746	-0.341696	-0.361422	
0.310349	0.301958	0.284642	0.835703	0.283440	0.286676	0.184422	0.283894	0.274304	0.311763	0.280281	0.250409	0.286329	0.241424	0.334287	0.274648	0.282256	0.259441	0.246620	0.284510	0.263153	0.249701	0.264707	0.239933	0.248848	0.296263	0.282562	0.251198	0.233432	0.289047	0.245711	0.298692	0.242484	0.254336	0.260739	0.256232	0.259455	0.232128	0.238133	0.274739	0.242369	0.269607	0.279523	0.292964	0.272530	0.254818	0.309583	0.320811	0.279931	0.257989	0.313432	0.212965	0.269275	0.255013	0.235561	0.240443	0.314369	0.211688	0.265568	0.284211	0.278717	0.228623	0.256430	0.335917	0.322075	0.261308	0.267363	0.170123	0.274695	0.286441	0.270473	0.291549	0.226293	0.236366	0.268894	0.270928	0.267490	0.261691	0.298231	0.322842	0.257332	0.172902	0.239838	0.273506	0.283210	0.252738	0.256682	0.205611	0.237882	0.295937	-0.284582	-0.310944	-0.291332	-0.325445	-0.321659	-0.329965	-0.276389	-0.191210	-0.342190	-0.320345	-0.316981	-0.324770	-0.325770	-0.305736	-0.240298	-0.320362	-0.354876	-0.302766	-0.334401	-0.297560	-0.314619	-0.326749	-0.320356	-0.338637	-0.315450	-0.316798	-0.211415	-0.325910	-0.305999	-0.305284	-0.280066	-0.322229	-0.342635	-0.329666	-0.318333	-0.303865	-0.245128	-0.310574	-0.346043	-0.303130	-0.299529	-0.318703	-0.314421	-0.323026	-0.307077	-0.306697	-0.360706	-0.334344	-0.293134	-0.328791	-0.308750	-0.333264	-0.327291	-0.332656	-0.304273	-0.341670	-0.289571	-0.330427	-0.315673	-0.306629	-0.295755	-0.295488	-0.309677	-0.315612	-0.332594	-0.321536	-0.339543	-0.284902	-0.324628	-0.319030	-0.316236	-0.312507	-0.319244	-0.305576	-0.336222	
0.266092	0.230641	0.293006	0.283440	0.925106	0.295203	0.280198	0.294699	0.295051	0.211453	0.256110	0.264065	0.296969	0.183394	0.257603	0.287351	0.238019	0.253485	0.251652	0.286647	0.273340	0.293880	0.302693	0.288189	0.244974	0.280774	0.295175	0.316073	0.196643	0.250772	0.309107	0.233668	0.270016	0.240182	0.174775	0.180878	0.259444	0.237228	0.224885	0.256083	0.248276	0.249940	0.239806	0.266590	0.329288	0.230960	0.366356	0.292580	0.238065	0.210532	0.274517	0.244953	0.291589	0.288268	0.265711	0.252041	0.244893	0.208696	0.254234	0.278919	0.225402	0.317953	0.303321	0.225040	0.235184	0.233184	0.228887	0.247256	0.255794	0.270182	0.272426	0.268609	0.221046	0.261369	0.269511	0.338599	0.266395	0.264524	0.277703	0.304681	0.322849	0.195362	0.260982	0.314584	0.244629	0.176289	0.326731	0.207488	0.216808	0.266561	-0.259209	-0.329492	-0.307694	-0.304444	-0.275755	-0.280271	-0.252167	-0.129356	-0.315355	-0.342511	-0.334347	-0.299680	-0.290473	-0.342900	-0.267828	-0.315524	-0.354499	-0.326860	-0.310451	-0.335313	-0.305621	-0.324325	-0.304720	-0.321488	-0.306176	-0.350953	-0.250474	-0.321038	-0.316278	-0.340022	-0.286122	-0.303297	-0.320137	-0.317509	-0.338229	-0.309179	-0.301663	-0.288644	-0.291671	-0.350254	-0.352603	-0.343728	-0.309673	-0.311578	-0.333481	-0.306327	-0.378242	-0.313137	-0.274305	-0.344660	-0.278987	-0.347624	-0.337166	-0.300567	-0.308687	-0.306060	-0.332327	-0.347293	-0.318914	-0.310804	-0.313848	-0.308254	-0.317521	-0.278373	-0.342768	-0.325600	-0.332710	-0.293367	-0.327128	-0.323279	-0.337736	-0.323679	-0.321592	-0.326445	-0.349426	
0.280037	0.288943	0.279608	0.286676	0.295203	0.974665	0.221031	0.355109	0.274750	0.315766	0.289917	0.311690	0.327650	0.257336	0.342471	0.310954	0.287751	0.300320	0.265537	0.313996	0.279957	0.311023	0.304254	0.279709	0.313187	0.306778	0.341293	0.263762	0.258345	0.300398	0.342818	0.260749	0.285201	0.273760	0.335544	0.225686	0.214878	0.312844	0.326219	0.305730	0.253978	0.298004	0.310745	0.330562	0.316972	0.262243	0.308148	0.324041	0.297560	0.276937	0.298362	0.256968	0.304322	0.318738	0.295602	0.312330	0.312644	0.254601	0.259555	0.328711	0.264838	0.327473	0.328614	0.336925	0.312430	0.303266	0.325785	0.177548	0.266358	0.239140	0.303791	0.258526	0.320712	0.277405	0.284628	0.369046	0.254416	0.248907	0.330079	0.278683	0.292478	0.268048	0.277272	0.277199	0.304369	0.214982	0.246877	0.220466	0.214309	0.333516	-0.294670	-0.317216	-0.356032	-0.330926	-0.314647	-0.339319	-0.274529	-0.200474	-0.357300	-0.380494	-0.358724	-0.356628	-0.366710	-0.357703	-0.261279	-0.353337	-0.387252	-0.348185	-0.349803	-0.345593	-0.348132	-0.364578	-0.357453	-0.340051	-0.326084	-0.346735	-0.230105	-0.340207	-0.329636	-0.329230	-0.305794	-0.344254	-0.361101	-0.365472	-0.337791	-0.359057	-0.422934	-0.331140	-0.354506	-0.356343	-0.354620	-0.365848	-0.379043	-0.358484	-0.354747	-0.365785	-0.370662	-0.340788	-0.312086	-0.372724	-0.356679	-0.357352	-0.364202	-0.338831	-0.321240	-0.361875	-0.360026	-0.343123	-0.353114	-0.339496	-0.347670	-0.329384	-0.359672	-0.364445	-0.372837	-0.341037	-0.349253	-0.281123	-0.342450	-0.357358	-0.366218	-0.332844	-0.350243	-0.339996	-0.382193	
0.338401	0.090984	0.124665	0.184422	0.280198	0.221031	0.961885	0.304863	0.246081	0.204985	0.280220	0.240236	0.220349	0.210440	0.156712	0.179797	0.215269	0.220709	0.255825	0.240268	0.201280	0.217339	0.294618	0.242018	0.149501	0.217014	0.286547	0.286578	0.252893	0.216755	0.250022	0.204811	0.211728	0.386304	0.193156	0.198759	0.234018	0.134546	0.156817	0.130341	0.161205	0.186049	0.083234	0.234819	0.257161	0.162483	0.233516	0.165091	0.215813	0.231357	0.257820	0.148239	0.144255	0.186549	0.177680	0.295512	0.209188	0.148612	0.200239	0.212381	0.304613	0.191773	0.278907	0.207399	0.246552	0.175133	0.282024	0.194954	0.232191	0.158455	0.242691	0.149978	0.169205	0.174957	0.281308	0.164111	0.210388	0.234041	0.212107	0.247788	0.225603	0.107350	0.168548	0.097863	0.299318	0.041750	0.142100	0.196948	0.226182	0.283587	-0.330400	-0.316930	-0.329503	-0.372196	-0.167468	-0.256922	-0.095853	-0.134610	-0.298630	-0.375762	-0.201825	-0.244569	-0.281849	-0.304951	-0.237307	-0.265601	-0.293254	-0.319452	-0.308463	-0.210904	-0.285067	-0.317973	-0.312188	-0.295905	-0.276028	-0.294353	-0.337362	-0.270026	-0.213662	-0.253149	-0.291058	-0.328169	-0.288002	-0.259881	-0.243897	-0.277188	-0.166586	-0.235337	-0.340393	-0.304249	-0.222360	-0.330725	-0.227638	-0.290816	-0.309900	-0.233528	-0.296977	-0.243863	-0.322899	-0.365584	-0.277124	-0.231080	-0.348225	-0.199475	-0.254713	-0.278380	-0.273289	-0.275253	-0.229015	-0.339454	-0.321427	-0.274881	-0.357632	-0.174077	-0.318998	-0.329329	-0.283859	-0.178993	-0.370330	-0.248896	-0.217977	-0.250748	-0.343364	-0.187096	-0.179700	
0.303683	0.265501	0.278872	0.283894	0.294699	0.355109	0.304863	0.860285	0.272519	0.279572	0.285189	0.270504	0.290171	0.287221	0.267175	0.321844	0.300466	0.288424	0.256298	0.305305	0.274283	0.305132	0.294774	0.259873	0.285108	0.308572	0.278217	0.308940	0.240752	0.302230	0.257206	0.291139	0.311547	0.283163	0.274101	0.220118	0.324360	0.291712	0.274515	0.316550	0.288211	0.268325	0.295518	0.301780	0.290825	0.264889	0.332388	0.298207	0.318916	0.258660	0.284531	0.264612	0.261005	0.313153	0.314602	0.299104	0.274769	0.207755	0.290671	0.280441	0.330759	0.295314	0.324749	0.323609	0.279620	0.277146	0.312710	0.268637	0.274273	0.313848	0.260783	0.245619	0.238080	0.259296	0.273660	0.296929	0.292811	0.292264	0.308531	0.297003	0.333248	0.261916	0.262390	0.322168	0.319780	0.277315	0.297740	0.308684	0.288468	0.320653	-0.266343	-0.294683	-0.336774	-0.338489	-0.322811	-0.332361	-0.276948	-0.206035	-0.357637	-0.365607	-0.360981	-0.351113	-0.339036	-0.337099	-0.264111	-0.324849	-0.332384	-0.353979	-0.343043	-0.351994	-0.327924	-0.360779	-0.344069	-0.345179	-0.356889	-0.348957	-0.240348	-0.339199	-0.322456	-0.350030	-0.316256	-0.340872	-0.367691	-0.339375	-0.324575	-0.352005	-0.252654	-0.341203	-0.362107	-0.360722	-0.352156	-0.347290	-0.315929	-0.353978	-0.360324	-0.339882	-0.376126	-0.318105	-0.330713	-0.332494	-0.318369	-0.357763	-0.342842	-0.352695	-0.320189	-0.352994	-0.327956	-0.318009	-0.348888	-0.340640	-0.345943	-0.337753	-0.330688	-0.360235	-0.345534	-0.353034	-0.360270	-0.308950	-0.366348	-0.349810	-0.334846	-0.348004	-0.355299	-0.344103	-0.361207	
0.276968	0.227599	0.269800	0.274304	0.295051	0.274750	0.246081	0.272519	0.948121	0.248256	0.313630	0.231252	0.278585	0.174527	0.264565	0.246974	0.339119	0.336513	0.314028	0.302108	0.237970	0.297096	0.302316	0.291652	0.250294	0.282833	0.255336	0.301230	0.270695	0.298609	0.266360	0.256412	0.292201	0.290969	0.264729	0.234097	0.246087	0.250899	0.238158	0.272818	0.307502	0.250260	0.306323	0.259655	0.273910	0.295446	0.319575	0.277368	0.275505	0.294431	0.293707	0.272813	0.291143	0.300822	0.318716	0.348380	0.283451	0.237782	0.218735	0.317643	0.233616	0.323951	0.299711	0.430394	0.295846	0.280508	0.243100	0.154745	0.288275	0.220996	0.277285	0.296390	0.269881	0.224006	0.280307	0.309028	0.236728	0.273656	0.248716	0.240426	0.226684	0.235437	0.303522	0.238589	0.251511	0.294683	0.231374	0.214065	0.270097	0.249661	-0.401603	-0.310583	-0.330756	-0.330319	-0.313882	-0.337230	-0.269532	-0.212154	-0.327888	-0.376134	-0.309847	-0.300646	-0.297192	-0.334743	-0.256121	-0.327149	-0.329386	-0.308894	-0.325571	-0.332883	-0.354940	-0.304342	-0.341085	-0.316664	-0.338075	-0.352963	-0.256325	-0.346032	-0.305782	-0.343885	-0.327509	-0.339471	-0.338932	-0.325661	-0.312557	-0.316981	-0.275829	-0.283882	-0.335856	-0.349520	-0.372272	-0.335929	-0.358245	-0.374271	-0.333733	-0.313632	-0.351456	-0.327361	-0.296917	-0.338633	-0.316341	-0.357894	-0.348892	-0.326640	-0.311692	-0.347863	-0.360008	-0.325303	-0.309404	-0.318869	-0.337059	-0.323271	-0.323377	-0.300370	-0.327809	-0.344993	-0.336986	-0.319070	-0.359398	-0.325235	-0.361148	-0.350009	-0.309166	-0.314970	-0.320594	
0.269173	0.355128	0.310888	0.311763	0.211453	0.315766	0.204985	0.279572	0.248256	0.968187	0.291871	0.294279	0.287163	0.288225	0.333307	0.279941	0.278961	0.288694	0.285173	0.290049	0.269164	0.241330	0.286485	0.225407	0.237790	0.320789	0.293850	0.274790	0.287493	0.307358	0.292639	0.277286	0.293849	0.281923	0.244913	0.287943	0.161683	0.267317	0.314233	0.346023	0.246248	0.293559	0.282865	0.329037	0.292461	0.308342	0.271789	0.310029	0.275617	0.346442	0.271952	0.250437	0.283421	0.292978	0.276308	0.260649	0.292407	0.330326	0.327537	0.351843	0.323263	0.279887	0.268704	0.289529	0.330610	0.238484	0.289396	0.217757	0.268164	0.335590	0.273373	0.282141	0.255234	0.263588	0.297319	0.261458	0.297110	0.299424	0.283638	0.270196	0.250198	0.261792	0.211160	0.304532	0.251353	0.184257	0.296895	0.176440	0.250559	0.302415	-0.120432	-0.277570	-0.318800	-0.332350	-0.276883	-0.336526	-0.249996	-0.238311	-0.359580	-0.354976	-0.328274	-0.345953	-0.326293	-0.348957	-0.267783	-0.337565	-0.311247	-0.330035	-0.319362	-0.361625	-0.346684	-0.326739	-0.341005	-0.338738	-0.354825	-0.332571	-0.214584	-0.355378	-0.313126	-0.333590	-0.318732	-0.300890	-0.365018	-0.355693	-0.328606	-0.348823	-0.276603	-0.310538	-0.351752	-0.359772	-0.372280	-0.356982	-0.356751	-0.312901	-0.330936	-0.337230	-0.396333	-0.315329	-0.304089	-0.361046	-0.336150	-0.347312	-0.344978	-0.341658	-0.332045	-0.350570	-0.360040	-0.335852	-0.316614	-0.348645	-0.344268	-0.333196	-0.324301	-0.349976	-0.321920	-0.353127	-0.358365	-0.294008	-0.385411	-0.329927	-0.349943	-0.336528	-0.308256	-0.324316	-0.359320	
0.270376	0.315962	0.285926	0.280281	0.256110	0.289917	0.280220	0.285189	0.313630	0.291871	1.007869	0.184698	0.307373	0.280082	0.346771	0.309263	0.268641	0.345878	0.246537	0.352624	0.319444	0.307228	0.279293	0.266033	0.337168	0.280894	0.285634	0.299294	0.258638	0.312151	0.287868	0.292225	0.271726	0.270937	0.278494	0.322345	0.330822	0.301832	0.270583	0.366490	0.301773	0.323352	0.297686	0.304539	0.247560	0.295881	0.341735	0.342854	0.298107	0.272501	0.304064	0.312266	0.334859	0.277691	0.328536	0.296754	0.292430	0.345024	0.317653	0.346303	0.291328	0.261930	0.282295	0.349141	0.347593	0.316835	0.321718	0.172218	0.254300	0.346719	0.290424	0.342760	0.250456	0.314380	0.318295	0.308455	0.338565	0.267301	0.366834	0.382002	0.241706	0.258434	0.289218	0.340659	0.322814	0.243962	0.336602	0.222344	0.297491	0.310941	-0.294888	-0.269990	-0.375567	-0.353497	-0.329554	-0.354778	-0.263906	-0.162061	-0.359308	-0.397968	-0.355405	-0.373241	-0.353614	-0.342032	-0.295591	-0.338549	-0.356954	-0.374066	-0.364947	-0.375768	-0.346954	-0.359482	-0.353715	-0.362305	-0.369201	-0.372112	-0.205971	-0.369967	-0.354817	-0.350173	-0.317651	-0.380744	-0.364669	-0.329476	-0.330965	-0.367350	-0.275820	-0.349602	-0.360225	-0.379396	-0.387430	-0.370668	-0.386960	-0.378281	-0.361681	-0.342085	-0.417901	-0.372933	-0.337835	-0.368493	-0.348188	-0.360486	-0.360552	-0.350994	-0.341374	-0.380536	-0.340359	-0.357947	-0.360831	-0.355620	-0.350590	-0.342886	-0.338025	-0.337875	-0.367106	-0.359324	-0.343300	-0.325267	-0.382587	-0.344857	-0.379508	-0.382020	-0.360984	-0.356440	-0.359400	
0.271348	0.210940	0.219786	0.250409	0.264065	0.311690	0.240236	0.270504	0.231252	0.294279	0.184698	0.728309	0.290310	0.128196	0.178584	0.201804	0.243596	0.305715	0.240726	0.265954	0.154421	0.231719	0.284663	0.124480	0.219518	0.225456	0.255792	0.178400	0.309451	0.275558	0.306928	0.173819	0.238357	0.333853	0.230282	0.000241	0.160865	0.167392	0.191520	0.193737	0.184495	0.207948	0.209525	0.245786	0.204679	0.268753	0.259737	0.333505	0.180325	0.200714	0.090407	0.198320	0.219896	0.185594	0.258228	0.255047	0.283640	0.098078	0.168913	0.193157	0.244297	0.223687	0.236795	0.163212	0.303954	0.230999	0.259129	0.115723	0.231557	0.295022	0.174392	0.185902	0.142354	0.179325	0.295456	0.252609	0.259023	0.238612	0.311065	0.213099	0.218950	0.402745	0.164468	0.180659	0.132102	0.214478	0.324494	0.137409	0.263145	0.287320	-0.376684	-0.270003	-0.296801	-0.328677	-0.288183	-0.222046	-0.111219	-0.190272	-0.329913	-0.117228	-0.269609	-0.342597	-0.359481	-0.295422	-0.079517	-0.351230	-0.255757	-0.298637	-0.297636	-0.303393	-0.273266	-0.375876	-0.314698	-0.353995	-0.279507	-0.304757	-0.060433	-0.266544	-0.271567	-0.246050	-0.240882	-0.242936	-0.284944	-0.329614	-0.271918	-0.293261	-0.257953	-0.214180	-0.355927	-0.244574	-0.345814	-0.306481	-0.155928	-0.348556	-0.247286	-0.206543	-0.381046	-0.298635	-0.189165	-0.187548	-0.294884	-0.348391	-0.346562	-0.286157	-0.298886	-0.345622	-0.302719	-0.335512	-0.264466	-0.278158	-0.290243	-0.304629	-0.251765	-0.247763	-0.300510	-0.264076	-0.291346	-0.289380	-0.278024	-0.302187	-0.316735	-0.291202	-0.341867	-0.304291	-0.301915	
0.253507	0.252688	0.279640	0.286329	0.296969	0.327650	0.220349	0.290171	0.278585	0.287163	0.307373	0.290310	1.054122	0.261761	0.364856	0.320683	0.311904	0.271557	0.310110	0.334400	0.328840	0.343536	0.334531	0.278312	0.309501	0.330576	0.235625	0.361285	0.280268	0.321402	0.308455	0.251027	0.330645	0.273329	0.246200	0.244241	0.292439	0.304314	0.323436	0.263610	0.230820	0.285090	0.315186	0.342061	0.342087	0.285709	0.359816	0.289757	0.294998	0.323681	0.339674	0.339743	0.313460	0.319206	0.293468	0.264038	0.236407	0.314964	0.289824	0.370188	0.320827	0.303295	0.335799	0.336118	0.354764	0.337124	0.296792	0.191596	0.278333	0.255768	0.291866	0.297242	0.238773	0.265045	0.283547	0.311646	0.311680	0.330551	0.317670	0.258685	0.315126	0.233280	0.240144	0.319264	0.289313	0.341723	0.279349	0.279056	0.306879	0.319276	-0.330430	-0.338184	-0.353564	-0.351342	-0.331092	-0.343671	-0.277362	-0.201443	-0.358263	-0.422006	-0.339200	-0.365227	-0.375285	-0.365353	-0.254896	-0.360109	-0.373665	-0.323713	-0.366742	-0.361037	-0.379632	-0.361479	-0.359429	-0.328095	-0.363137	-0.366353	-0.267028	-0.358635	-0.338131	-0.335555	-0.324325	-0.346483	-0.396723	-0.368956	-0.332595	-0.356552	-0.307418	-0.350877	-0.364764	-0.365184	-0.377475	-0.360693	-0.370933	-0.371393	-0.357400	-0.341639	-0.393708	-0.351045	-0.359496	-0.351326	-0.362142	-0.360876	-0.397662	-0.350227	-0.343158	-0.374252	-0.368375	-0.340532	-0.329849	-0.359547	-0.351621	-0.338485	-0.339107	-0.358714	-0.364846	-0.367355	-0.374124	-0.339995	-0.398080	-0.348690	-0.354205	-0.363150	-0.350127	-0.345916	-0.376980	
0.192572	0.239407	0.296491	0.241424	0.183394	0.257336	0.210440	0.287221	0.174527	0.288225	0.280082	0.128196	0.261761	0.766838	0.223986	0.273439	0.290554	0.288822	0.230481	0.232991	0.246237	0.248107	0.271768	0.217932	0.296961	0.217633	0.344291	0.245097	0.224139	0.263124	0.241911	0.243932	0.267215	0.268736	0.271720	0.237064	0.249561	0.267601	0.261927	0.334413	0.380166	0.285873	0.283029	0.299512	0.267632	0.203207	0.306741	0.234101	0.321811	0.296974	0.227310	0.222503	0.203894	0.279468	0.263350	0.199307	0.219614	0.125453	0.249780	0.262351	0.282798	0.290548	0.225699	0.233014	0.352305	0.236889	0.362175	0.248209	0.303179	0.258227	0.312901	0.237653	0.261093	0.247357	0.280983	0.273165	0.238350	0.255186	0.243932	0.287706	0.256644	0.187500	0.356314	0.224405	0.284910	0.252830	0.196597	0.212505	0.204882	0.316904	-0.050040	-0.276743	-0.338406	-0.305108	-0.325187	-0.325193	-0.026822	-0.117402	-0.356154	-0.347518	-0.336136	-0.348991	-0.269687	-0.321186	-0.202203	-0.345135	-0.331150	-0.301460	-0.348641	-0.306021	-0.348977	-0.276965	-0.265493	-0.314362	-0.308518	-0.354688	-0.089678	-0.326387	-0.334639	-0.328401	-0.252079	-0.323446	-0.325474	-0.324120	-0.292396	-0.346135	-0.148781	-0.276772	-0.308729	-0.327728	-0.309229	-0.351620	-0.287116	-0.322208	-0.345565	-0.297553	-0.293512	-0.347448	-0.284440	-0.303875	-0.320330	-0.346635	-0.325186	-0.329993	-0.308614	-0.330932	-0.354546	-0.337702	-0.360886	-0.257716	-0.285742	-0.298174	-0.332531	-0.317425	-0.272115	-0.399324	-0.328022	-0.326542	-0.340260	-0.312759	-0.329700	-0.298515	-0.294512	-0.284194	-0.351862	
0.302717	0.330425	0.309617	0.334287	0.257603	0.342471	0.156712	0.267175	0.264565	0.333307	0.346771	0.178584	0.364856	0.223986	1.012934	0.310436	0.293073	0.220433	0.267124	0.312739	0.330286	0.310632	0.338331	0.261631	0.310141	0.334244	0.332746	0.276395	0.263673	0.337977	0.304465	0.284302	0.278623	0.278337	0.198142	0.244866	0.267559	0.332540	0.340844	0.305375	0.275004	0.313451	0.382903	0.290979	0.297762	0.296050	0.288485	0.313824	0.314239	0.363791	0.302841	0.396871	0.298113	0.286431	0.267536	0.282052	0.304401	0.270851	0.290647	0.343158	0.322383	0.345557	0.335023	0.385675	0.331205	0.284911	0.338929	0.272903	0.251958	0.307074	0.299659	0.283561	0.283603	0.299923	0.294459	0.304038	0.348177	0.320153	0.326632	0.262036	0.261868	0.272444	0.360682	0.301482	0.298189	0.225812	0.318155	0.269983	0.284157	0.275820	-0.383909	-0.262115	-0.347391	-0.352406	-0.334210	-0.365505	-0.254256	-0.238523	-0.384051	-0.399058	-0.348385	-0.378535	-0.349105	-0.329360	-0.291954	-0.367789	-0.376467	-0.342252	-0.351483	-0.395751	-0.352572	-0.372820	-0.357977	-0.378480	-0.371842	-0.376476	-0.220047	-0.374679	-0.351924	-0.362450	-0.353293	-0.340266	-0.351902	-0.355731	-0.352722	-0.375171	-0.239532	-0.338419	-0.347233	-0.355683	-0.379667	-0.359341	-0.406129	-0.366426	-0.385461	-0.344644	-0.413992	-0.365944	-0.343096	-0.341942	-0.355101	-0.375137	-0.368879	-0.351597	-0.338245	-0.391653	-0.349901	-0.353944	-0.372095	-0.360554	-0.349865	-0.358094	-0.361862	-0.380914	-0.346063	-0.396249	-0.359330	-0.320371	-0.380851	-0.372137	-0.366934	-0.373865	-0.342268	-0.354812	-0.350277	
0.255410	0.256236	0.322705	0.274648	0.287351	0.310954	0.179797	0.321844	0.246974	0.279941	0.309263	0.201804	0.320683	0.273439	0.310436	1.019549	0.360267	0.261687	0.306259	0.319790	0.336324	0.287022	0.312574	0.310212	0.285107	0.329213	0.312134	0.301614	0.290753	0.370607	0.280571	0.255825	0.321315	0.290683	0.306955	0.272747	0.303057	0.277199	0.313094	0.261179	0.308161	0.298240	0.325180	0.323847	0.269297	0.296044	0.326884	0.376935	0.307856	0.312771	0.322887	0.312835	0.234903	0.299109	0.303862	0.317667	0.291972	0.233073	0.267580	0.279509	0.339165	0.303274	0.325746	0.300013	0.318965	0.260026	0.290739	0.217607	0.293537	0.309776	0.273619	0.267984	0.248262	0.321525	0.254984	0.325645	0.339766	0.327389	0.302717	0.270462	0.275915	0.207133	0.299083	0.250039	0.344363	0.205258	0.293785	0.226756	0.275397	0.296775	-0.225877	-0.306735	-0.364541	-0.334115	-0.344012	-0.367296	-0.244287	-0.195133	-0.375804	-0.358719	-0.337053	-0.370685	-0.350747	-0.361754	-0.282461	-0.358353	-0.384725	-0.345759	-0.366733	-0.360600	-0.351718	-0.339628	-0.338002	-0.360368	-0.356557	-0.353839	-0.348010	-0.377852	-0.321848	-0.339640	-0.318840	-0.343238	-0.370830	-0.371720	-0.337085	-0.348677	-0.428290	-0.309584	-0.375180	-0.381393	-0.379246	-0.366597	-0.327724	-0.343256	-0.371082	-0.361775	-0.423659	-0.351432	-0.343221	-0.377831	-0.342159	-0.358736	-0.358990	-0.367242	-0.330275	-0.356683	-0.343922	-0.324746	-0.346117	-0.337507	-0.315746	-0.338980	-0.343303	-0.344240	-0.371857	-0.352869	-0.366509	-0.307892	-0.384771	-0.332634	-0.368218	-0.349111	-0.334245	-0.299851	-0.367180	
0.310974	0.330416	0.309650	0.282256	0.238019	0.287751	0.215269	0.300466	0.339119	0.278961	0.268641	0.243596	0.311904	0.290554	0.293073	0.360267	0.977963	0.277323	0.285961	0.288761	0.279790	0.291947	0.311191	0.204451	0.283258	0.262251	0.291063	0.312425	0.287960	0.289796	0.340325	0.300310	0.265220	0.280011	0.212135	0.305303	0.271619	0.253599	0.277349	0.329369	0.263601	0.296976	0.340520	0.325125	0.285528	0.275605	0.292721	0.365497	0.288075	0.286164	0.282707	0.296615	0.306527	0.307216	0.330275	0.243979	0.316476	0.243996	0.321129	0.288946	0.275115	0.298710	0.300966	0.275684	0.286636	0.293441	0.249352	0.204087	0.317340	0.292155	0.295440	0.302102	0.302490	0.297231	0.298771	0.309919	0.316866	0.311626	0.275479	0.260448	0.256412	0.210697	0.177950	0.286152	0.296179	0.323878	0.288522	0.209312	0.281507	0.319262	-0.365058	-0.312513	-0.325385	-0.339479	-0.322392	-0.347861	-0.234551	-0.206512	-0.362894	-0.348394	-0.322881	-0.325767	-0.342682	-0.341867	-0.269419	-0.346383	-0.358795	-0.315270	-0.337363	-0.332436	-0.337359	-0.345849	-0.341299	-0.353812	-0.328689	-0.339386	-0.210661	-0.365525	-0.339820	-0.322563	-0.316921	-0.354855	-0.366022	-0.359051	-0.336336	-0.352298	-0.259392	-0.345430	-0.352483	-0.351013	-0.381701	-0.370525	-0.359670	-0.338088	-0.349645	-0.321822	-0.405923	-0.335089	-0.336223	-0.348401	-0.329251	-0.376229	-0.355995	-0.348227	-0.342503	-0.355234	-0.343328	-0.354626	-0.348023	-0.329682	-0.328291	-0.326709	-0.327231	-0.350327	-0.347420	-0.337651	-0.345718	-0.307137	-0.364525	-0.355751	-0.349489	-0.357676	-0.329792	-0.325838	-0.328830	
0.319405	0.318796	0.294590	0.259441	0.253485	0.300320	0.220709	0.288424	0.336513	0.288694	0.345878	0.305715	0.271557	0.288822	0.220433	0.261687	0.277323	0.891512	0.276424	0.305792	0.310397	0.296738	0.290378	0.227526	0.290041	0.289111	0.275364	0.275281	0.299843	0.287225	0.287273	0.288679	0.278747	0.282304	0.243560	0.285791	0.284554	0.252909	0.238007	0.227636	0.284941	0.271039	0.265389	0.303603	0.243734	0.311126	0.262579	0.305832	0.283447	0.273819	0.345697	0.244331	0.284366	0.311497	0.329969	0.286263	0.298786	0.241842	0.287095	0.321097	0.273360	0.276250	0.268824	0.280192	0.328213	0.311393	0.295533	0.204444	0.308162	0.287929	0.317236	0.234726	0.246619	0.303884	0.316044	0.328706	0.281596	0.269467	0.337706	0.295031	0.283658	0.285806	0.208480	0.244620	0.276805	0.286284	0.260638	0.213695	0.212089	0.248731	-0.198358	-0.314741	-0.324711	-0.346377	-0.328670	-0.368454	-0.271700	-0.163357	-0.332916	-0.341850	-0.330299	-0.341021	-0.325122	-0.315173	-0.276234	-0.334314	-0.351375	-0.339752	-0.332550	-0.330552	-0.338106	-0.340673	-0.321303	-0.349062	-0.342389	-0.351443	-0.168991	-0.344649	-0.337144	-0.340936	-0.304406	-0.333577	-0.362138	-0.329842	-0.310047	-0.336188	-0.217195	-0.325205	-0.338197	-0.334015	-0.347899	-0.338742	-0.349156	-0.361625	-0.335274	-0.337233	-0.391932	-0.331132	-0.298084	-0.327888	-0.317786	-0.348386	-0.352172	-0.357769	-0.345136	-0.361581	-0.351667	-0.324407	-0.336571	-0.299572	-0.303201	-0.324408	-0.319795	-0.340364	-0.364959	-0.325597	-0.338869	-0.286500	-0.358980	-0.341446	-0.336415	-0.347773	-0.326062	-0.336097	-0.344408	
0.259909	0.228239	0.288054	0.246620	0.251652	0.265537	0.255825	0.256298	0.314028	0.285173	0.246537	0.240726	0.310110	0.230481	0.267124	0.306259	0.285961	0.276424	0.969716	0.272332	0.361682	0.304313	0.318316	0.320070	0.300318	0.269178	0.304859	0.277649	0.310656	0.289171	0.287194	0.248344	0.312148	0.267183	0.244145	0.214988	0.269827	0.290157	0.254880	0.250926	0.308257	0.273325	0.304072	0.261385	0.339086	0.321763	0.351776	0.366430	0.308282	0.241879	0.238305	0.302657	0.227633	0.327071	0.242254	0.263932	0.246654	0.235633	0.264018	0.304219	0.255068	0.303772	0.335753	0.331019	0.306012	0.256752	0.322948	0.188628	0.326093	0.286912	0.333078	0.324212	0.249845	0.240319	0.280058	0.275496	0.282252	0.263981	0.259520	0.269053	0.267019	0.191140	0.234264	0.279697	0.233942	0.183832	0.291083	0.206845	0.279173	0.272893	-0.203361	-0.299888	-0.340574	-0.321382	-0.327141	-0.363674	-0.314229	-0.147228	-0.323339	-0.346411	-0.338043	-0.299484	-0.312775	-0.316040	-0.201985	-0.331565	-0.357197	-0.309251	-0.311971	-0.347854	-0.344563	-0.326301	-0.314757	-0.325835	-0.324683	-0.337173	-0.260187	-0.355375	-0.309920	-0.344518	-0.334857	-0.325505	-0.348332	-0.344237	-0.335112	-0.325161	-0.301461	-0.306445	-0.342678	-0.334823	-0.367212	-0.322681	-0.366280	-0.345097	-0.356789	-0.322709	-0.356944	-0.337003	-0.335597	-0.320508	-0.324354	-0.353921	-0.327066	-0.334869	-0.324349	-0.355496	-0.338555	-0.341432	-0.314183	-0.321919	-0.323548	-0.334601	-0.347873	-0.315581	-0.319660	-0.352346	-0.324672	-0.295054	-0.372150	-0.322194	-0.342513	-0.331841	-0.327685	-0.319230	-0.361934	
0.341915	0.204310	0.295696	0.284510	0.286647	0.313996	0.240268	0.305305	0.302108	0.290049	0.352624	0.265954	0.334400	0.232991	0.312739	0.319790	0.288761	0.305792	0.272332	1.027451	0.326880	0.339885	0.315503	0.270229	0.303825	0.320507	0.335606	0.279415	0.332000	0.354847	0.286980	0.291466	0.345847	0.278139	0.246971	0.202557	0.257021	0.300757	0.286256	0.294728	0.265343	0.302737	0.282419	0.301824	0.317066	0.325872	0.322643	0.274727	0.318219	0.351171	0.302904	0.315739	0.262456	0.287160	0.295443	0.385947	0.316994	0.253370	0.323193	0.255156	0.315341	0.360262	0.303825	0.299129	0.339444	0.323431	0.328490	0.181809	0.305058	0.350968	0.328538	0.279155	0.313734	0.312411	0.351467	0.348311	0.323527	0.292315	0.325060	0.295228	0.285506	0.250023	0.290248	0.325376	0.304020	0.299682	0.340709	0.256604	0.268517	0.330140	-0.215681	-0.340603	-0.364257	-0.352818	-0.346298	-0.376601	-0.241861	-0.198703	-0.374289	-0.385934	-0.346821	-0.369998	-0.359352	-0.347113	-0.308081	-0.349590	-0.368478	-0.342460	-0.362002	-0.386022	-0.356123	-0.370618	-0.359863	-0.369732	-0.362420	-0.385146	-0.298429	-0.366065	-0.334364	-0.356935	-0.343092	-0.354002	-0.372178	-0.359101	-0.364782	-0.362644	-0.327941	-0.336997	-0.354602	-0.388737	-0.391888	-0.359738	-0.395184	-0.376607	-0.370363	-0.358533	-0.411630	-0.359571	-0.346585	-0.348667	-0.337847	-0.381879	-0.376979	-0.346593	-0.346471	-0.386512	-0.346585	-0.375524	-0.386928	-0.361093	-0.352179	-0.374632	-0.375810	-0.353793	-0.354089	-0.351196	-0.349988	-0.313775	-0.376672	-0.381277	-0.365034	-0.345560	-0.347329	-0.331551	-0.412576	
0.269402	0.365281	0.296891	0.263153	0.273340	0.279957	0.201280	0.274283	0.237970	0.269164	0.319444	0.154421	0.328840	0.246237	0.330286	0.336324	0.279790	0.310397	0.361682	0.326880	0.971157	0.294254	0.297902	0.300596	0.360538	0.262754	0.336494	0.324147	0.343791	0.335933	0.293128	0.335125	0.271487	0.254945	0.245276	0.231788	0.276702	0.322912	0.294044	0.262233	0.284035	0.290553	0.281100	0.324461	0.271582	0.334052	0.312292	0.348807	0.269858	0.289451	0.280263	0.292078	0.285203	0.296281	0.333660	0.314698	0.316943	0.263460	0.260476	0.275866	0.314601	0.309420	0.327920	0.284128	0.342704	0.295519	0.305104	0.155157	0.295523	0.298921	0.332742	0.268575	0.268597	0.290109	0.253956	0.308325	0.285237	0.324735	0.280542	0.268476	0.262525	0.304456	0.258745	0.291441	0.298782	0.287034	0.263540	0.306911	0.292035	0.267956	-0.254796	-0.284820	-0.362893	-0.366812	-0.329585	-0.355735	-0.222620	-0.175456	-0.352234	-0.390245	-0.347487	-0.349048	-0.344970	-0.338888	-0.247992	-0.362224	-0.364886	-0.321480	-0.334171	-0.344200	-0.351136	-0.355588	-0.351375	-0.353532	-0.337479	-0.360518	-0.253045	-0.348353	-0.308867	-0.320115	-0.338453	-0.360932	-0.354841	-0.356314	-0.352672	-0.348562	-0.252154	-0.339250	-0.362354	-0.346084	-0.385273	-0.365844	-0.353052	-0.370493	-0.371541	-0.350828	-0.403212	-0.330439	-0.300462	-0.357405	-0.362236	-0.348835	-0.364735	-0.362122	-0.339235	-0.374193	-0.343903	-0.334577	-0.346610	-0.328319	-0.336104	-0.350862	-0.332731	-0.361885	-0.355023	-0.369828	-0.364917	-0.314729	-0.353980	-0.339105	-0.368556	-0.365048	-0.332075	-0.348190	-0.358560	
0.299080	0.256166	0.260810	0.249701	0.293880	0.311023	0.217339	0.305132	0.297096	0.241330	0.307228	0.231719	0.343536	0.248107	0.310632	0.287022	0.291947	0.296738	0.304313	0.339885	0.294254	0.908346	0.306017	0.272205	0.323887	0.244094	0.264920	0.344051	0.288284	0.252188	0.344962	0.245978	0.360605	0.208209	0.222628	0.245147	0.241600	0.261193	0.319396	0.326462	0.269224	0.276605	0.360116	0.297742	0.294218	0.321713	0.316471	0.261123	0.267695	0.260253	0.324759	0.297159	0.272042	0.277094	0.230035	0.261414	0.273616	0.198712	0.287254	0.314446	0.325246	0.316960	0.320311	0.303083	0.304558	0.288153	0.340638	0.216834	0.279658	0.286492	0.308863	0.292980	0.246128	0.275965	0.302055	0.250466	0.335123	0.305279	0.302508	0.317970	0.280753	0.351685	0.346583	0.273939	0.293770	0.304066	0.312516	0.237367	0.269414	0.272712	-0.125343	-0.252338	-0.318085	-0.333862	-0.347357	-0.352555	-0.201404	-0.197480	-0.369210	-0.357651	-0.367756	-0.372025	-0.349918	-0.327905	-0.263460	-0.333176	-0.395270	-0.330185	-0.328552	-0.362412	-0.352666	-0.360247	-0.364102	-0.356745	-0.363079	-0.343657	-0.178164	-0.343189	-0.348368	-0.356128	-0.316540	-0.370041	-0.369477	-0.331657	-0.324457	-0.351572	-0.270595	-0.340782	-0.355231	-0.356823	-0.360088	-0.355125	-0.349016	-0.353751	-0.358055	-0.330630	-0.364746	-0.362958	-0.340327	-0.314659	-0.323431	-0.382763	-0.357197	-0.348920	-0.323433	-0.363301	-0.346421	-0.353261	-0.350958	-0.340825	-0.330058	-0.319155	-0.331457	-0.359948	-0.368690	-0.332551	-0.347719	-0.320438	-0.371277	-0.359830	-0.361787	-0.346141	-0.351233	-0.328791	-0.346006	
0.266674	0.259180	0.282195	0.264707	0.302693	0.304254	0.294618	0.294774	0.302316	0.286485	0.279293	0.284663	0.334531	0.271768	0.338331	0.312574	0.311191	0.290378	0.318316	0.315503	0.297902	0.306017	0.995849	0.255275	0.310462	0.282479	0.322584	0.287012	0.319775	0.293067	0.304155	0.277967	0.305769	0.284072	0.345731	0.241024	0.278944	0.302584	0.279070	0.304760	0.249590	0.258708	0.299928	0.320817	0.332240	0.299697	0.303003	0.453016	0.317270	0.376772	0.302917	0.274107	0.275654	0.306931	0.280713	0.251983	0.254269	0.263806	0.268023	0.304514	0.312147	0.293041	0.279363	0.330691	0.376324	0.280286	0.320736	0.196555	0.331531	0.277526	0.297990	0.283598	0.270055	0.300079	0.322501	0.318807	0.336874	0.296362	0.350368	0.263188	0.297270	0.164537	0.250773	0.343174	0.315718	0.225946	0.271857	0.228066	0.276509	0.314486	-0.305391	-0.335128	-0.353575	-0.357114	-0.314583	-0.369607	-0.259921	-0.208916	-0.346415	-0.379349	-0.356515	-0.364849	-0.337808	-0.363633	-0.298122	-0.379207	-0.375358	-0.349568	-0.368036	-0.368426	-0.356188	-0.356714	-0.329764	-0.389856	-0.364415	-0.339863	-0.228269	-0.357794	-0.368319	-0.357918	-0.336462	-0.367501	-0.356468	-0.352055	-0.335376	-0.368788	-0.308961	-0.330120	-0.362374	-0.364831	-0.375543	-0.362596	-0.370189	-0.374019	-0.364257	-0.350858	-0.389339	-0.357946	-0.339171	-0.341674	-0.342040	-0.370432	-0.378846	-0.353587	-0.331447	-0.376086	-0.376076	-0.361580	-0.342250	-0.324984	-0.351157	-0.325933	-0.343917	-0.366348	-0.336796	-0.343553	-0.332602	-0.325873	-0.368493	-0.370732	-0.381509	-0.354959	-0.339738	-0.336437	-0.381783	
0.219033	0.209542	0.237770	0.239933	0.288189	0.279709	0.242018	0.259873	0.291652	0.225407	0.266033	0.124480	0.278312	0.217932	0.261631	0.310212	0.204451	0.227526	0.320070	0.270229	0.300596	0.272205	0.255275	1.015051	0.258285	0.238115	0.260429	0.294640	0.255066	0.283751	0.212857	0.256058	0.281388	0.223592	0.233704	0.172738	0.224935	0.213709	0.284987	0.216416	0.305853	0.273063	0.271596	0.308517	0.280842	0.244665	0.319092	0.333893	0.293239	0.256756	0.256795	0.236231	0.199653	0.309464	0.294419	0.202258	0.298309	0.223713	0.236685	0.229516	0.308924	0.309496	0.260854	0.307083	0.276179	0.224544	0.225216	0.289210	0.293213	0.248053	0.334400	0.334593	0.261660	0.224970	0.215606	0.254927	0.271445	0.260971	0.261466	0.241426	0.235934	0.258190	0.259766	0.262909	0.309524	0.338452	0.268903	0.238842	0.199725	0.195746	-0.141057	-0.320504	-0.318779	-0.343144	-0.273189	-0.303574	-0.139028	-0.204668	-0.333414	-0.337873	-0.309310	-0.321743	-0.328638	-0.297396	-0.235778	-0.326589	-0.343383	-0.306672	-0.316454	-0.335827	-0.322843	-0.324508	-0.325415	-0.318820	-0.300963	-0.296535	-0.148360	-0.350340	-0.270920	-0.317900	-0.323635	-0.329373	-0.322203	-0.304879	-0.296421	-0.344527	-0.275278	-0.320498	-0.333924	-0.305223	-0.339578	-0.321109	-0.340102	-0.324666	-0.292241	-0.292186	-0.334796	-0.312829	-0.291774	-0.317103	-0.313484	-0.307306	-0.326065	-0.327847	-0.321223	-0.321550	-0.305006	-0.270028	-0.316217	-0.319957	-0.314289	-0.301025	-0.301757	-0.315270	-0.331663	-0.344272	-0.316304	-0.274024	-0.332437	-0.276344	-0.326545	-0.312722	-0.309087	-0.317205	-0.329231	
0.233960	0.252975	0.327275	0.248848	0.244974	0.313187	0.149501	0.285108	0.250294	0.237790	0.337168	0.219518	0.309501	0.296961	0.310141	0.285107	0.283258	0.290041	0.300318	0.303825	0.360538	0.323887	0.310462	0.258285	0.935632	0.254769	0.286290	0.321493	0.299534	0.298488	0.331204	0.291468	0.294392	0.257260	0.239416	0.230416	0.254849	0.320493	0.241850	0.289986	0.235187	0.275651	0.284343	0.321275	0.258942	0.255110	0.311551	0.294501	0.254311	0.274607	0.261784	0.286221	0.278144	0.323205	0.326257	0.290864	0.319317	0.233772	0.333605	0.304312	0.279491	0.260466	0.280486	0.321299	0.317023	0.242585	0.293413	0.202629	0.279367	0.320825	0.301759	0.270508	0.273490	0.287562	0.228907	0.308165	0.313539	0.253684	0.269773	0.269320	0.253102	0.237695	0.310508	0.250814	0.280528	0.320658	0.321474	0.265420	0.270554	0.296116	-0.189892	-0.302826	-0.312376	-0.343258	-0.335668	-0.359029	-0.298910	-0.203088	-0.327266	-0.367450	-0.326570	-0.338542	-0.329505	-0.334197	-0.262631	-0.351287	-0.364996	-0.302482	-0.325657	-0.355294	-0.341872	-0.335966	-0.322855	-0.327418	-0.336218	-0.341676	-0.276515	-0.328152	-0.304476	-0.332688	-0.327040	-0.324065	-0.352169	-0.344782	-0.336772	-0.351020	-0.285803	-0.312263	-0.341964	-0.349425	-0.356257	-0.340730	-0.345424	-0.351670	-0.341020	-0.326675	-0.403239	-0.337663	-0.332173	-0.352532	-0.327318	-0.360829	-0.334565	-0.347928	-0.302228	-0.341530	-0.319267	-0.345475	-0.350218	-0.333673	-0.338120	-0.343509	-0.332027	-0.351742	-0.338050	-0.303294	-0.351163	-0.271411	-0.351066	-0.336637	-0.340434	-0.362636	-0.336906	-0.328673	-0.354014	
