1.2390053 0.5762514 0.6309986 0.6085180 0.6032289 0.6251196 0.5844184 0.6111748 0.6100648 0.6109340 0.6469795 0.5440481 0.6286798 0.5759909 0.6387669 0.6245566 0.6669946 0.6335806 0.6182272 0.6536191 0.6468807 0.6069391 0.6138800 0.5920649 0.6186023 0.6053815 0.6411949 0.6289080 0.6165866 0.6606377 0.6260349 0.6084507 0.6305907 0.6046252 0.6064121 0.6289629 0.6037617 0.6215223 0.6399333 0.6278555 0.5992016 0.6522350 0.6341019 0.6234620 0.6455094 0.6264210 0.5988887 0.6146097 0.6530510 0.6167212 0.5928861 0.6135873 0.6066498 0.6356323 0.6516832 0.6144158 0.5999625 0.5826954 0.6227106 0.6167381 0.6947431 0.6370172 0.6146833 0.6134635 0.6482278 0.6435822 0.6556885 0.5712959 0.6220516 0.6404845 0.6470134 0.6234540 0.6166908 0.6454338 0.6022840 0.6317554 0.6670931 0.6276966 0.6524592 0.6345640 0.5854062 0.5861439 0.5927979 0.6118346 0.6566399 0.5914500 0.6651210 0.6036502 0.5859727 0.6221477 -0.4347244 -0.6587572 -0.6780470 -0.6808249 -0.6409794 -0.6697600 -0.6132548 -0.4677601 -0.7018601 -0.6728868 -0.6797630 -0.6787994 -0.6578199 -0.6738747 -0.6445728 -0.6787762 -0.6926985 -0.6695685 -0.6738179 -0.6807848 -0.6847773 -0.6878802 -0.6629282 -0.6824979 -0.6991147 -0.6913556 -0.5633965 -0.6892037 -0.6310032 -0.6592309 -0.6851099 -0.6866829 -0.6800095 -0.6569744 -0.6903529 -0.6926860 -0.6057476 -0.6777857 -0.6950979 -0.6822830 -0.6961323 -0.6890827 -0.6672201 -0.7021174 -0.6844154 -0.6980194 -0.6698579 -0.6749007 -0.6559002 -0.6823473 -0.6697893 -0.6896908 -0.6786050 -0.6867229 -0.6839722 -0.6957065 -0.6722739 -0.6690849 -0.6627228 -0.6881710 -0.6784515 -0.6902763 -0.6859282 -0.6796496 -0.6887981 -0.6746460 -0.6645030 -0.6605313 -0.6983337 -0.6950510 -0.6852332 -0.6689322 -0.6627205 -0.6839622 -0.6960914
0.5762514 1.2310203 0.5911900 0.5641497 0.5554609 0.5800454 0.5276437 0.5657672 0.5681438 0.5750737 0.5844879 0.4994699 0.5731246 0.5286415 0.5762082 0.5812358 0.6040984 0.5667090 0.5786561 0.5957172 0.5934137 0.5532913 0.5705721 0.5613359 0.5737168 0.5722147 0.5828177 0.5847214 0.5788900 0.5911900 0.5841957 0.5513729 0.5834323 0.5541593 0.5611638 0.5622090 0.5477455 0.5927501 0.5721146 0.5818616 0.5631682 0.5766346 0.5804027 0.5724518 0.5860142 0.5749716 0.5590100 0.5629492 0.5876332 0.5537553 0.5672111 0.5595596 0.5769323 0.5954710 0.5923440 0.5569463 0.5647404 0.5369405 0.5725693 0.5894351 0.6076180 0.5766508 0.5690036 0.5614787 0.5918139 0.5833021 0.5913526 0.5164186 0.5648923 0.5772025 0.5857121 0.5761274 0.5616128 0.5869594 0.5617942 0.5822370 0.5931682 0.5649385 0.5830348 0.5884199 0.5570071 0.5368513 0.5459107 0.5661721 0.5856206 0.5418550 0.5861712 0.5449641 0.5454745 0.5692255 -0.3987479 -0.6054925 -0.6287293 -0.6288961 -0.5935650 -0.6109158 -0.5693240 -0.4309173 -0.6419055 -0.6172338 -0.6293373 -0.6307974 -0.6026414 -0.6223760 -0.5909614 -0.6363274 -0.6323757 -0.6168742 -0.6120464 -0.6224845 -0.6256267 -0.6349061 -0.6091658 -0.6337850 -0.6493571 -0.6332591 -0.5140718 -0.6317659 -0.5878430 -0.6060712 -0.6280620 -0.6258809 -0.6262066 -0.6101445 -0.6297511 -0.6368226 -0.5556857 -0.6227867 -0.6383196 -0.6243514 -0.6454142 -0.6390716 -0.6181368 -0.6468779 -0.6252040 -0.6407627 -0.6171893 -0.6144598 -0.6066675 -0.6257291 -0.6231773 -0.6286498 -0.6243138 -0.6246437 -0.6253620 -0.6426181 -0.6194431 -0.6161638 -0.6177756 -0.6298348 -0.6297630 -0.6317268 -0.6335012 -0.6220607 -0.6354832 -0.6224408 -0.6131216 -0.6078912 -0.6424964 -0.6327196 -0.6331092 -0.6181570 -0.6137069 -0.6331510 -0.6417008
0.6309986 0.5911900 1.0997516 0.6429232 0.6119720 0.6294193 0.5809850 0.6140917 0.6411510 0.6218239 0.6520290 0.5539137 0.6357627 0.5751552 0.6321046 0.6413963 0.6683645 0.6216173 0.6379113 0.6466000 0.6340466 0.6153758 0.6323398 0.6068321 0.6552713 0.6519404 0.6267594 0.6654432 0.6211200 0.6371928 0.6390411 0.6042823 0.6589724 0.6013335 0.6108306 0.6295140 0.6208590 0.6753674 0.6407939 0.6499196 0.6174408 0.6412629 0.6710429 0.6230684 0.6503126 0.6112506 0.6253892 0.6223451 0.6561274 0.6010510 0.6145038 0.6328201 0.6344702 0.6745697 0.6636021 0.6184264 0.6315155 0.5935670 0.6388041 0.6615252 0.6607683 0.6235750 0.6435899 0.6264694 0.6521980 0.6483788 0.6512256 0.5673959 0.6224924 0.6272424 0.6238784 0.6498525 0.6209133 0.6362231 0.6262642 0.6515971 0.6656531 0.6330090 0.6185013 0.6295406 0.6261744 0.5948870 0.6032270 0.6528282 0.6499919 0.5939552 0.6591988 0.5759436 0.6132864 0.6389186 -0.4411496 -0.6632219 -0.6933736 -0.6918147 -0.6464632 -0.6830277 -0.6243777 -0.4787418 -0.7127479 -0.6804465 -0.6990614 -0.6855538 -0.6710083 -0.6843457 -0.6527097 -0.6950668 -0.6962261 -0.6749707 -0.6763157 -0.6878329 -0.6806787 -0.6975322 -0.6783230 -0.6922452 -0.7086628 -0.7060423 -0.5704435 -0.7047300 -0.6430584 -0.6728150 -0.6936231 -0.6983489 -0.6807993 -0.6659431 -0.6944190 -0.6996666 -0.6169095 -0.6911265 -0.7083338 -0.6924531 -0.7054959 -0.7028494 -0.6734235 -0.7117186 -0.6913052 -0.6855223 -0.6734471 -0.6787926 -0.6657394 -0.6864641 -0.6917791 -0.6993887 -0.6808444 -0.6798298 -0.6900432 -0.7136078 -0.6893122 -0.6815673 -0.6848990 -0.6917009 -0.6905362 -0.6923884 -0.7046949 -0.6874800 -0.6976625 -0.6856856 -0.6798243 -0.6759045 -0.7111236 -0.6804644 -0.6964660 -0.6875377 -0.6725228 -0.7001379 -0.6943349
0.6085180 0.5641497 0.6429232 1.1007529 0.5846705 0.6180829 0.5688606 0.6154224 0.6223058 0.6252728 0.6316190 0.5333949 0.6143884 0.5634375 0.6351139 0.6072394 0.6545615 0.5915215 0.6033513 0.6564938 0.6120149 0.5883553 0.6189809 0.5892360 0.6221671 0.6181754 0.6014271 0.6159378 0.5977407 0.6076547 0.6457760 0.5859590 0.6315267 0.6030796 0.5962915 0.5953303 0.5847017 0.6386704 0.5938398 0.6280320 0.6014473 0.6356663 0.6108472 0.6119118 0.6373704 0.6089990 0.5926287 0.6058797 0.6526095 0.5876564 0.6208357 0.5883351 0.6166494 0.6342515 0.6437389 0.5931643 0.6024462 0.5786187 0.6149745 0.6449603 0.6401582 0.5963539 0.5929247 0.6019880 0.6333944 0.6315364 0.6291174 0.5433348 0.6134042 0.6094449 0.6205787 0.6413773 0.6023907 0.6353831 0.6006004 0.6321719 0.6218359 0.6163393 0.6082140 0.6344627 0.5836078 0.5631678 0.5738769 0.6146659 0.6330892 0.5844008 0.6239030 0.5825946 0.5924047 0.6341789 -0.4270568 -0.6476319 -0.6608763 -0.6690717 -0.6406530 -0.6561264 -0.6068872 -0.4563889 -0.7003147 -0.6629092 -0.6681440 -0.6746711 -0.6416154 -0.6665785 -0.6323069 -0.6809345 -0.6714305 -0.6611432 -0.6568890 -0.6580545 -0.6641774 -0.6740777 -0.6448518 -0.6728355 -0.6887217 -0.6667387 -0.5554647 -0.6688135 -0.6314070 -0.6397955 -0.6660096 -0.6648995 -0.6664835 -0.6488267 -0.6787052 -0.6775120 -0.5966214 -0.6674405 -0.6843813 -0.6721446 -0.6806856 -0.6811612 -0.6548455 -0.6801707 -0.6580057 -0.6757755 -0.6590832 -0.6626413 -0.6483952 -0.6717348 -0.6672587 -0.6667302 -0.6708860 -0.6684368 -0.6645589 -0.6893616 -0.6567716 -0.6628780 -0.6541507 -0.6647272 -0.6656248 -0.6740999 -0.6720597 -0.6658300 -0.6723322 -0.6675585 -0.6614961 -0.6548531 -0.6839146 -0.6727975 -0.6720179 -0.6596031 -0.6553839 -0.6790985 -0.6858482
0.6032289 0.5554609 0.6119720 0.5846705 1.2309047 0.6198072 0.5605083 0.5989005 0.5884609 0.6043919 0.6128012 0.5280352 0.6062499 0.5515761 0.6068242 0.6066204 0.6471006 0.5878446 0.5928177 0.6447533 0.6119254 0.5824291 0.5954329 0.5979846 0.6117797 0.5949644 0.6281400 0.6191905 0.6069502 0.6035261 0.6154175 0.5641428 0.6142210 0.5817973 0.5771074 0.5991947 0.5741172 0.6104279 0.5925765 0.6112602 0.5806453 0.5908021 0.5945383 0.5955189 0.5928462 0.5899611 0.5961679 0.5865380 0.6166606 0.5688784 0.5974768 0.5767964 0.6075323 0.6349518 0.6250861 0.5719194 0.5817754 0.5599139 0.6116426 0.6280665 0.6201274 0.6060956 0.6036415 0.5856384 0.6192334 0.6073605 0.5983002 0.5437372 0.6057897 0.6104400 0.6300285 0.5877060 0.5864575 0.6079710 0.5870934 0.6197334 0.6340874 0.5935077 0.6133505 0.6210017 0.5965127 0.5559396 0.5741605 0.6088165 0.6180450 0.5634000 0.6194459 0.5711548 0.5770621 0.5987705 -0.4188469 -0.6339127 -0.6589851 -0.6576825 -0.6243144 -0.6391504 -0.5961027 -0.4444719 -0.6695721 -0.6455840 -0.6554832 -0.6571100 -0.6283740 -0.6527797 -0.6244809 -0.6665537 -0.6627908 -0.6480597 -0.6378652 -0.6562750 -0.6611829 -0.6607135 -0.6348619 -0.6628057 -0.6865219 -0.6662586 -0.5420288 -0.6608731 -0.6071969 -0.6366117 -0.6540307 -0.6547314 -0.6540356 -0.6294742 -0.6616632 -0.6645117 -0.5825777 -0.6533460 -0.6620218 -0.6593747 -0.6721189 -0.6731219 -0.6399071 -0.6711358 -0.6604020 -0.6665102 -0.6384610 -0.6541349 -0.6424744 -0.6596156 -0.6414193 -0.6599656 -0.6596815 -0.6472636 -0.6568925 -0.6725788 -0.6572342 -0.6407925 -0.6510779 -0.6565589 -0.6553336 -0.6516648 -0.6682913 -0.6527513 -0.6603475 -0.6579009 -0.6478790 -0.6362205 -0.6796283 -0.6702141 -0.6691839 -0.6461074 -0.6525595 -0.6624933 -0.6684150
0.6251196 0.5800454 0.6294193 0.6180829 0.6198072 1.2116839 0.5830147 0.6297318 0.6290902 0.6403015 0.6658294 0.5544790 0.6506437 0.5821795 0.6422502 0.6237186 0.6899165 0.6250495 0.6260875 0.6715069 0.6309761 0.6137422 0.6403713 0.6183853 0.6231784 0.6307681 0.6582921 0.6609095 0.6335945 0.6512538 0.6657004 0.6005504 0.6484075 0.6071934 0.6296191 0.6366645 0.6001530 0.6593219 0.6428303 0.6323826 0.6106749 0.6452617 0.6454918 0.6249489 0.6602430 0.6193081 0.5977397 0.6147160 0.6450542 0.6016468 0.6288499 0.6257726 0.6382320 0.6517879 0.6475907 0.6190659 0.6189919 0.5890661 0.6032814 0.6569149 0.6778664 0.6247882 0.6426898 0.6184869 0.6353542 0.6368929 0.6528352 0.5641115 0.6019754 0.6229471 0.6355003 0.6199670 0.6400902 0.6073972 0.6090353 0.6393172 0.6742828 0.6041483 0.6410533 0.6241778 0.6126969 0.5872414 0.6061814 0.6144249 0.6372153 0.5864805 0.6289681 0.5786784 0.5829204 0.6449987 -0.4379655 -0.6619379 -0.6883460 -0.6856376 -0.6467536 -0.6682894 -0.6254275 -0.4691708 -0.6942841 -0.6746196 -0.6785529 -0.6868921 -0.6630763 -0.6742758 -0.6468966 -0.6922323 -0.6913318 -0.6675047 -0.6706079 -0.6723633 -0.6898648 -0.7024788 -0.6645067 -0.6873603 -0.7102882 -0.7015180 -0.5694015 -0.6859035 -0.6409351 -0.6567199 -0.6842943 -0.6799204 -0.6849209 -0.6662471 -0.6770277 -0.6901951 -0.6110708 -0.6811802 -0.6970565 -0.6875554 -0.7112957 -0.7078289 -0.6666250 -0.7062903 -0.6885355 -0.7009551 -0.6639945 -0.6799952 -0.6621484 -0.6844286 -0.6769986 -0.6935933 -0.6837593 -0.6772199 -0.6823824 -0.6976421 -0.6856325 -0.6766629 -0.6698387 -0.6888970 -0.6858858 -0.6895968 -0.6908113 -0.6797321 -0.6964700 -0.6738107 -0.6737443 -0.6591536 -0.6984670 -0.7001917 -0.6890373 -0.6597871 -0.6747691 -0.6911297 -0.7043988
0.5844184 0.5276437 0.5809850 0.5688606 0.5605083 0.5830147 1.2500194 0.5737202 0.5686312 0.5720481 0.5984431 0.5007321 0.5773097 0.5255833 0.5707943 0.5812132 0.6070451 0.5699105 0.5808072 0.6013647 0.5936639 0.5581810 0.5762193 0.5571346 0.5706772 0.5663731 0.5856572 0.5908506 0.5773301 0.5868468 0.5871825 0.5523595 0.5834106 0.5553662 0.5604663 0.5657384 0.5463755 0.5869465 0.5698498 0.5676357 0.5624741 0.5753441 0.5772548 0.5694243 0.5856380 0.5662943 0.5569654 0.5622847 0.5791472 0.5585622 0.5649655 0.5574316 0.5741184 0.5865782 0.5881029 0.5620420 0.5529845 0.5380767 0.5766072 0.5968087 0.6050195 0.5784950 0.5673062 0.5631244 0.5924166 0.5911816 0.5893561 0.5158181 0.5709320 0.5749226 0.5866408 0.5738320 0.5634958 0.5804926 0.5622793 0.5762969 0.6100401 0.5782197 0.5808809 0.5877948 0.5543246 0.5345714 0.5474719 0.5589160 0.5944949 0.5387577 0.5874354 0.5498196 0.5526806 0.5736597 -0.3991337 -0.6062115 -0.6259868 -0.6301930 -0.5944611 -0.6146694 -0.5659380 -0.4263068 -0.6440777 -0.6163548 -0.6245939 -0.6223584 -0.6038780 -0.6264510 -0.5933554 -0.6276947 -0.6376092 -0.6194389 -0.6127324 -0.6228176 -0.6291752 -0.6402084 -0.6062324 -0.6286912 -0.6540723 -0.6337423 -0.5153335 -0.6304310 -0.5814828 -0.6024269 -0.6294469 -0.6251321 -0.6250434 -0.6069983 -0.6339719 -0.6342319 -0.5523483 -0.6290839 -0.6338857 -0.6305603 -0.6384386 -0.6410497 -0.6119082 -0.6432087 -0.6277121 -0.6377139 -0.6109508 -0.6206328 -0.6096975 -0.6291909 -0.6189923 -0.6259668 -0.6277418 -0.6179025 -0.6204767 -0.6399615 -0.6245497 -0.6154365 -0.6131533 -0.6287908 -0.6227154 -0.6305025 -0.6380525 -0.6215048 -0.6351376 -0.6224087 -0.6112976 -0.6058760 -0.6474948 -0.6377454 -0.6272347 -0.6152699 -0.6146774 -0.6315236 -0.6353126
0.6111748 0.5657672 0.6140917 0.6154224 0.5989005 0.6297318 0.5737202 1.1054846 0.6073961 0.6250575 0.6311789 0.5386612 0.6051868 0.5695218 0.6127414 0.6419967 0.6520653 0.6174247 0.6116507 0.6465153 0.6400904 0.5893357 0.6071869 0.5887734 0.5813407 0.6170930 0.6142848 0.6328653 0.6085584 0.6411750 0.6106349 0.5914996 0.6250098 0.5929881 0.6060576 0.6102126 0.6040542 0.6366336 0.6273015 0.6061961 0.6161893 0.5985767 0.6223371 0.6263443 0.6331018 0.6302558 0.6094649 0.6070260 0.6573511 0.5881138 0.6033088 0.6072508 0.6045082 0.6394910 0.6519806 0.6143477 0.5991240 0.5800845 0.6147700 0.6235892 0.6473235 0.6172473 0.6201782 0.6071493 0.6260645 0.6287826 0.6290288 0.5616909 0.5953104 0.6353119 0.6142321 0.6258643 0.5679452 0.6360000 0.5976183 0.6409668 0.6453158 0.6154237 0.6122178 0.6229470 0.6089947 0.5755808 0.5908434 0.6119707 0.6095530 0.5848145 0.6142083 0.6024290 0.5886887 0.6267859 -0.4284569 -0.6490244 -0.6694998 -0.6768213 -0.6341296 -0.6580085 -0.6135581 -0.4585422 -0.6948109 -0.6682036 -0.6668712 -0.6704190 -0.6494302 -0.6741698 -0.6358619 -0.6792107 -0.6719026 -0.6623942 -0.6545333 -0.6666097 -0.6743705 -0.6818191 -0.6542462 -0.6786784 -0.6918368 -0.6840473 -0.5529587 -0.6754642 -0.6301938 -0.6562732 -0.6679482 -0.6644992 -0.6630497 -0.6476727 -0.6802748 -0.6834835 -0.5974642 -0.6679991 -0.6830566 -0.6796880 -0.6866668 -0.6812756 -0.6460445 -0.6878486 -0.6800063 -0.6806280 -0.6549780 -0.6619614 -0.6543127 -0.6731313 -0.6527277 -0.6681252 -0.6669398 -0.6746556 -0.6667843 -0.6868719 -0.6729087 -0.6525825 -0.6605288 -0.6739578 -0.6700199 -0.6768919 -0.6815784 -0.6699630 -0.6765200 -0.6635164 -0.6564336 -0.6525685 -0.6845378 -0.6926950 -0.6776690 -0.6625387 -0.6496540 -0.6782097 -0.6757073
0.6100648 0.5681438 0.6411510 0.6223058 0.5884609 0.6290902 0.5686312 0.6073961 1.2311596 0.6052004 0.6336630 0.5339674 0.6255774 0.5493383 0.6121085 0.6074451 0.6293316 0.6066363 0.6142929 0.6304904 0.6281939 0.5992452 0.6277371 0.5929536 0.6086782 0.6343317 0.6292010 0.6172580 0.6010668 0.6398759 0.6303934 0.5826819 0.6366042 0.6005557 0.6002230 0.6038512 0.5974349 0.6291113 0.6186890 0.6162460 0.6174933 0.6133748 0.6260443 0.6105922 0.6132736 0.6307234 0.5887573 0.6064242 0.6401786 0.6033188 0.6168246 0.6035582 0.6324870 0.6442624 0.6430290 0.6165792 0.6063524 0.5774352 0.6174898 0.6316147 0.6433088 0.6285397 0.5994757 0.6144392 0.6281180 0.6179156 0.6332875 0.5483061 0.6263784 0.6030942 0.6336856 0.6173660 0.6208824 0.6321762 0.6040872 0.6291252 0.6435211 0.6132523 0.6205064 0.6141158 0.5816370 0.5790462 0.5806569 0.6038036 0.6207767 0.5831966 0.6194738 0.6009508 0.5931901 0.6094594 -0.4278961 -0.6498418 -0.6684797 -0.6687109 -0.6364814 -0.6536046 -0.6058388 -0.4606258 -0.6873058 -0.6675248 -0.6702397 -0.6640303 -0.6486013 -0.6688539 -0.6341402 -0.6783221 -0.6698050 -0.6618241 -0.6560287 -0.6664169 -0.6772873 -0.6826264 -0.6552789 -0.6895226 -0.6991709 -0.6824052 -0.5582587 -0.6797234 -0.6260784 -0.6491585 -0.6793745 -0.6617213 -0.6699551 -0.6552357 -0.6688991 -0.6778633 -0.5971426 -0.6637490 -0.6874227 -0.6769910 -0.6817198 -0.6839435 -0.6628133 -0.6892536 -0.6635917 -0.6837746 -0.6519169 -0.6658479 -0.6545437 -0.6703307 -0.6622972 -0.6793980 -0.6720762 -0.6637714 -0.6676028 -0.6887491 -0.6646890 -0.6599514 -0.6537648 -0.6721007 -0.6765246 -0.6743844 -0.6770674 -0.6594511 -0.6738603 -0.6691330 -0.6497251 -0.6491738 -0.6942952 -0.6749316 -0.6831107 -0.6635882 -0.6663741 -0.6714336 -0.6799645
0.6109340 0.5750737 0.6218239 0.6252728 0.6043919 0.6403015 0.5720481 0.6250575 0.6052004 1.1450369 0.6517888 0.5440158 0.6145371 0.5779511 0.6170315 0.6379346 0.6546784 0.6240724 0.6340898 0.6680941 0.6388879 0.5949336 0.6179883 0.5999910 0.6129824 0.6319848 0.6353973 0.6232373 0.6180197 0.6404322 0.6352882 0.6021423 0.6462250 0.5918518 0.6040643 0.6246889 0.5789608 0.6457883 0.6162829 0.6407921 0.6190226 0.6237013 0.6129164 0.6477115 0.6546529 0.6606118 0.5933064 0.6135776 0.6273893 0.5996868 0.6228860 0.5874020 0.6171765 0.6492936 0.6580791 0.6065234 0.6127698 0.5937250 0.6152804 0.6380500 0.6539025 0.6305350 0.6036264 0.6050348 0.6537459 0.6080312 0.6373647 0.5577381 0.6153767 0.6360408 0.6400039 0.6097540 0.6312187 0.6483042 0.6142190 0.6200328 0.6487222 0.6208994 0.6203591 0.6260309 0.5999461 0.5951250 0.5887353 0.6051012 0.6242923 0.5862675 0.6304287 0.5686755 0.5911255 0.6037257 -0.4329784 -0.6546327 -0.6794649 -0.6860194 -0.6378762 -0.6643959 -0.6154311 -0.4670917 -0.6919577 -0.6730497 -0.6752482 -0.6803738 -0.6491452 -0.6704325 -0.6458446 -0.6863961 -0.6782315 -0.6727767 -0.6570624 -0.6783004 -0.6812062 -0.6891373 -0.6574057 -0.6824200 -0.7066641 -0.6880746 -0.5625693 -0.6861687 -0.6311157 -0.6589797 -0.6747083 -0.6712615 -0.6805950 -0.6534263 -0.6907645 -0.6900150 -0.6028675 -0.6767837 -0.6844507 -0.6631769 -0.6947533 -0.6912453 -0.6679849 -0.6879973 -0.6724907 -0.6956806 -0.6572272 -0.6681794 -0.6520860 -0.6805763 -0.6634867 -0.6830813 -0.6723998 -0.6736719 -0.6883036 -0.7010720 -0.6780888 -0.6654334 -0.6679989 -0.6794571 -0.6853766 -0.6881521 -0.6906808 -0.6788434 -0.6848820 -0.6678872 -0.6709729 -0.6450302 -0.7051450 -0.6786018 -0.6792671 -0.6688414 -0.6612067 -0.6848632 -0.6976398
0.6469795 0.5844879 0.6520290 0.6316190 0.6128012 0.6658294 0.5984431 0.6311789 0.6336630 0.6517888 1.1341525 0.5515437 0.6427333 0.5827185 0.6328642 0.6516986 0.6594821 0.6436710 0.6321956 0.6735684 0.6515217 0.6239052 0.6277759 0.6082257 0.6256653 0.6402000 0.6302500 0.6509011 0.6301420 0.6669347 0.6445813 0.6047896 0.6455789 0.5922653 0.6152432 0.6267856 0.6200191 0.6656729 0.6208295 0.6404397 0.6371877 0.6512514 0.6675009 0.6210902 0.6465131 0.6425888 0.6301356 0.6165174 0.6649613 0.6132794 0.6283225 0.6159531 0.6631410 0.6777537 0.6622605 0.6336410 0.6200011 0.5964864 0.6320817 0.6701784 0.6727455 0.6481667 0.6267942 0.6260143 0.6543468 0.6467039 0.6499331 0.5686694 0.6164014 0.6376312 0.6342897 0.6544243 0.5877394 0.6347119 0.6248150 0.6591821 0.6951128 0.6351530 0.6425411 0.6447895 0.6053954 0.5890810 0.6021039 0.6503120 0.6587052 0.5991361 0.6552892 0.6066556 0.6046580 0.6388039 -0.4419421 -0.6657879 -0.6906260 -0.6854771 -0.6616362 -0.6719848 -0.6309510 -0.4785843 -0.6977866 -0.6819766 -0.6901234 -0.6902984 -0.6599466 -0.6917097 -0.6484531 -0.6993023 -0.6910029 -0.6863086 -0.6646570 -0.6956378 -0.6961905 -0.7027262 -0.6730680 -0.6989146 -0.7173851 -0.7019126 -0.5729414 -0.6940480 -0.6436820 -0.6729487 -0.6912490 -0.6845661 -0.6955087 -0.6621851 -0.6962674 -0.7044062 -0.6149724 -0.6914005 -0.6877258 -0.6889802 -0.7127605 -0.6981968 -0.6809291 -0.7009093 -0.7003846 -0.7020629 -0.6755760 -0.6935301 -0.6755714 -0.6925402 -0.6868290 -0.6999027 -0.6869631 -0.6915557 -0.6845446 -0.7101635 -0.6901549 -0.6798186 -0.6719407 -0.6896814 -0.6955247 -0.7028020 -0.6995875 -0.6840221 -0.7078211 -0.6888354 -0.6706001 -0.6753687 -0.7098875 -0.7007692 -0.7042008 -0.6856383 -0.6670956 -0.7005981 -0.7064674
0.5440481 0.4994699 0.5539137 0.5333949 0.5280352 0.5544790 0.5007321 0.5386612 0.5339674 0.5440158 0.5515437 1.1948174 0.5427621 0.4991637 0.5360263 0.5511120 0.5704740 0.5440580 0.5492334 0.5664898 0.5530108 0.5247591 0.5453855 0.5243392 0.5424543 0.5482789 0.5526476 0.5559748 0.5459427 0.5539705 0.5509533 0.5172474 0.5531762 0.5241531 0.5282291 0.5300376 0.5172861 0.5581548 0.5429356 0.5404431 0.5348954 0.5507005 0.5462547 0.5396362 0.5568864 0.5409794 0.5250604 0.5325517 0.5550255 0.5199513 0.5313062 0.5263206 0.5469094 0.5592891 0.5658547 0.5275367 0.5276538 0.5038872 0.5410057 0.5524024 0.5756271 0.5389190 0.5347970 0.5302404 0.5601603 0.5513870 0.5563347 0.4856891 0.5385125 0.5488283 0.5505338 0.5397851 0.5267434 0.5532859 0.5299256 0.5506981 0.5637006 0.5427133 0.5511641 0.5579007 0.5240727 0.5129615 0.5160464 0.5326985 0.5601645 0.5122986 0.5602170 0.5124579 0.5210821 0.5470538 -0.3770649 -0.5736219 -0.5949584 -0.5981852 -0.5641760 -0.5756348 -0.5362690 -0.4045571 -0.6095004 -0.5796528 -0.5949571 -0.5965803 -0.5741808 -0.5881364 -0.5587353 -0.5999762 -0.5953218 -0.5817057 -0.5811905 -0.5936649 -0.5970089 -0.6026729 -0.5766105 -0.5978293 -0.6119844 -0.6035012 -0.4889622 -0.6028035 -0.5505256 -0.5719107 -0.5943843 -0.5911394 -0.5923423 -0.5782230 -0.5967079 -0.6015379 -0.5272072 -0.5848711 -0.6076513 -0.5922058 -0.6053709 -0.6066389 -0.5720142 -0.6098450 -0.5918351 -0.6043229 -0.5803260 -0.5873918 -0.5770996 -0.5906061 -0.5876759 -0.6017098 -0.5909956 -0.5872564 -0.5920422 -0.6108458 -0.5877290 -0.5844253 -0.5793411 -0.5926946 -0.5955598 -0.5951732 -0.5977135 -0.5892965 -0.5999475 -0.5873665 -0.5785281 -0.5779422 -0.6115637 -0.6006798 -0.6002595 -0.5899948 -0.5844671 -0.5996679 -0.6071292
0.6286798 0.5731246 0.6357627 0.6143884 0.6062499 0.6506437 0.5773097 0.6051868 0.6255774 0.6145371 0.6427333 0.5427621 1.0940048 0.5729797 0.6370803 0.6680650 0.6664643 0.6180480 0.6266132 0.6373363 0.6269004 0.6408238 0.6385359 0.6241247 0.6455538 0.6343126 0.5978140 0.6139582 0.6384327 0.6393138 0.6260058 0.5811308 0.6796960 0.6105859 0.6047188 0.6163830 0.6019117 0.6379168 0.6299314 0.6275900 0.6023790 0.6431245 0.6495610 0.6268708 0.6444578 0.6272821 0.6080586 0.6358302 0.6252244 0.5990730 0.6237112 0.6219612 0.6193972 0.6549273 0.6247128 0.5967655 0.5974362 0.6004557 0.6095245 0.6457878 0.6688442 0.6351616 0.6041886 0.6098185 0.6613197 0.6452318 0.6468036 0.5633721 0.6263534 0.6096995 0.6302578 0.6271400 0.5711488 0.6376667 0.6093472 0.6239648 0.6610113 0.6377004 0.6394199 0.6275696 0.6010161 0.5801850 0.5971068 0.6115318 0.6715531 0.5953092 0.6318235 0.5950373 0.6043644 0.6176937 -0.4354379 -0.6494148 -0.6825152 -0.6827333 -0.6480368 -0.6667714 -0.6144515 -0.4638910 -0.7031730 -0.6715966 -0.6756830 -0.6893684 -0.6623917 -0.6667176 -0.6450596 -0.7011669 -0.6866412 -0.6636463 -0.6765394 -0.6712371 -0.6796082 -0.6886172 -0.6530635 -0.6765709 -0.6979945 -0.6878066 -0.5627478 -0.6800468 -0.6345240 -0.6525875 -0.6732285 -0.6731434 -0.6803473 -0.6597630 -0.6760642 -0.6867473 -0.6063704 -0.6763501 -0.6921225 -0.6858097 -0.6941509 -0.6984012 -0.6590803 -0.6967558 -0.6783447 -0.6941888 -0.6595477 -0.6770396 -0.6665091 -0.6810507 -0.6807020 -0.6899484 -0.6703100 -0.6820462 -0.6662376 -0.6988592 -0.6714171 -0.6631963 -0.6733173 -0.6690919 -0.6911655 -0.6817729 -0.6806727 -0.6746559 -0.6825169 -0.6720815 -0.6608471 -0.6604790 -0.6939725 -0.6978102 -0.6864684 -0.6768898 -0.6743262 -0.6799654 -0.6962724
0.5759909 0.5286415 0.5751552 0.5634375 0.5515761 0.5821795 0.5255833 0.5695218 0.5493383 0.5779511 0.5827185 0.4991637 0.5729797 1.1996251 0.5751852 0.5807817 0.5958695 0.5651402 0.5741755 0.5941272 0.5704674 0.5463687 0.5681137 0.5704210 0.5747900 0.5679372 0.5901142 0.5876420 0.5765126 0.5844312 0.5809549 0.5481164 0.5879551 0.5640093 0.5551494 0.5630493 0.5485783 0.5891084 0.5740463 0.5783159 0.5707359 0.5827299 0.5843486 0.5660874 0.5784211 0.5674236 0.5615302 0.5518115 0.6012548 0.5547017 0.5554290 0.5505409 0.5714000 0.5839552 0.6042807 0.5469813 0.5531255 0.5370336 0.5702565 0.5779662 0.5992244 0.5851518 0.5546201 0.5497397 0.5852919 0.5735454 0.5951973 0.5194547 0.5713102 0.5750749 0.6010558 0.5690130 0.5621621 0.5845748 0.5619650 0.5773294 0.5894973 0.5716882 0.5682107 0.5797401 0.5587972 0.5396708 0.5508342 0.5609608 0.5804815 0.5397961 0.5709600 0.5327754 0.5356612 0.5752147 -0.3973930 -0.6043053 -0.6272953 -0.6245703 -0.5925273 -0.6054791 -0.5603839 -0.4287153 -0.6441923 -0.6172311 -0.6239216 -0.6283524 -0.5982926 -0.6202626 -0.5891522 -0.6350430 -0.6309386 -0.6142968 -0.6112948 -0.6233954 -0.6248847 -0.6347311 -0.6002517 -0.6306008 -0.6450980 -0.6394973 -0.5136757 -0.6297489 -0.5805802 -0.6060323 -0.6216636 -0.6214163 -0.6243013 -0.6095745 -0.6336549 -0.6296152 -0.5527416 -0.6215346 -0.6366447 -0.6261962 -0.6315091 -0.6372229 -0.6085392 -0.6415297 -0.6192628 -0.6339129 -0.6067966 -0.6207613 -0.6090372 -0.6209169 -0.6196125 -0.6293846 -0.6236405 -0.6201870 -0.6170093 -0.6402661 -0.6249323 -0.6140203 -0.6133074 -0.6249579 -0.6270950 -0.6267468 -0.6380371 -0.6172146 -0.6219254 -0.6223493 -0.6087207 -0.6084275 -0.6373827 -0.6350445 -0.6270935 -0.6115982 -0.6067909 -0.6343257 -0.6417635
0.6387669 0.5762082 0.6321046 0.6351139 0.6068242 0.6422502 0.5707943 0.6127414 0.6121085 0.6170315 0.6328642 0.5360263 0.6370803 0.5751852 1.2023724 0.6306068 0.6765301 0.5924848 0.6373141 0.6309687 0.6493671 0.6028343 0.6421841 0.5872734 0.6327388 0.6482219 0.6464762 0.6175297 0.5999016 0.6401848 0.6174851 0.5865612 0.6264954 0.5963251 0.5824226 0.6036637 0.5951898 0.6228467 0.6203262 0.6480951 0.6058151 0.6259460 0.6587258 0.6015930 0.6236834 0.6153258 0.6022765 0.6122357 0.6529639 0.6137129 0.5956270 0.6171977 0.6191185 0.6457868 0.6462139 0.5982002 0.5951290 0.5774779 0.6139887 0.6572623 0.6346697 0.6497447 0.6161917 0.6128529 0.6610076 0.6247192 0.6288627 0.5679420 0.5973938 0.6114178 0.6267226 0.6174543 0.6151927 0.6434044 0.6041682 0.6172427 0.6769843 0.6176109 0.6315158 0.6416890 0.5824166 0.5783135 0.6039563 0.6048859 0.6523498 0.5824138 0.6319507 0.5804681 0.6071015 0.6251936 -0.4334116 -0.6523614 -0.6698949 -0.6757689 -0.6463662 -0.6642590 -0.6104138 -0.4625247 -0.6930919 -0.6663612 -0.6725727 -0.6839535 -0.6486251 -0.6663039 -0.6405386 -0.6803265 -0.6853073 -0.6649288 -0.6657099 -0.6851020 -0.6738381 -0.6953726 -0.6573571 -0.6903055 -0.6998301 -0.6856207 -0.5603582 -0.6876284 -0.6286162 -0.6554734 -0.6798217 -0.6681101 -0.6737828 -0.6543485 -0.6834441 -0.6812505 -0.5995696 -0.6762066 -0.6794291 -0.6764440 -0.6942334 -0.6947978 -0.6711711 -0.6897559 -0.6891248 -0.6874108 -0.6563468 -0.6741369 -0.6629841 -0.6743659 -0.6694994 -0.6726621 -0.6743388 -0.6673647 -0.6662326 -0.6934739 -0.6714365 -0.6651031 -0.6715652 -0.6879311 -0.6702406 -0.6828946 -0.6906672 -0.6673359 -0.6669155 -0.6738494 -0.6642961 -0.6584274 -0.6916127 -0.6923782 -0.6821203 -0.6623648 -0.6725644 -0.6860247 -0.6865196
0.6245566 0.5812358 0.6413963 0.6072394 0.6066204 0.6237186 0.5812132 0.6419967 0.6074451 0.6379346 0.6516986 0.5511120 0.6680650 0.5807817 0.6306068 1.1495078 0.6770303 0.6235105 0.6400812 0.6645268 0.6607632 0.6037854 0.6254886 0.6297283 0.6523603 0.6455507 0.6521437 0.6411199 0.6377705 0.6819046 0.6170054 0.6147721 0.6301111 0.5963481 0.6368067 0.6145096 0.6081233 0.6752335 0.6444322 0.6473737 0.6257166 0.6394317 0.6255615 0.6330242 0.6362178 0.6470392 0.6224194 0.6282846 0.6431828 0.5892844 0.6186522 0.6384682 0.6002122 0.6619334 0.6569387 0.6189643 0.6097329 0.5869954 0.6271982 0.6490934 0.6984051 0.6371908 0.6375847 0.6132690 0.6257302 0.6410577 0.6630729 0.5636749 0.6285931 0.6338611 0.6474500 0.6360344 0.5909060 0.6363344 0.6018643 0.6517363 0.6681188 0.6434080 0.6426844 0.6369921 0.5874358 0.5927713 0.6023647 0.5952654 0.6755279 0.5910602 0.6442643 0.6021498 0.5998091 0.6427268 -0.4391123 -0.6566688 -0.6782854 -0.6772773 -0.6591175 -0.6693450 -0.6158949 -0.4669305 -0.7005445 -0.6773759 -0.6837262 -0.6977279 -0.6579936 -0.6839122 -0.6510910 -0.7014771 -0.6907921 -0.6718791 -0.6757702 -0.6805734 -0.6842163 -0.6985661 -0.6698270 -0.6865691 -0.7029214 -0.6961539 -0.5696976 -0.6858010 -0.6318436 -0.6686101 -0.6707072 -0.6839431 -0.6849070 -0.6660504 -0.6863698 -0.6884970 -0.6110154 -0.6731490 -0.7011425 -0.6882662 -0.6984472 -0.6922712 -0.6715013 -0.6966628 -0.6873726 -0.7024422 -0.6700181 -0.6876320 -0.6685697 -0.6862317 -0.6894004 -0.6934836 -0.6726334 -0.6863500 -0.6800569 -0.7129926 -0.6793520 -0.6734661 -0.6713127 -0.6761959 -0.6774686 -0.6902680 -0.6920478 -0.6743760 -0.6931539 -0.6728749 -0.6624184 -0.6627363 -0.6937908 -0.6774657 -0.6990353 -0.6880614 -0.6624230 -0.6655259 -0.7025076
0.6669946 0.6040984 0.6683645 0.6545615 0.6471006 0.6899165 0.6070451 0.6520653 0.6293316 0.6546784 0.6594821 0.5704740 0.6664643 0.5958695 0.6765301 0.6770303 1.1306018 0.6215706 0.6366036 0.6736417 0.6662976 0.6120644 0.6705098 0.6491211 0.6885422 0.6609809 0.6435450 0.6769522 0.6536780 0.6633476 0.6546414 0.5992066 0.6565588 0.6294354 0.6234748 0.6296788 0.6117449 0.6789609 0.6649330 0.6772459 0.6174322 0.6735365 0.6532236 0.6428877 0.6773638 0.6667667 0.6154398 0.6337599 0.7031688 0.6457865 0.6295094 0.6402753 0.6871287 0.6762266 0.6803646 0.6253667 0.6427189 0.6183347 0.6636410 0.7023786 0.6995816 0.6677036 0.6570322 0.6370730 0.6841588 0.6612195 0.6730636 0.6045439 0.6301565 0.6487941 0.6683186 0.6525017 0.6607646 0.6702154 0.6522563 0.6831208 0.6951733 0.6839141 0.6482475 0.6482384 0.6149821 0.6177247 0.6161332 0.6545474 0.6891845 0.6088432 0.6579942 0.6003059 0.6182130 0.6568915 -0.4550554 -0.6886296 -0.7136766 -0.7198720 -0.6766062 -0.6852011 -0.6406214 -0.4824639 -0.7322862 -0.7037414 -0.7059892 -0.7002965 -0.6854702 -0.6976866 -0.6716139 -0.7132027 -0.7208766 -0.6948867 -0.7006997 -0.7062690 -0.7069603 -0.7278114 -0.6914052 -0.7091118 -0.7373648 -0.7257107 -0.5894764 -0.7215528 -0.6592776 -0.6885412 -0.7079476 -0.7096506 -0.7074066 -0.6821243 -0.7207007 -0.7187183 -0.6340603 -0.7083729 -0.7231570 -0.7099462 -0.7285612 -0.7238459 -0.6980422 -0.7183707 -0.7086786 -0.7153646 -0.6978380 -0.7120739 -0.6911020 -0.7198925 -0.7060795 -0.7229900 -0.7113530 -0.7098138 -0.7096857 -0.7308469 -0.7151244 -0.6934385 -0.6938413 -0.7180088 -0.7122900 -0.7192621 -0.7163591 -0.7069499 -0.7146394 -0.6984462 -0.6943896 -0.6966110 -0.7288783 -0.7142079 -0.7129214 -0.7030781 -0.6964716 -0.7170635 -0.7197168
0.6335806 0.5667090 0.6216173 0.5915215 0.5878446 0.6250495 0.5699105 0.6174247 0.6066363 0.6240724 0.6436710 0.5440580 0.6180480 0.5651402 0.5924848 0.6235105 0.6215706 1.1087114 0.6373925 0.6288601 0.6324874 0.6011794 0.6254148 0.6043761 0.6223040 0.6028319 0.6295415 0.6136799 0.6227924 0.6231382 0.6135320 0.6001282 0.6279756 0.5771849 0.6098959 0.6027074 0.5774910 0.6272929 0.6232132 0.5871040 0.5939299 0.6297953 0.6257588 0.5982319 0.6056999 0.6179675 0.5742561 0.6129039 0.6335829 0.5858997 0.5999967 0.6002111 0.6003234 0.6136456 0.6523972 0.5969014 0.6110579 0.5792140 0.5887831 0.6134477 0.6557722 0.5982574 0.6040069 0.5995117 0.6504369 0.6163057 0.6410293 0.5505691 0.5990021 0.6366200 0.6258606 0.6338782 0.6041089 0.6265097 0.6032351 0.6249508 0.6522751 0.6077270 0.6318715 0.6151913 0.5939957 0.5734598 0.5872692 0.5977011 0.6257862 0.5736184 0.6170768 0.5878797 0.5677882 0.5973894 -0.4257107 -0.6513529 -0.6710868 -0.6709723 -0.6299757 -0.6479731 -0.6034219 -0.4567215 -0.6778355 -0.6611672 -0.6628680 -0.6664310 -0.6374487 -0.6654251 -0.6321461 -0.6725777 -0.6787152 -0.6588086 -0.6613081 -0.6656042 -0.6675484 -0.6712205 -0.6507419 -0.6713882 -0.6897070 -0.6792578 -0.5517179 -0.6802837 -0.6341273 -0.6400784 -0.6619681 -0.6678588 -0.6677783 -0.6628262 -0.6672799 -0.6744571 -0.5927253 -0.6718128 -0.6838826 -0.6676034 -0.6779858 -0.6788460 -0.6429211 -0.6931559 -0.6745650 -0.6872240 -0.6602730 -0.6611865 -0.6475140 -0.6593789 -0.6660510 -0.6702838 -0.6623833 -0.6703137 -0.6659288 -0.6907590 -0.6535815 -0.6606562 -0.6531644 -0.6687029 -0.6619468 -0.6722512 -0.6746129 -0.6699552 -0.6766367 -0.6604029 -0.6503570 -0.6558665 -0.6860257 -0.6838923 -0.6597744 -0.6588550 -0.6513703 -0.6781675 -0.6753770
0.6182272 0.5786561 0.6379113 0.6033513 0.5928177 0.6260875 0.5808072 0.6116507 0.6142929 0.6340898 0.6321956 0.5492334 0.6266132 0.5741755 0.6373141 0.6400812 0.6366036 0.6373925 1.0588601 0.6524425 0.6498449 0.6328876 0.6638899 0.6251884 0.6514404 0.6423832 0.6323668 0.6329534 0.6549737 0.6477889 0.6317167 0.6351234 0.6608424 0.6012209 0.6034164 0.6050463 0.6081214 0.6352275 0.6243895 0.6329541 0.6487941 0.6455281 0.6428726 0.6227233 0.6558682 0.6636401 0.6202780 0.6418933 0.6170168 0.5913430 0.5992089 0.6248483 0.6229006 0.6305364 0.6366812 0.6071016 0.6141436 0.5758264 0.6216759 0.6539929 0.6402220 0.6475121 0.6107427 0.6179566 0.6639774 0.6366398 0.6673741 0.5616421 0.6132765 0.6370821 0.6567326 0.6317111 0.6112461 0.6287601 0.6125179 0.6293892 0.6640642 0.6143703 0.6363474 0.6363406 0.6310450 0.5829926 0.5913635 0.6152764 0.6468773 0.5976369 0.6281744 0.6032498 0.6067426 0.6273406 -0.4374323 -0.6651664 -0.6791274 -0.6915000 -0.6525195 -0.6774435 -0.6228927 -0.4619845 -0.6984554 -0.6773080 -0.6885157 -0.6861824 -0.6618541 -0.6725277 -0.6470352 -0.6960279 -0.6850052 -0.6719507 -0.6688079 -0.6778802 -0.6788239 -0.6959004 -0.6604258 -0.6943433 -0.7070789 -0.6697295 -0.5658208 -0.6852193 -0.6378953 -0.6622729 -0.6922470 -0.6817257 -0.6791667 -0.6587109 -0.6786303 -0.6816404 -0.6102709 -0.6776358 -0.6937558 -0.6805914 -0.7072105 -0.7052175 -0.6689570 -0.7000070 -0.6823934 -0.6891432 -0.6698355 -0.6745348 -0.6665109 -0.6803616 -0.6947511 -0.6933914 -0.6780615 -0.6815709 -0.6794277 -0.6973730 -0.6802645 -0.6722578 -0.6574891 -0.6831637 -0.6836744 -0.6860683 -0.6861023 -0.6729081 -0.6950434 -0.6767341 -0.6666952 -0.6670264 -0.7002972 -0.6820312 -0.6929676 -0.6664737 -0.6825579 -0.6931304 -0.6882704
0.6536191 0.5957172 0.6466000 0.6564938 0.6447533 0.6715069 0.6013647 0.6465153 0.6304904 0.6680941 0.6735684 0.5664898 0.6373363 0.5941272 0.6309687 0.6645268 0.6736417 0.6288601 0.6524425 1.1297994 0.6887586 0.6442874 0.6538632 0.6399531 0.6670167 0.6319262 0.6601057 0.6628705 0.6647943 0.6883451 0.6847996 0.6187419 0.6431673 0.6155432 0.6366195 0.6406463 0.6187671 0.6725506 0.6575670 0.6600031 0.6379551 0.6609488 0.6329724 0.6675280 0.6475328 0.6657758 0.6275387 0.6150417 0.6739069 0.6289483 0.6458606 0.6311969 0.6563715 0.6777716 0.6789569 0.6412323 0.6291229 0.6080694 0.6512088 0.6831753 0.7291524 0.6730326 0.6279899 0.6342587 0.6825928 0.6544122 0.6674503 0.5861765 0.6509501 0.6689401 0.6641300 0.6691096 0.6497035 0.6599935 0.6271043 0.6623654 0.6747458 0.6339664 0.6724361 0.6372292 0.6322313 0.5979272 0.6170616 0.6368434 0.6480360 0.6160647 0.6585028 0.6080191 0.6131181 0.6493346 -0.4509805 -0.6861089 -0.6881502 -0.7059869 -0.6745870 -0.6996441 -0.6424488 -0.4868351 -0.7245636 -0.7002866 -0.7069939 -0.7103156 -0.6782674 -0.6854108 -0.6708001 -0.7098907 -0.7068680 -0.6863537 -0.6902598 -0.7052204 -0.6986632 -0.7135317 -0.6855006 -0.7130378 -0.7243508 -0.7208218 -0.5837777 -0.6990187 -0.6576611 -0.6757290 -0.7099036 -0.6888826 -0.7089734 -0.6741869 -0.7103574 -0.7154691 -0.6248929 -0.6899865 -0.7108087 -0.7022592 -0.7113758 -0.7126060 -0.6884723 -0.7194466 -0.7068207 -0.7217397 -0.6900063 -0.7081847 -0.6848974 -0.6970157 -0.6909748 -0.7129905 -0.6905456 -0.7063716 -0.7053303 -0.7204303 -0.6969167 -0.6987119 -0.6864536 -0.7058971 -0.7012779 -0.7123101 -0.7116644 -0.6993175 -0.7168061 -0.6991539 -0.6903977 -0.6850133 -0.7126387 -0.7103525 -0.6963030 -0.6905372 -0.6904925 -0.7037058 -0.7226310
0.6468807 0.5934137 0.6340466 0.6120149 0.6119254 0.6309761 0.5936639 0.6400904 0.6281939 0.6388879 0.6515217 0.5530108 0.6269004 0.5704674 0.6493671 0.6607632 0.6662976 0.6324874 0.6498449 0.6887586 1.0822709 0.6233965 0.6251209 0.6151571 0.6610336 0.6542382 0.6868979 0.6543771 0.7043401 0.6913323 0.6337095 0.6065757 0.6742393 0.6301145 0.6160845 0.6263189 0.6216812 0.6733775 0.6499606 0.6232328 0.6301795 0.6444996 0.6495191 0.6527494 0.6650737 0.6434426 0.6142423 0.6357741 0.6496962 0.5988817 0.6533489 0.6077396 0.6405727 0.6329385 0.6758055 0.6500766 0.6257730 0.5902492 0.6315407 0.6486810 0.6922358 0.6649757 0.6536430 0.6325333 0.6661343 0.6460261 0.6698361 0.5777634 0.6281518 0.6307502 0.6857908 0.6279005 0.6313828 0.6628438 0.6005728 0.6656673 0.6698982 0.6373102 0.6433550 0.6781980 0.6139352 0.5983357 0.6106535 0.6329958 0.6594946 0.6015402 0.6526063 0.6280384 0.6125215 0.6298982 -0.4456559 -0.6727211 -0.7021184 -0.6978064 -0.6595124 -0.6802394 -0.6395412 -0.4716046 -0.7153721 -0.6934541 -0.6962036 -0.7143961 -0.6711790 -0.6942039 -0.6648856 -0.6982102 -0.6909105 -0.6855227 -0.6816650 -0.6937449 -0.7001413 -0.7043766 -0.6836046 -0.6936658 -0.7143357 -0.7059944 -0.5786629 -0.6977559 -0.6480146 -0.6746147 -0.6913154 -0.6974397 -0.6908491 -0.6693522 -0.6966591 -0.7101951 -0.6194903 -0.6881174 -0.7002651 -0.6961823 -0.7126151 -0.7164469 -0.6802809 -0.7198378 -0.7038888 -0.6964144 -0.6784146 -0.6933033 -0.6774080 -0.6908467 -0.7005117 -0.7018744 -0.6974444 -0.6916023 -0.6920542 -0.7134686 -0.6879662 -0.6880706 -0.6902344 -0.6875709 -0.7056169 -0.6994337 -0.7138997 -0.6999086 -0.7036820 -0.6956475 -0.6853185 -0.6698582 -0.7123217 -0.7106134 -0.6995189 -0.6809466 -0.6793429 -0.6931910 -0.7103087
0.6069391 0.5532913 0.6153758 0.5883553 0.5824291 0.6137422 0.5581810 0.5893357 0.5992452 0.5949336 0.6239052 0.5247591 0.6408238 0.5463687 0.6028343 0.6037854 0.6120644 0.6011794 0.6328876 0.6442874 0.6233965 1.1591635 0.6049894 0.5804026 0.5956005 0.5998486 0.6029299 0.6249783 0.6162727 0.6173710 0.6274368 0.5840750 0.6106658 0.5835629 0.5802966 0.6020367 0.5821253 0.6280063 0.6140031 0.6179067 0.5942948 0.6045846 0.6292796 0.6007448 0.6041692 0.5894231 0.5819009 0.5835619 0.5973249 0.5625736 0.6253093 0.6205111 0.5863350 0.6219547 0.6102064 0.5942784 0.5902668 0.5613260 0.6085171 0.6179922 0.6438953 0.6173097 0.6109312 0.5902322 0.6216443 0.6058759 0.6136530 0.5428064 0.5772991 0.5952128 0.6233544 0.5939497 0.5741509 0.6076497 0.5894877 0.5977831 0.6363785 0.5925051 0.6124587 0.6255574 0.5908162 0.5730790 0.5752004 0.5769475 0.6127568 0.5711101 0.6214586 0.5684296 0.5666348 0.5915381 -0.4195541 -0.6345018 -0.6564829 -0.6587119 -0.6244975 -0.6382210 -0.5905015 -0.4557730 -0.6855907 -0.6468019 -0.6617357 -0.6623231 -0.6410450 -0.6519864 -0.6217405 -0.6580889 -0.6708165 -0.6477988 -0.6459391 -0.6576184 -0.6608170 -0.6730980 -0.6395311 -0.6548221 -0.6844549 -0.6682396 -0.5441791 -0.6665089 -0.6127785 -0.6357830 -0.6533078 -0.6628031 -0.6587723 -0.6451195 -0.6624135 -0.6666684 -0.5839022 -0.6539792 -0.6706268 -0.6637916 -0.6760114 -0.6726455 -0.6393661 -0.6714005 -0.6641487 -0.6782717 -0.6432628 -0.6521129 -0.6340339 -0.6579910 -0.6544037 -0.6597929 -0.6553191 -0.6591074 -0.6469080 -0.6860131 -0.6537970 -0.6428142 -0.6454458 -0.6594610 -0.6587910 -0.6652152 -0.6689826 -0.6607258 -0.6646270 -0.6432841 -0.6396244 -0.6328414 -0.6737266 -0.6749037 -0.6670875 -0.6356936 -0.6389498 -0.6525612 -0.6820924
0.6138800 0.5705721 0.6323398 0.6189809 0.5954329 0.6403713 0.5762193 0.6071869 0.6277371 0.6179883 0.6277759 0.5453855 0.6385359 0.5681137 0.6421841 0.6254886 0.6705098 0.6254148 0.6638899 0.6538632 0.6251209 0.6049894 1.1917276 0.5991794 0.6377953 0.6335407 0.6354493 0.6239420 0.6381833 0.6470693 0.6158991 0.5870592 0.6375139 0.6030938 0.6238708 0.6191100 0.5965453 0.6315773 0.6388535 0.6179223 0.6104006 0.6164020 0.6229630 0.5997282 0.6228157 0.6211441 0.6059887 0.6296909 0.6122251 0.6081212 0.6218488 0.6073844 0.6421340 0.6347874 0.6499197 0.5929313 0.5865171 0.5942503 0.6127334 0.6534296 0.6481539 0.6163344 0.6028102 0.6039525 0.6707475 0.6457605 0.6179620 0.5656470 0.6069272 0.6123769 0.6354453 0.6188480 0.6155580 0.6263081 0.6153497 0.6209666 0.6565254 0.6221563 0.6152239 0.6314534 0.5920244 0.5673310 0.5906062 0.6239486 0.6404332 0.5822606 0.6474467 0.5789205 0.6086082 0.6414737 -0.4323567 -0.6618284 -0.6709118 -0.6854551 -0.6399260 -0.6681730 -0.6078005 -0.4709540 -0.6934632 -0.6684139 -0.6811070 -0.6864516 -0.6518095 -0.6672375 -0.6391894 -0.6788626 -0.6881239 -0.6675019 -0.6616402 -0.6782983 -0.6853779 -0.6949316 -0.6584369 -0.6767384 -0.7038888 -0.6761827 -0.5586205 -0.6836150 -0.6334423 -0.6531674 -0.6849948 -0.6810533 -0.6766967 -0.6571175 -0.6881082 -0.6842165 -0.6022402 -0.6672437 -0.6869379 -0.6791494 -0.6931835 -0.6933973 -0.6721983 -0.6958299 -0.6719534 -0.6899462 -0.6595250 -0.6701983 -0.6570824 -0.6723459 -0.6813379 -0.6790689 -0.6746925 -0.6712757 -0.6739722 -0.7029006 -0.6779279 -0.6640227 -0.6695723 -0.6788129 -0.6851246 -0.6714024 -0.6814016 -0.6752658 -0.6794033 -0.6561161 -0.6610571 -0.6614703 -0.6956589 -0.6897731 -0.6854857 -0.6719785 -0.6715814 -0.6797391 -0.6921201
