1.029914	0.272817	0.272827	0.253576	0.275222	0.296492	0.235405	0.273231	0.255885	0.257639	0.290653	0.226898	0.280497	0.240677	0.288582	0.237135	0.293344	0.305085	0.262419	0.258119	0.285435	0.290347	0.285396	0.199272	0.263663	0.263814	0.235804	0.249587	0.363434	0.338782	0.317817	0.286223	0.265844	0.307400	0.228193	0.287265	0.302052	0.255537	0.340548	0.308706	0.266949	0.355103	0.315587	0.280928	0.325012	0.321093	0.289152	0.314292	0.368041	0.324740	0.265484	0.290388	0.272627	0.262757	0.286666	0.309119	0.268717	0.233163	0.241006	0.281970	0.315234	0.290193	0.267135	0.265426	0.326275	0.297673	0.346797	0.226572	0.291385	0.347715	0.299656	0.293986	0.247415	0.384992	0.328261	0.331092	0.293307	0.313518	-0.379079	0.270950	0.237927	0.284957	0.269394	0.251606	0.267393	0.262904	0.343646	0.244700	0.242019	0.307045	-0.119914	-0.319249	-0.369155	-0.347174	-0.328775	-0.204291	-0.362502	-0.253279	-0.259844	0.300452	-0.349157	-0.346637	-0.351201	-0.314555	-0.306584	-0.317440	-0.308600	-0.340314	-0.337222	-0.365975	-0.339973	-0.328773	-0.343734	-0.336614	-0.314637	-0.340258	-0.348100	-0.250861	-0.355479	-0.316698	-0.352580	-0.367136	-0.354194	-0.338386	-0.335226	-0.343008	-0.334960	-0.294615	-0.343590	-0.366176	-0.355694	-0.371373	-0.377663	-0.366291	-0.379530	-0.341875	-0.349758	-0.425885	-0.352766	-0.321230	-0.349719	-0.327760	-0.315261	-0.356260	-0.348417	-0.327130	-0.374793	-0.332092	-0.340708	-0.333554	-0.352373	-0.337849	-0.342866	-0.328822	-0.361768	-0.348453	-0.322877	-0.328480	-0.308455	-0.345930	-0.377993	-0.321437	-0.362557	-0.342238	-0.346986	-0.354267	
0.272817	0.690850	0.267985	0.235702	0.214431	0.257602	0.117651	0.316743	0.283736	0.227623	0.326502	0.237503	0.230842	0.247081	0.399604	0.174031	0.235133	0.218622	0.383196	0.316629	0.318554	0.257669	0.293941	0.281760	0.254297	0.299607	0.314955	0.225145	0.301170	0.250055	0.347533	0.269380	0.228050	0.223389	0.304020	0.274687	0.228321	0.279824	0.333203	0.305014	0.243020	0.325959	0.256468	0.312898	0.243280	0.323323	0.279595	0.365377	0.290678	0.248843	0.443621	0.219121	0.283685	0.401881	0.211840	0.231875	0.259469	0.251153	0.213321	0.249724	0.217107	0.211664	0.317507	0.251437	0.272845	0.246073	0.301396	0.271015	0.285646	0.257678	0.316157	0.260178	0.249083	0.263722	0.227377	0.265494	0.276902	0.210300	-0.360672	0.383193	0.258000	0.260262	0.298049	0.279146	0.252711	0.328555	0.168890	0.190409	0.141070	0.164821	-0.021932	-0.204977	-0.359608	-0.366604	-0.280762	-0.205899	-0.310829	-0.382209	-0.268484	0.313429	-0.354662	-0.363426	-0.385479	-0.292924	-0.308642	-0.237455	-0.281173	-0.320848	-0.401231	-0.332360	-0.348886	-0.253686	-0.282363	-0.371798	-0.274599	-0.336078	-0.332751	-0.055988	-0.302892	-0.311700	-0.308625	-0.344757	-0.400096	-0.366867	-0.342234	-0.388842	-0.370679	-0.313978	-0.248516	-0.372973	-0.346355	-0.360536	-0.338392	-0.433280	-0.360730	-0.430780	-0.385295	-0.474367	-0.272682	-0.316182	-0.312515	-0.314649	-0.305678	-0.357568	-0.364157	-0.356428	-0.333537	-0.285112	-0.411887	-0.346967	-0.413542	-0.322070	-0.310009	-0.349940	-0.308972	-0.339413	-0.353478	-0.284074	-0.329355	-0.304688	-0.312046	-0.361728	-0.283822	-0.297497	-0.287542	-0.351231	
0.272827	0.267985	0.921615	0.349403	0.238926	0.339845	0.200847	0.294855	0.317413	0.311997	0.282461	0.257050	0.298306	0.257490	0.336393	0.301132	0.337557	0.291524	0.308837	0.311810	0.288384	0.291743	0.280412	0.244127	0.316345	0.352014	0.288537	0.329445	0.290159	0.299730	0.333314	0.262550	0.327614	0.253426	0.290606	0.308377	0.355060	0.286814	0.346488	0.300281	0.300659	0.306523	0.348252	0.306867	0.281131	0.291524	0.358381	0.383637	0.317655	0.315252	0.287960	0.306565	0.297386	0.308916	0.331454	0.329295	0.313410	0.258250	0.255447	0.304747	0.305033	0.300912	0.330162	0.332571	0.281918	0.296120	0.314907	0.242466	0.283398	0.304751	0.336093	0.344632	0.272839	0.268014	0.301976	0.323969	0.311926	0.283807	-0.373873	0.339803	0.312828	0.281037	0.232353	0.325858	0.294146	0.270736	0.322396	0.209627	0.317857	0.313030	-0.355081	-0.340037	-0.354722	-0.351448	-0.334101	-0.318596	-0.391333	-0.280592	-0.274421	0.304124	-0.386789	-0.350329	-0.355644	-0.345818	-0.316431	-0.279923	-0.333847	-0.367082	-0.336930	-0.377712	-0.350666	-0.361474	-0.377664	-0.328891	-0.364057	-0.354927	-0.370853	-0.260873	-0.379184	-0.341228	-0.362809	-0.362634	-0.373482	-0.360167	-0.364070	-0.370643	-0.362387	-0.361361	-0.366544	-0.374501	-0.363063	-0.394112	-0.371089	-0.379141	-0.400123	-0.326709	-0.336640	-0.404643	-0.360499	-0.344955	-0.335466	-0.357191	-0.347845	-0.375791	-0.342772	-0.323401	-0.411676	-0.367588	-0.335605	-0.360540	-0.357725	-0.366571	-0.341138	-0.359793	-0.368597	-0.352575	-0.348511	-0.331185	-0.315851	-0.352950	-0.332558	-0.370603	-0.352371	-0.349417	-0.354396	-0.346555	
0.253576	0.235702	0.349403	0.953129	0.264935	0.305074	0.236382	0.314420	0.270175	0.303905	0.317687	0.189580	0.303768	0.297895	0.328998	0.251816	0.300789	0.319587	0.265844	0.300620	0.256782	0.301803	0.282415	0.257914	0.249737	0.290013	0.302378	0.270676	0.259657	0.309660	0.277322	0.316627	0.309750	0.279341	0.244244	0.283129	0.270811	0.282392	0.331803	0.296109	0.294553	0.269492	0.269469	0.291540	0.326261	0.331619	0.331963	0.331804	0.258198	0.286337	0.345333	0.290268	0.263553	0.300529	0.283056	0.262934	0.336408	0.217224	0.252464	0.281541	0.330459	0.300954	0.280694	0.364846	0.328024	0.275693	0.290485	0.212403	0.317901	0.307981	0.345762	0.325238	0.296875	0.311953	0.276874	0.335384	0.294776	0.350032	-0.383025	0.277916	0.277717	0.247649	0.220286	0.299562	0.333803	0.275559	0.245027	0.243707	0.278702	0.298895	-0.366224	-0.347747	-0.364316	-0.326693	-0.324607	-0.202854	-0.329901	-0.314779	-0.185458	0.327526	-0.384958	-0.341044	-0.375842	-0.332720	-0.340497	-0.253493	-0.354410	-0.376960	-0.344589	-0.347261	-0.349354	-0.335038	-0.361864	-0.318133	-0.341714	-0.344370	-0.353476	-0.287116	-0.357146	-0.335900	-0.327290	-0.344623	-0.358043	-0.354543	-0.338209	-0.337309	-0.394552	-0.256466	-0.340574	-0.372251	-0.347975	-0.339064	-0.368693	-0.351043	-0.377740	-0.332475	-0.362729	-0.430530	-0.354600	-0.348051	-0.335153	-0.328090	-0.354642	-0.325656	-0.337281	-0.329931	-0.368963	-0.328106	-0.323538	-0.352259	-0.361989	-0.317618	-0.376141	-0.355109	-0.372526	-0.341043	-0.355043	-0.346032	-0.297878	-0.349138	-0.358060	-0.324867	-0.319344	-0.336654	-0.341087	-0.371600	
0.275222	0.214431	0.238926	0.264935	0.906223	0.347371	0.287892	0.334445	0.242429	0.270579	0.337643	0.220733	0.270499	0.242118	0.299238	0.262650	0.278391	0.256069	0.221380	0.319671	0.290293	0.260612	0.260086	0.207165	0.256315	0.292562	0.333857	0.260981	0.276115	0.268988	0.218776	0.237184	0.203549	0.226556	0.202026	0.222390	0.280893	0.229066	0.214750	0.252046	0.260752	0.253984	0.228109	0.258090	0.275854	0.269825	0.297628	0.305819	0.284286	0.266506	0.296957	0.216302	0.286706	0.278911	0.237701	0.240159	0.240548	0.183893	0.244929	0.278771	0.239161	0.296230	0.325042	0.286019	0.241131	0.231277	0.314436	0.276795	0.285915	0.283114	0.305248	0.250442	0.279502	0.250260	0.249092	0.274257	0.249355	0.236404	-0.318909	0.312288	0.329980	0.121825	0.211422	0.270979	0.311952	0.155202	0.251607	0.240511	0.287610	0.282267	-0.329690	-0.307615	-0.318035	-0.305171	-0.275851	-0.245169	-0.319238	-0.247179	-0.177703	0.276398	-0.349444	-0.316240	-0.315430	-0.271969	-0.335372	-0.253311	-0.342082	-0.334228	-0.316714	-0.312751	-0.322012	-0.317296	-0.321980	-0.294877	-0.303590	-0.330685	-0.345175	-0.269089	-0.301604	-0.315854	-0.357282	-0.321640	-0.341509	-0.319055	-0.305881	-0.324015	-0.316367	-0.299540	-0.302252	-0.333702	-0.336031	-0.347148	-0.324581	-0.276935	-0.317763	-0.299410	-0.330945	-0.355582	-0.336439	-0.318958	-0.331674	-0.298881	-0.308190	-0.315704	-0.291472	-0.332717	-0.333378	-0.304280	-0.298082	-0.301430	-0.332994	-0.326281	-0.319210	-0.288465	-0.314902	-0.368842	-0.328250	-0.329686	-0.280441	-0.323679	-0.328399	-0.328737	-0.355808	-0.325195	-0.316327	-0.311836	
0.296492	0.257602	0.339845	0.305074	0.347371	0.924771	0.264496	0.319490	0.282367	0.292513	0.316463	0.270040	0.356998	0.284125	0.266915	0.297663	0.306954	0.303239	0.339778	0.303622	0.283078	0.332461	0.319751	0.262729	0.308789	0.295564	0.332986	0.291123	0.313142	0.295539	0.340727	0.304143	0.331938	0.256071	0.309433	0.285952	0.256706	0.294931	0.332460	0.305106	0.281039	0.316380	0.343833	0.315197	0.282655	0.289097	0.293297	0.298080	0.345300	0.313307	0.295556	0.302458	0.301122	0.303787	0.299023	0.298113	0.337733	0.198446	0.270433	0.315932	0.331940	0.307473	0.339164	0.308928	0.297359	0.291013	0.300175	0.207825	0.272627	0.269540	0.292931	0.283530	0.316848	0.274039	0.273024	0.279579	0.280675	0.265645	-0.352730	0.306384	0.303541	0.196121	0.240511	0.288872	0.309271	0.225792	0.255536	0.194200	0.237309	0.346099	-0.294564	-0.328514	-0.370615	-0.354512	-0.309514	-0.048189	-0.354586	-0.317850	-0.245152	0.299473	-0.385116	-0.363324	-0.369345	-0.329005	-0.324199	-0.265230	-0.344525	-0.377123	-0.336059	-0.361566	-0.342287	-0.351136	-0.384068	-0.336075	-0.321720	-0.356724	-0.379121	-0.256101	-0.340585	-0.328940	-0.359643	-0.371723	-0.373067	-0.355448	-0.348024	-0.345686	-0.358842	-0.394381	-0.353249	-0.356018	-0.354757	-0.382335	-0.360010	-0.342013	-0.385672	-0.341230	-0.359648	-0.375413	-0.374249	-0.319703	-0.358809	-0.355979	-0.345225	-0.349883	-0.331259	-0.338723	-0.382297	-0.375505	-0.343532	-0.351131	-0.367534	-0.336632	-0.324530	-0.340561	-0.378153	-0.367018	-0.365635	-0.341271	-0.345124	-0.369615	-0.358902	-0.377993	-0.352707	-0.348447	-0.341560	-0.372461	
0.235405	0.117651	0.200847	0.236382	0.287892	0.264496	1.022299	0.219070	0.240376	0.338090	0.332988	0.221045	0.309641	0.209700	0.201234	0.211949	0.244626	0.257323	0.270044	0.228313	0.166044	0.221893	0.248065	0.230904	0.132527	0.223990	0.234578	0.174588	0.215436	0.158734	0.247711	0.271635	0.240078	0.216776	0.196950	0.214409	0.170392	0.173511	0.194604	0.101530	0.162846	0.261116	0.079067	0.281505	0.218044	0.224633	0.250406	0.140968	0.197637	0.176530	0.224287	0.260705	0.272285	0.178268	0.165972	0.252925	0.229297	0.232312	0.255354	0.185884	0.159766	0.129916	0.200307	0.177461	0.244242	0.214323	0.224092	0.050146	0.179504	0.271928	0.278344	0.182040	0.145349	0.208957	0.259288	0.206710	0.275567	0.312964	-0.321427	0.277184	0.272624	0.165894	0.202718	0.157373	0.218376	0.139233	0.228201	0.220425	0.253402	0.288463	-0.122353	-0.328507	-0.183999	-0.318311	-0.157567	-0.142516	-0.273946	-0.147370	-0.153134	0.244432	-0.337098	-0.339229	-0.225913	-0.216502	-0.312709	-0.228937	-0.298572	-0.391465	-0.297663	-0.278648	-0.313014	-0.313793	-0.276872	-0.215182	-0.266692	-0.274202	-0.255591	-0.258138	-0.306902	-0.229362	-0.355242	-0.283846	-0.389747	-0.204487	-0.258978	-0.338405	-0.265873	-0.221761	-0.295437	-0.258616	-0.334181	-0.199536	-0.278972	-0.315682	-0.306687	-0.297959	-0.285947	-0.312040	-0.264476	-0.263758	-0.346743	-0.303729	-0.201519	-0.357735	-0.280359	-0.247053	-0.276485	-0.340884	-0.345397	-0.235597	-0.327696	-0.298203	-0.310590	-0.289432	-0.238391	-0.358263	-0.355804	-0.204793	-0.268887	-0.367185	-0.316000	-0.300027	-0.193038	-0.278273	-0.255352	-0.235490	
0.273231	0.316743	0.294855	0.314420	0.334445	0.319490	0.219070	0.909021	0.266836	0.365200	0.342399	0.335398	0.315764	0.338534	0.267115	0.315144	0.304262	0.309176	0.285962	0.318045	0.288129	0.301099	0.335926	0.280173	0.265494	0.298261	0.284271	0.265051	0.318304	0.312062	0.286779	0.289263	0.274212	0.284028	0.286836	0.268345	0.272278	0.311117	0.342142	0.281078	0.311744	0.267203	0.259289	0.328152	0.294698	0.298497	0.349366	0.340167	0.271347	0.289695	0.283272	0.248871	0.308170	0.336684	0.272891	0.361636	0.255881	0.207185	0.273911	0.271742	0.366651	0.294611	0.289796	0.329039	0.311217	0.289923	0.333482	0.228403	0.291882	0.309050	0.268050	0.252715	0.201379	0.283383	0.281670	0.311402	0.293038	0.261843	-0.370292	0.278790	0.315081	0.297251	0.288488	0.244997	0.302043	0.352869	0.284514	0.235050	0.256613	0.325282	-0.307103	-0.311835	-0.345472	-0.340139	-0.319780	-0.160278	-0.353715	-0.267376	-0.273446	0.297043	-0.382080	-0.366408	-0.346859	-0.360288	-0.350817	-0.292741	-0.367305	-0.356431	-0.342687	-0.355839	-0.338327	-0.345465	-0.367271	-0.308584	-0.342046	-0.347100	-0.376305	-0.172619	-0.346387	-0.344857	-0.378290	-0.350931	-0.335784	-0.367075	-0.327622	-0.330992	-0.364061	-0.317551	-0.331398	-0.344780	-0.358327	-0.381519	-0.350863	-0.328632	-0.354711	-0.353354	-0.350965	-0.377507	-0.345163	-0.304933	-0.357016	-0.306837	-0.339867	-0.347881	-0.336633	-0.324566	-0.380600	-0.347908	-0.348000	-0.331486	-0.364009	-0.352028	-0.347263	-0.366597	-0.336588	-0.352966	-0.346383	-0.328267	-0.325828	-0.354294	-0.368108	-0.339400	-0.344169	-0.367131	-0.356660	-0.339755	
0.255885	0.283736	0.317413	0.270175	0.242429	0.282367	0.240376	0.266836	0.948358	0.240819	0.272714	0.210378	0.297367	0.168236	0.310828	0.239426	0.210364	0.276580	0.274698	0.249058	0.282258	0.266840	0.302763	0.209895	0.308583	0.282943	0.251764	0.282533	0.243185	0.270237	0.309444	0.272420	0.313358	0.253561	0.257444	0.247011	0.300098	0.235283	0.261070	0.305220	0.314145	0.233532	0.322729	0.219393	0.261651	0.313182	0.258753	0.296844	0.309968	0.254923	0.271167	0.251601	0.301615	0.248241	0.287998	0.305912	0.278171	0.199596	0.240629	0.281294	0.299842	0.279303	0.274156	0.369176	0.297072	0.294292	0.269080	0.148468	0.257649	0.232095	0.347277	0.374003	0.249253	0.248681	0.288448	0.278057	0.269140	0.248634	-0.342508	0.254711	0.219611	0.317177	0.235247	0.246990	0.268165	0.242820	0.239259	0.245101	0.280858	0.241553	-0.437717	-0.274759	-0.322002	-0.317629	-0.329994	-0.356319	-0.343040	-0.232306	-0.207311	0.258425	-0.391431	-0.333489	-0.343263	-0.338574	-0.285892	-0.221078	-0.327169	-0.322006	-0.321101	-0.323462	-0.325994	-0.294036	-0.333933	-0.295444	-0.322536	-0.318894	-0.348149	-0.181538	-0.357585	-0.308206	-0.354732	-0.329681	-0.310162	-0.331354	-0.318998	-0.328835	-0.334138	-0.199103	-0.287711	-0.334359	-0.344600	-0.346551	-0.325518	-0.339906	-0.359650	-0.313041	-0.323961	-0.336844	-0.353129	-0.318807	-0.333050	-0.304523	-0.322665	-0.298608	-0.317587	-0.309898	-0.356818	-0.293159	-0.338933	-0.318321	-0.327575	-0.344412	-0.344581	-0.323509	-0.303535	-0.309982	-0.330545	-0.301108	-0.311871	-0.349892	-0.347258	-0.338520	-0.324642	-0.334873	-0.299769	-0.314766	
0.257639	0.227623	0.311997	0.303905	0.270579	0.292513	0.338090	0.365200	0.240819	0.950201	0.281256	0.283647	0.281249	0.292997	0.332623	0.304945	0.323380	0.351188	0.294997	0.291878	0.256488	0.300317	0.312664	0.259515	0.253369	0.314652	0.264169	0.292756	0.263159	0.331208	0.277430	0.272708	0.292557	0.244587	0.269842	0.282261	0.236241	0.285806	0.303562	0.232949	0.340295	0.254908	0.251664	0.387376	0.288430	0.286496	0.286537	0.329338	0.312133	0.307791	0.292567	0.295675	0.282813	0.299462	0.287611	0.296853	0.288608	0.292047	0.243010	0.313202	0.262922	0.293966	0.291779	0.348215	0.318571	0.243293	0.315553	0.258775	0.326238	0.299913	0.292363	0.256901	0.258498	0.298459	0.339131	0.283050	0.301622	0.291204	-0.336429	0.307306	0.286470	0.286539	0.267573	0.260167	0.289757	0.262705	0.336892	0.220072	0.252894	0.251224	-0.082414	-0.282956	-0.355001	-0.334830	-0.285325	-0.220047	-0.348155	-0.205438	-0.229701	0.327036	-0.359759	-0.340676	-0.328755	-0.351760	-0.349503	-0.253863	-0.329324	-0.343190	-0.357483	-0.324831	-0.341349	-0.335705	-0.344618	-0.323824	-0.336105	-0.343783	-0.366492	-0.253870	-0.382200	-0.316533	-0.367977	-0.330575	-0.343639	-0.355571	-0.327239	-0.340301	-0.372135	-0.292194	-0.325583	-0.339532	-0.323012	-0.378533	-0.346515	-0.357865	-0.357079	-0.338327	-0.361017	-0.388369	-0.360207	-0.335426	-0.343372	-0.331134	-0.351314	-0.360889	-0.348359	-0.330977	-0.383890	-0.362763	-0.344840	-0.338990	-0.353150	-0.339524	-0.357226	-0.368169	-0.333657	-0.316444	-0.357947	-0.335457	-0.292780	-0.338139	-0.363595	-0.345916	-0.369076	-0.342247	-0.345504	-0.364725	
0.290653	0.326502	0.282461	0.317687	0.337643	0.316463	0.332988	0.342399	0.272714	0.281256	1.069244	0.184241	0.310100	0.248997	0.320582	0.313313	0.265582	0.342148	0.305224	0.284527	0.282568	0.300123	0.349861	0.227459	0.275539	0.337599	0.314852	0.332017	0.315434	0.369281	0.263265	0.282021	0.260622	0.236927	0.302277	0.281309	0.326100	0.306589	0.292004	0.307462	0.276338	0.345088	0.336455	0.289266	0.263654	0.293483	0.326216	0.288674	0.334146	0.297792	0.298010	0.305857	0.345334	0.356811	0.305614	0.350039	0.270771	0.281929	0.298800	0.329426	0.273658	0.290827	0.279183	0.357089	0.336054	0.312287	0.283701	0.216615	0.291663	0.373785	0.320696	0.314158	0.265599	0.263085	0.307637	0.300533	0.272397	0.285373	-0.363249	0.291821	0.292714	0.167969	0.267884	0.311101	0.306672	0.245970	0.289650	0.255205	0.265296	0.369656	-0.232800	-0.294693	-0.384792	-0.337919	-0.329750	-0.275753	-0.368775	-0.276023	-0.193585	0.329395	-0.414915	-0.370151	-0.361354	-0.332217	-0.374420	-0.296634	-0.334216	-0.370746	-0.363264	-0.353707	-0.367595	-0.342299	-0.358320	-0.344370	-0.349609	-0.373022	-0.350832	-0.231420	-0.371347	-0.351986	-0.390640	-0.328002	-0.381613	-0.365950	-0.318123	-0.352053	-0.352702	-0.405697	-0.341866	-0.353679	-0.351411	-0.400861	-0.358371	-0.367204	-0.387516	-0.368372	-0.365040	-0.377033	-0.371088	-0.311142	-0.351738	-0.349882	-0.361378	-0.348369	-0.334336	-0.325794	-0.375088	-0.376378	-0.363623	-0.358517	-0.359665	-0.351417	-0.374678	-0.341435	-0.398136	-0.394436	-0.366810	-0.317171	-0.342306	-0.375704	-0.357262	-0.365318	-0.377883	-0.356560	-0.354742	-0.358700	
0.226898	0.237503	0.257050	0.189580	0.220733	0.270040	0.221045	0.335398	0.210378	0.283647	0.184241	0.684421	0.250035	0.193090	0.251828	0.129888	0.220507	0.312510	0.225486	0.302653	0.171458	0.278065	0.279132	0.231272	0.187276	0.265010	0.268173	0.162433	0.219936	0.236057	0.273219	0.193879	0.173234	0.185303	0.236990	0.102788	0.145185	0.276463	0.164864	0.159244	0.257687	0.191552	0.179984	0.187362	0.198010	0.268525	0.211868	0.314731	0.236656	0.158928	0.188469	0.150352	0.203002	0.148857	0.235823	0.221318	0.183568	0.090476	0.218456	0.252529	0.203436	0.262925	0.225851	0.182829	0.292727	0.192763	0.217134	0.106385	0.259750	0.303028	0.194853	0.217279	0.117343	0.189532	0.313962	0.237173	0.226155	0.238797	-0.284755	0.272967	0.199697	0.300042	0.117723	0.168795	0.169869	0.194144	0.256748	0.085561	0.241341	0.326497	-0.170525	-0.162798	-0.276671	-0.271698	-0.291211	0.132573	-0.154601	-0.074722	-0.159078	0.233366	-0.070279	-0.285283	-0.328353	-0.355861	-0.183496	-0.112626	-0.309888	-0.320800	-0.290840	-0.257017	-0.300056	-0.289058	-0.265671	-0.276960	-0.269929	-0.238449	-0.331553	-0.132392	-0.281085	-0.316240	-0.281814	-0.290242	-0.293166	-0.255828	-0.258961	-0.248036	-0.285028	-0.223914	-0.182935	-0.320294	-0.268908	-0.335190	-0.300597	-0.193129	-0.309054	-0.331958	-0.316859	-0.311103	-0.201154	-0.218961	-0.269119	-0.171015	-0.307441	-0.286695	-0.228997	-0.296113	-0.344491	-0.285934	-0.352389	-0.255046	-0.250379	-0.224815	-0.269109	-0.258305	-0.263251	-0.356707	-0.286725	-0.251136	-0.337327	-0.354267	-0.292829	-0.315290	-0.333357	-0.331981	-0.302400	-0.340887	
0.280497	0.230842	0.298306	0.303768	0.270499	0.356998	0.309641	0.315764	0.297367	0.281249	0.310100	0.250035	0.973043	0.282192	0.275320	0.251205	0.302247	0.328546	0.269970	0.312086	0.277573	0.380349	0.333759	0.255122	0.289826	0.325777	0.267347	0.253517	0.294939	0.277431	0.289552	0.336355	0.348719	0.267992	0.254686	0.344484	0.271052	0.282572	0.345630	0.248704	0.251330	0.264612	0.362304	0.314417	0.237929	0.238210	0.323612	0.339224	0.311391	0.269636	0.297374	0.270404	0.276085	0.296175	0.222446	0.331089	0.261260	0.249473	0.271391	0.293084	0.339537	0.335601	0.318264	0.294454	0.349074	0.284748	0.307238	0.203033	0.296026	0.299545	0.277981	0.307515	0.239340	0.285478	0.346103	0.316251	0.242479	0.315575	-0.348486	0.236205	0.224569	0.181520	0.278912	0.309447	0.264442	0.219081	0.283986	0.229731	0.231744	0.318362	-0.100951	-0.303918	-0.342816	-0.323453	-0.327501	-0.215667	-0.368240	-0.284041	-0.197757	0.299641	-0.334730	-0.342829	-0.357255	-0.341462	-0.351931	-0.258631	-0.361267	-0.318368	-0.312158	-0.360881	-0.360233	-0.328125	-0.345962	-0.317684	-0.323991	-0.339182	-0.360590	-0.241047	-0.323512	-0.312677	-0.360157	-0.320933	-0.353441	-0.356441	-0.351549	-0.338712	-0.355713	-0.279436	-0.339034	-0.356523	-0.336521	-0.371077	-0.369486	-0.336225	-0.349470	-0.355216	-0.347848	-0.371698	-0.355572	-0.318346	-0.358428	-0.331527	-0.346862	-0.342754	-0.328502	-0.323494	-0.387469	-0.338993	-0.345946	-0.359025	-0.363712	-0.352395	-0.335329	-0.354060	-0.316429	-0.350078	-0.336010	-0.324505	-0.315095	-0.360665	-0.348982	-0.326223	-0.352282	-0.352085	-0.322772	-0.356946	
0.240677	0.247081	0.257490	0.297895	0.242118	0.284125	0.209700	0.338534	0.168236	0.292997	0.248997	0.193090	0.282192	0.770079	0.247779	0.307380	0.293476	0.313543	0.200153	0.287052	0.217084	0.268014	0.228672	0.278589	0.295752	0.233664	0.306754	0.302997	0.246209	0.264238	0.251440	0.222964	0.250489	0.264141	0.232505	0.232534	0.199895	0.293208	0.262265	0.293181	0.305070	0.311172	0.257233	0.300984	0.229404	0.251709	0.283476	0.240209	0.327679	0.250550	0.196810	0.203690	0.202967	0.253889	0.337704	0.161390	0.201702	0.180462	0.242083	0.280717	0.255877	0.270106	0.244519	0.237635	0.272053	0.232520	0.331352	0.242475	0.262955	0.306828	0.293691	0.231338	0.255571	0.283075	0.272956	0.239017	0.265464	0.329470	-0.377360	0.260358	0.308678	0.335524	0.358441	0.260254	0.260840	0.263667	0.218004	0.196201	0.141461	0.335104	-0.147674	-0.290094	-0.353418	-0.301578	-0.300163	0.003684	-0.309685	-0.058590	-0.217095	0.201990	-0.353530	-0.312713	-0.341048	-0.298853	-0.323702	-0.216550	-0.336887	-0.353402	-0.322110	-0.329705	-0.308564	-0.279020	-0.328509	-0.294067	-0.299764	-0.308795	-0.351364	-0.052511	-0.334112	-0.295927	-0.329096	-0.321294	-0.348770	-0.338552	-0.318226	-0.350800	-0.307170	-0.162295	-0.242711	-0.327844	-0.304732	-0.355735	-0.317385	-0.307751	-0.343099	-0.320337	-0.292591	-0.325882	-0.334984	-0.308344	-0.304476	-0.316219	-0.317298	-0.305082	-0.311298	-0.282014	-0.358275	-0.351141	-0.349033	-0.326822	-0.336788	-0.328340	-0.311490	-0.325469	-0.319131	-0.285328	-0.354354	-0.325520	-0.275223	-0.322117	-0.345664	-0.335026	-0.300768	-0.288977	-0.290782	-0.326318	
0.288582	0.399604	0.336393	0.328998	0.299238	0.266915	0.201234	0.267115	0.310828	0.332623	0.320582	0.251828	0.275320	0.247779	0.962579	0.264875	0.373915	0.299795	0.303113	0.329103	0.314250	0.333340	0.320541	0.209634	0.269483	0.335257	0.314665	0.243944	0.250475	0.262550	0.277897	0.302289	0.282137	0.248501	0.205620	0.253755	0.281813	0.281064	0.306812	0.335276	0.307195	0.297537	0.342496	0.248264	0.304096	0.288010	0.341531	0.377748	0.323827	0.350692	0.307146	0.338689	0.281984	0.315144	0.300164	0.281995	0.302996	0.202529	0.247581	0.367363	0.263344	0.357762	0.344055	0.351603	0.331825	0.276331	0.339604	0.224086	0.249546	0.299488	0.365272	0.283529	0.294020	0.265749	0.261075	0.305443	0.348291	0.305784	-0.363508	0.284796	0.269102	0.268411	0.392182	0.273455	0.302092	0.275657	0.281892	0.258219	0.323205	0.277402	-0.319365	-0.308656	-0.345176	-0.352896	-0.341488	-0.306830	-0.367165	-0.248507	-0.239107	0.330735	-0.371039	-0.346692	-0.368631	-0.353096	-0.352726	-0.273048	-0.351553	-0.364163	-0.354838	-0.355239	-0.363151	-0.327218	-0.363291	-0.333903	-0.353718	-0.366942	-0.375100	-0.244574	-0.364314	-0.345615	-0.355585	-0.344683	-0.364317	-0.344632	-0.345356	-0.364470	-0.342100	-0.223406	-0.335459	-0.333113	-0.365953	-0.396434	-0.372665	-0.397645	-0.362115	-0.342006	-0.373600	-0.410058	-0.347358	-0.360830	-0.346179	-0.342414	-0.358942	-0.360762	-0.353183	-0.331179	-0.379875	-0.356532	-0.343498	-0.360097	-0.373695	-0.356230	-0.370803	-0.335242	-0.345767	-0.368637	-0.338313	-0.342202	-0.321358	-0.359168	-0.353370	-0.374646	-0.351760	-0.329535	-0.350295	-0.335841	
0.237135	0.174031	0.301132	0.251816	0.262650	0.297663	0.211949	0.315144	0.239426	0.304945	0.313313	0.129888	0.251205	0.307380	0.264875	1.038562	0.348804	0.243489	0.321257	0.276493	0.326212	0.260484	0.266008	0.215456	0.338886	0.309302	0.267042	0.286912	0.271727	0.278431	0.269924	0.279479	0.267403	0.256511	0.295424	0.222123	0.316013	0.302152	0.314503	0.310909	0.296208	0.257392	0.265980	0.293604	0.272050	0.284670	0.319992	0.382011	0.289480	0.239441	0.262805	0.268645	0.274866	0.307036	0.315685	0.330127	0.259061	0.231166	0.269025	0.313781	0.259591	0.245323	0.260306	0.286823	0.283089	0.231150	0.305544	0.170414	0.306417	0.278904	0.275962	0.281108	0.270373	0.274312	0.245653	0.319368	0.266573	0.309611	-0.324281	0.301587	0.236862	0.220835	0.277201	0.247083	0.293252	0.216573	0.258227	0.201635	0.257828	0.302465	-0.286526	-0.257934	-0.309581	-0.314623	-0.309320	-0.362421	-0.366654	-0.258087	-0.255588	0.301640	-0.357817	-0.358185	-0.329965	-0.321388	-0.272155	-0.266000	-0.320963	-0.348895	-0.333093	-0.334169	-0.362617	-0.326008	-0.350645	-0.314606	-0.323897	-0.330279	-0.356770	-0.305801	-0.326740	-0.275300	-0.357900	-0.316386	-0.330475	-0.339666	-0.312080	-0.317240	-0.337851	-0.316346	-0.311247	-0.347463	-0.352531	-0.364301	-0.322927	-0.318813	-0.355019	-0.322789	-0.348177	-0.386315	-0.349656	-0.305433	-0.342160	-0.357407	-0.326346	-0.345185	-0.315773	-0.316448	-0.360056	-0.338480	-0.338306	-0.309734	-0.314592	-0.304100	-0.345979	-0.340028	-0.311183	-0.347681	-0.313783	-0.289182	-0.304366	-0.355560	-0.330920	-0.349816	-0.346257	-0.335332	-0.327491	-0.331571	
0.293344	0.235133	0.337557	0.300789	0.278391	0.306954	0.244626	0.304262	0.210364	0.323380	0.265582	0.220507	0.302247	0.293476	0.373915	0.348804	0.915532	0.265170	0.280569	0.265980	0.320459	0.255347	0.313907	0.244073	0.300984	0.342995	0.265127	0.206905	0.285440	0.309532	0.297695	0.252113	0.268932	0.313605	0.280398	0.266105	0.300139	0.272292	0.342706	0.323077	0.284506	0.319167	0.298607	0.321336	0.329491	0.298553	0.282735	0.358345	0.321058	0.278088	0.258449	0.253707	0.326593	0.289728	0.309959	0.279153	0.270931	0.188106	0.288504	0.304089	0.276816	0.305782	0.334922	0.279999	0.308674	0.312495	0.294722	0.271480	0.352613	0.298316	0.304429	0.246547	0.241825	0.300794	0.272380	0.251372	0.315311	0.282235	-0.342801	0.262307	0.280820	0.263916	0.276970	0.295257	0.303916	0.236054	0.267220	0.253531	0.249858	0.299039	-0.320663	-0.308354	-0.342249	-0.348880	-0.306409	-0.190680	-0.351561	-0.274435	-0.238316	0.272370	-0.385389	-0.331869	-0.339319	-0.343492	-0.310199	-0.277951	-0.334932	-0.349566	-0.308125	-0.328746	-0.327258	-0.346792	-0.353389	-0.328288	-0.334137	-0.342571	-0.350534	-0.216812	-0.343546	-0.343388	-0.360071	-0.328258	-0.360599	-0.329337	-0.342189	-0.328012	-0.366471	-0.278354	-0.346700	-0.358681	-0.354284	-0.367941	-0.380503	-0.358334	-0.367885	-0.336730	-0.337793	-0.402928	-0.359386	-0.312220	-0.358630	-0.330317	-0.336612	-0.352285	-0.340874	-0.313559	-0.369212	-0.353350	-0.342380	-0.327853	-0.347651	-0.324816	-0.359084	-0.353216	-0.367115	-0.350915	-0.328197	-0.314023	-0.313905	-0.355849	-0.340740	-0.346922	-0.340093	-0.326743	-0.334685	-0.344393	
0.305085	0.218622	0.291524	0.319587	0.256069	0.303239	0.257323	0.309176	0.276580	0.351188	0.342148	0.312510	0.328546	0.313543	0.299795	0.243489	0.265170	0.892350	0.285206	0.275365	0.298727	0.334758	0.321789	0.264245	0.284703	0.273324	0.306117	0.234098	0.248964	0.316344	0.281508	0.290817	0.283566	0.259039	0.273171	0.279827	0.251160	0.248457	0.292045	0.276803	0.239064	0.254711	0.286212	0.305174	0.284359	0.283894	0.268005	0.326012	0.288379	0.294739	0.250053	0.272969	0.264965	0.320779	0.323177	0.266297	0.279024	0.256848	0.260594	0.294393	0.294939	0.265469	0.294065	0.291308	0.351279	0.293462	0.300133	0.243665	0.310401	0.306351	0.303322	0.264705	0.265013	0.287149	0.302244	0.243365	0.305201	0.283093	-0.338299	0.274219	0.305834	0.191658	0.242279	0.247392	0.305051	0.248214	0.272728	0.211307	0.194154	0.263949	-0.173806	-0.315058	-0.344659	-0.309281	-0.309190	-0.194087	-0.359233	-0.180991	-0.194744	0.324343	-0.328525	-0.334443	-0.367031	-0.344564	-0.326508	-0.256071	-0.346506	-0.347536	-0.334985	-0.348976	-0.343501	-0.327858	-0.341369	-0.306523	-0.327683	-0.332248	-0.368514	-0.235816	-0.343538	-0.346486	-0.350887	-0.323830	-0.340379	-0.330470	-0.327880	-0.330568	-0.363159	-0.294898	-0.324727	-0.351930	-0.335423	-0.354130	-0.355756	-0.321740	-0.368879	-0.350085	-0.356188	-0.380660	-0.349039	-0.326338	-0.325718	-0.344267	-0.346439	-0.324385	-0.312503	-0.329194	-0.384591	-0.321013	-0.344014	-0.344245	-0.322057	-0.311801	-0.345242	-0.343530	-0.361178	-0.333296	-0.341375	-0.297479	-0.294588	-0.339376	-0.347287	-0.339873	-0.357694	-0.340091	-0.315705	-0.334170	
0.262419	0.383196	0.308837	0.265844	0.221380	0.339778	0.270044	0.285962	0.274698	0.294997	0.305224	0.225486	0.269970	0.200153	0.303113	0.321257	0.280569	0.285206	0.832520	0.274257	0.331237	0.339781	0.333940	0.266658	0.304070	0.367523	0.283773	0.312237	0.298376	0.297934	0.274814	0.294892	0.298749	0.242034	0.254163	0.240996	0.338110	0.305684	0.288220	0.243156	0.288696	0.271815	0.301845	0.307978	0.291388	0.329916	0.276402	0.457162	0.323051	0.276996	0.255612	0.252708	0.288816	0.287460	0.254979	0.298094	0.280711	0.192889	0.241280	0.284426	0.280787	0.284265	0.251036	0.368000	0.276794	0.283202	0.303505	0.211901	0.287033	0.259572	0.286577	0.299293	0.261292	0.258525	0.323963	0.303407	0.284887	0.299101	-0.308442	0.229936	0.288259	0.281827	0.228317	0.313529	0.267349	0.270331	0.239636	0.222892	0.262662	0.266201	-0.303525	-0.287451	-0.336070	-0.327521	-0.331867	-0.224770	-0.366430	-0.258988	-0.187952	0.281711	-0.351452	-0.365023	-0.329476	-0.331085	-0.307848	-0.290924	-0.322351	-0.348727	-0.327763	-0.328532	-0.347657	-0.320800	-0.337198	-0.319487	-0.316921	-0.338487	-0.353115	-0.259756	-0.314308	-0.323881	-0.340236	-0.336800	-0.349666	-0.333313	-0.321302	-0.336210	-0.355125	-0.373684	-0.320529	-0.341111	-0.338036	-0.371703	-0.344649	-0.328511	-0.344235	-0.302720	-0.341138	-0.375738	-0.329822	-0.329772	-0.332361	-0.328281	-0.340867	-0.354899	-0.333099	-0.330353	-0.377218	-0.327903	-0.318417	-0.330392	-0.341442	-0.327611	-0.340551	-0.341109	-0.320869	-0.366895	-0.338926	-0.310637	-0.302682	-0.341301	-0.318190	-0.343753	-0.362326	-0.328213	-0.339475	-0.350614	
0.258119	0.316629	0.311810	0.300620	0.319671	0.303622	0.228313	0.318045	0.249058	0.291878	0.284527	0.302653	0.312086	0.287052	0.329103	0.276493	0.265980	0.275365	0.274257	0.832776	0.279553	0.320241	0.299680	0.258334	0.308120	0.353620	0.327732	0.251664	0.289754	0.347987	0.338863	0.280114	0.288016	0.259078	0.285598	0.306607	0.279051	0.327972	0.278574	0.269881	0.303725	0.262894	0.310568	0.300829	0.249766	0.270207	0.356569	0.331139	0.313010	0.303818	0.280048	0.295602	0.255685	0.302620	0.319100	0.353585	0.288016	0.196361	0.305285	0.294494	0.298166	0.294395	0.285121	0.345208	0.323216	0.246393	0.268500	0.129861	0.292945	0.293302	0.297472	0.238355	0.264225	0.256331	0.307731	0.311221	0.302478	0.266727	-0.340916	0.298323	0.260866	0.217412	0.232964	0.274648	0.268152	0.232556	0.284028	0.229148	0.321504	0.270724	-0.329924	-0.285217	-0.328739	-0.332448	-0.324009	-0.280995	-0.368363	-0.308558	-0.234098	0.284851	-0.395806	-0.339447	-0.354799	-0.323816	-0.314590	-0.305182	-0.352162	-0.339614	-0.339934	-0.334833	-0.321434	-0.310596	-0.315233	-0.320276	-0.351679	-0.343166	-0.358934	-0.194344	-0.339986	-0.338949	-0.321017	-0.348896	-0.330091	-0.338302	-0.344106	-0.346667	-0.356727	-0.255535	-0.340718	-0.343648	-0.337445	-0.359483	-0.349958	-0.333111	-0.362102	-0.338718	-0.368987	-0.410250	-0.333388	-0.317293	-0.321705	-0.329334	-0.331512	-0.332503	-0.334139	-0.345665	-0.363464	-0.319490	-0.351159	-0.343388	-0.356468	-0.301136	-0.359381	-0.340471	-0.346089	-0.338051	-0.313592	-0.340503	-0.301521	-0.347124	-0.321585	-0.355602	-0.338636	-0.355391	-0.342776	-0.360385	
0.285435	0.318554	0.288384	0.256782	0.290293	0.283078	0.166044	0.288129	0.282258	0.256488	0.282568	0.171458	0.277573	0.217084	0.314250	0.326212	0.320459	0.298727	0.331237	0.279553	0.962473	0.243739	0.289669	0.265426	0.330672	0.319822	0.308626	0.272199	0.364547	0.329705	0.265944	0.318024	0.323331	0.298856	0.228479	0.210438	0.289177	0.295820	0.294464	0.260152	0.294077	0.269785	0.294012	0.286406	0.315549	0.335243	0.311724	0.314902	0.326130	0.309614	0.251952	0.282827	0.293428	0.306306	0.280036	0.322465	0.307439	0.231939	0.284654	0.275092	0.299346	0.264695	0.297430	0.332934	0.342993	0.274601	0.317625	0.166162	0.321630	0.275617	0.334337	0.287790	0.266030	0.300866	0.286567	0.324748	0.293864	0.297301	-0.363710	0.280242	0.289227	0.334240	0.196509	0.288073	0.312913	0.272616	0.261503	0.240900	0.260530	0.268193	-0.156572	-0.283708	-0.355105	-0.352443	-0.317526	-0.143876	-0.374046	-0.270484	-0.214272	0.289953	-0.386924	-0.339933	-0.351374	-0.357020	-0.321842	-0.263795	-0.331828	-0.350117	-0.334724	-0.339913	-0.361495	-0.346310	-0.311800	-0.315631	-0.332257	-0.350015	-0.350228	-0.232929	-0.339024	-0.330655	-0.360746	-0.332949	-0.351357	-0.327782	-0.315984	-0.339188	-0.352004	-0.290121	-0.341857	-0.354054	-0.360353	-0.367524	-0.366051	-0.353731	-0.359986	-0.329071	-0.357689	-0.394880	-0.349127	-0.329184	-0.336913	-0.355265	-0.348604	-0.358440	-0.337557	-0.323373	-0.389441	-0.326486	-0.346363	-0.328913	-0.357368	-0.322703	-0.323372	-0.350869	-0.362558	-0.361699	-0.355073	-0.322109	-0.288376	-0.345984	-0.334175	-0.360034	-0.355054	-0.340045	-0.349856	-0.348476	
0.290347	0.257669	0.291743	0.301803	0.260612	0.332461	0.221893	0.301099	0.266840	0.300317	0.300123	0.278065	0.380349	0.268014	0.333340	0.260484	0.255347	0.334758	0.339781	0.320241	0.243739	0.852721	0.306694	0.275930	0.318046	0.288997	0.321181	0.275443	0.303128	0.297269	0.321534	0.288342	0.310742	0.243689	0.244400	0.334400	0.219602	0.292788	0.339592	0.280991	0.349862	0.295895	0.354629	0.304370	0.327455	0.278226	0.314596	0.284852	0.276213	0.288802	0.314828	0.318206	0.283470	0.284452	0.269224	0.258566	0.274329	0.165110	0.307025	0.247174	0.295959	0.313452	0.318470	0.334943	0.300512	0.311659	0.282608	0.206251	0.265615	0.259494	0.316122	0.256786	0.215623	0.261187	0.272116	0.269906	0.258054	0.316626	-0.371359	0.311056	0.271821	0.298364	0.264442	0.272373	0.290644	0.327456	0.290357	0.248337	0.235403	0.283663	-0.136107	-0.255514	-0.349268	-0.326203	-0.331503	-0.136470	-0.356949	-0.178629	-0.212780	0.293289	-0.331262	-0.366698	-0.367685	-0.341454	-0.346038	-0.284785	-0.344701	-0.362822	-0.355184	-0.335643	-0.338777	-0.331149	-0.356530	-0.334822	-0.329303	-0.367475	-0.346389	-0.164907	-0.339502	-0.324129	-0.345817	-0.359088	-0.354652	-0.355128	-0.327889	-0.345004	-0.350918	-0.193882	-0.324906	-0.374523	-0.347724	-0.380966	-0.345821	-0.346881	-0.376943	-0.344432	-0.333925	-0.384264	-0.343528	-0.336066	-0.344739	-0.346568	-0.348006	-0.367971	-0.332865	-0.305488	-0.397114	-0.328327	-0.336457	-0.333232	-0.366214	-0.346265	-0.379313	-0.318679	-0.360882	-0.349328	-0.341015	-0.307576	-0.311051	-0.386355	-0.352474	-0.347831	-0.353825	-0.343549	-0.346287	-0.377966	
0.285396	0.293941	0.280412	0.282415	0.260086	0.319751	0.248065	0.335926	0.302763	0.312664	0.349861	0.279132	0.333759	0.228672	0.320541	0.266008	0.313907	0.321789	0.333940	0.299680	0.289669	0.306694	0.948964	0.245417	0.330873	0.339905	0.319652	0.275696	0.297005	0.323425	0.251813	0.274862	0.361471	0.256758	0.290735	0.244616	0.340046	0.271903	0.335387	0.303427	0.271988	0.301289	0.292581	0.286990	0.291608	0.305092	0.331783	0.447467	0.269533	0.310061	0.300550	0.304633	0.331384	0.309011	0.298755	0.270506	0.300963	0.254140	0.236975	0.295057	0.360660	0.295120	0.280465	0.348412	0.361800	0.295786	0.290431	0.218691	0.313965	0.301073	0.318874	0.316971	0.243063	0.263105	0.331497	0.267740	0.294617	0.282042	-0.340136	0.268074	0.237753	0.228457	0.219194	0.298583	0.321383	0.269363	0.302565	0.232248	0.273937	0.289701	-0.236343	-0.345500	-0.351509	-0.359074	-0.318501	-0.181779	-0.358332	-0.184049	-0.238582	0.317335	-0.394707	-0.358488	-0.374586	-0.350029	-0.341957	-0.298665	-0.332570	-0.368149	-0.348484	-0.355585	-0.371734	-0.356583	-0.366351	-0.333774	-0.351575	-0.353328	-0.353801	-0.243752	-0.359160	-0.343923	-0.363261	-0.365029	-0.370534	-0.365891	-0.332253	-0.354635	-0.363145	-0.261823	-0.333783	-0.367681	-0.376035	-0.365421	-0.351434	-0.380324	-0.361706	-0.350596	-0.365402	-0.377222	-0.359372	-0.320097	-0.343990	-0.345292	-0.370377	-0.376288	-0.336360	-0.340010	-0.396840	-0.356222	-0.341884	-0.364578	-0.365898	-0.353565	-0.334714	-0.347145	-0.367381	-0.347437	-0.338375	-0.326601	-0.317413	-0.352020	-0.368146	-0.360536	-0.362828	-0.358190	-0.360115	-0.367385	
0.199272	0.281760	0.244127	0.257914	0.207165	0.262729	0.230904	0.280173	0.209895	0.259515	0.227459	0.231272	0.255122	0.278589	0.209634	0.215456	0.244073	0.264245	0.266658	0.258334	0.265426	0.275930	0.245417	1.033775	0.239506	0.273693	0.272235	0.275731	0.307579	0.289123	0.235563	0.293237	0.277209	0.270633	0.337991	0.185782	0.205061	0.222372	0.276313	0.181313	0.330177	0.260695	0.277258	0.269742	0.305038	0.297943	0.247033	0.310407	0.280878	0.237465	0.275313	0.241880	0.222700	0.296698	0.286723	0.192287	0.265447	0.235207	0.258622	0.248076	0.222128	0.237835	0.289013	0.245872	0.302396	0.230923	0.265000	0.281674	0.306776	0.234641	0.339232	0.242022	0.217568	0.225383	0.287988	0.262089	0.267066	0.315039	-0.321764	0.241958	0.278053	0.336149	0.338776	0.263019	0.293259	0.304297	0.263256	0.194505	0.186985	0.228331	-0.209589	-0.311796	-0.311081	-0.294017	-0.294507	-0.347461	-0.294388	-0.140342	-0.210141	0.256309	-0.321046	-0.336317	-0.319927	-0.334701	-0.326897	-0.299969	-0.291969	-0.332919	-0.327109	-0.296594	-0.325512	-0.311261	-0.320334	-0.290631	-0.284788	-0.316824	-0.337903	-0.221388	-0.316281	-0.302359	-0.334465	-0.329622	-0.328225	-0.293178	-0.269010	-0.303375	-0.341544	-0.209429	-0.319919	-0.334348	-0.309320	-0.346450	-0.296344	-0.322695	-0.345933	-0.307115	-0.327001	-0.331587	-0.325433	-0.295327	-0.313908	-0.278003	-0.303632	-0.299748	-0.317191	-0.292212	-0.363770	-0.307218	-0.280110	-0.349551	-0.297624	-0.320663	-0.302616	-0.284240	-0.309883	-0.303881	-0.322422	-0.298281	-0.284198	-0.312914	-0.339924	-0.312966	-0.315860	-0.301744	-0.307287	-0.321400	
0.263663	0.254297	0.316345	0.249737	0.256315	0.308789	0.132527	0.265494	0.308583	0.253369	0.275539	0.187276	0.289826	0.295752	0.269483	0.338886	0.300984	0.284703	0.304070	0.308120	0.330672	0.318046	0.330873	0.239506	0.911729	0.281205	0.299396	0.257930	0.292441	0.337533	0.325976	0.256777	0.274579	0.230270	0.247173	0.240989	0.262766	0.242620	0.303489	0.335876	0.294686	0.292958	0.353703	0.334011	0.281033	0.282585	0.312381	0.322074	0.333273	0.279447	0.268237	0.317124	0.292593	0.294985	0.303189	0.232841	0.323930	0.197040	0.303105	0.282121	0.304525	0.261000	0.299132	0.345923	0.360560	0.304467	0.274196	0.216587	0.305835	0.297536	0.287141	0.353299	0.275746	0.253323	0.299738	0.285675	0.270283	0.295710	-0.348561	0.302299	0.314048	0.433445	0.247634	0.297708	0.355384	0.381093	0.285911	0.250774	0.244978	0.271397	-0.247600	-0.279153	-0.332834	-0.344558	-0.327183	-0.260129	-0.356291	-0.293307	-0.213626	0.274289	-0.373864	-0.352039	-0.346771	-0.333769	-0.341562	-0.268335	-0.333872	-0.339793	-0.350730	-0.360207	-0.352096	-0.320175	-0.335927	-0.306907	-0.325793	-0.332706	-0.363562	-0.256040	-0.335769	-0.352035	-0.358947	-0.351051	-0.326329	-0.363598	-0.354982	-0.350813	-0.359296	-0.252876	-0.340905	-0.369383	-0.343652	-0.349621	-0.340868	-0.362385	-0.350193	-0.328808	-0.353184	-0.369004	-0.334896	-0.337964	-0.355174	-0.342209	-0.332128	-0.335422	-0.349543	-0.333867	-0.363307	-0.318194	-0.352740	-0.355992	-0.340659	-0.355248	-0.343627	-0.363609	-0.367448	-0.354894	-0.350904	-0.332538	-0.314477	-0.331724	-0.348167	-0.340509	-0.354343	-0.339665	-0.347401	-0.349586	
