0.000000	0.197740	0.172644	0.157054	0.182809	0.177273	0.177215	0.166208	0.178728	0.179894	0.191379	0.133005	0.190317	0.187500	0.180389	0.186125	0.175146	0.154815	0.181063	0.168483	0.189916	0.166491	0.190875	0.204672	0.198153	0.178511	0.189076	0.196878	0.179574	0.167558	0.180672	0.161809	0.175146	0.184720	0.200913	0.172749	0.179661	0.188306	0.180431	0.186848	0.194751	0.172414	0.188245	0.167421	0.167504	0.172294	0.169089	0.161739	0.167086	0.173824	0.176692	0.193609	0.184764	0.168232	0.186908	0.169075	0.175662	0.201699	0.188341	0.177500	0.176271	0.187069	0.185870	0.171381	0.175901	0.188567	0.173345	0.167089	0.172502	0.170976	0.178727	0.177703	0.185984	0.170358	0.148010	0.165275	0.179616	0.173023	0.169521	0.180979	0.193727	0.206061	0.165501	0.186024	0.197148	0.173745	0.163522	0.170316	0.185629	0.174569	0.372093	0.456294	0.456311	0.479532	0.460080	0.478376	0.457317	0.422269	0.491453	0.495362	0.466307	0.469369	0.468314	0.468144	0.438389	0.472973	0.488432	0.459494	0.465594	0.475843	0.468989	0.470740	0.467532	0.467290	0.466667	0.472293	0.385542	0.475949	0.466270	0.481680	0.455782	0.481810	0.477135	0.485321	0.465823	0.467620	0.426901	0.459297	0.477807	0.482321	0.496357	0.482788	0.486355	0.477331	0.467960	0.465414	0.500707	0.461187	0.458886	0.472448	0.462725	0.487596	0.474606	0.478411	0.468562	0.482203	0.480276	0.459002	0.464128	0.463394	0.468026	0.469589	0.461993	0.458258	0.472650	0.467306	0.471805	0.444444	0.491482	0.478112	0.475000	0.488196	0.471138	0.472620	0.484255	
0.197740	0.000000	0.148718	0.159341	0.193333	0.165746	0.239437	0.177083	0.190789	0.170213	0.151832	0.156250	0.181347	0.171717	0.133333	0.184615	0.138462	0.146067	0.192893	0.205128	0.134715	0.148810	0.182796	0.190184	0.170984	0.174603	0.166667	0.156757	0.181347	0.180328	0.175258	0.159763	0.226804	0.200000	0.154412	0.175676	0.210526	0.189474	0.229050	0.147929	0.183824	0.175258	0.198953	0.167539	0.168367	0.159574	0.160000	0.201754	0.154639	0.159509	0.167630	0.180851	0.164894	0.179894	0.204082	0.202797	0.163842	0.190000	0.208556	0.217617	0.170103	0.173684	0.161458	0.229508	0.157895	0.227513	0.138462	0.250000	0.161458	0.153061	0.189474	0.183673	0.229947	0.201058	0.177305	0.159794	0.164948	0.228261	0.164948	0.145946	0.196532	0.194805	0.141414	0.160221	0.194872	0.166667	0.207865	0.137931	0.206452	0.194969	0.363636	0.484211	0.484211	0.508671	0.481013	0.505556	0.571429	0.417476	0.481481	0.514563	0.518919	0.505435	0.521739	0.491429	0.485714	0.538462	0.537234	0.527132	0.472222	0.505435	0.492228	0.463158	0.523810	0.515789	0.497382	0.458333	0.351351	0.478723	0.510870	0.505435	0.451613	0.521978	0.486631	0.545455	0.489796	0.486911	0.395349	0.468421	0.464865	0.564246	0.497041	0.492147	0.556213	0.528497	0.518135	0.500000	0.615385	0.469512	0.472527	0.483333	0.459893	0.568421	0.497268	0.481481	0.494624	0.497354	0.496732	0.555556	0.508287	0.470588	0.482353	0.462766	0.510417	0.469613	0.518325	0.542553	0.542373	0.506667	0.528796	0.457447	0.523810	0.510638	0.484043	0.492063	0.521053	
0.172644	0.148718	0.000000	0.167516	0.180143	0.175707	0.225191	0.165787	0.175824	0.169208	0.177603	0.172269	0.180069	0.166963	0.165649	0.169574	0.175103	0.168018	0.176230	0.179628	0.171034	0.174439	0.174319	0.192308	0.168508	0.153417	0.179752	0.165242	0.182833	0.159621	0.168733	0.159014	0.161069	0.188889	0.176845	0.169043	0.162921	0.168547	0.169656	0.159584	0.163056	0.174603	0.172269	0.174208	0.174931	0.168218	0.142702	0.176211	0.161268	0.166381	0.178849	0.180534	0.177826	0.173090	0.162181	0.169325	0.151858	0.180212	0.174074	0.177076	0.171864	0.199293	0.177931	0.138696	0.177746	0.175637	0.168588	0.179204	0.178169	0.163811	0.170891	0.170227	0.188148	0.174825	0.150785	0.173077	0.177076	0.171103	0.169133	0.185015	0.159664	0.188329	0.157791	0.159350	0.192946	0.196203	0.178571	0.183183	0.163951	0.166515	0.400000	0.460411	0.479885	0.483769	0.459836	0.485091	0.438725	0.399306	0.482155	0.494590	0.472874	0.481919	0.474093	0.471256	0.428037	0.484116	0.487702	0.463212	0.472182	0.484039	0.488162	0.486297	0.480483	0.472841	0.484094	0.476190	0.393939	0.483380	0.470397	0.480147	0.463636	0.479333	0.481219	0.484552	0.466160	0.476519	0.458763	0.456903	0.480427	0.485821	0.494065	0.488717	0.495231	0.488145	0.475172	0.457865	0.510465	0.468468	0.468841	0.479090	0.479240	0.492652	0.488189	0.474540	0.477401	0.494068	0.484898	0.481373	0.469521	0.475018	0.473208	0.469298	0.473574	0.474311	0.481481	0.486081	0.474498	0.459813	0.491632	0.478903	0.487615	0.479253	0.461915	0.472740	0.490871	
0.157054	0.159341	0.167516	0.000000	0.174757	0.168821	0.188000	0.169856	0.179904	0.166667	0.185660	0.148936	0.172867	0.176360	0.165590	0.175387	0.171243	0.174184	0.176173	0.183273	0.175439	0.171689	0.181967	0.191530	0.185401	0.160412	0.170678	0.182642	0.181818	0.165767	0.180160	0.161552	0.177794	0.179167	0.173620	0.175135	0.175439	0.186528	0.182395	0.196527	0.179211	0.174927	0.170984	0.166933	0.167516	0.179954	0.173410	0.157321	0.171761	0.176951	0.162029	0.193388	0.171994	0.188848	0.186099	0.186107	0.157447	0.193015	0.180960	0.174545	0.171554	0.200000	0.177584	0.170306	0.163234	0.184604	0.183409	0.186047	0.174721	0.174039	0.180704	0.171636	0.189844	0.188930	0.157016	0.181951	0.184325	0.173184	0.167790	0.175325	0.168539	0.217033	0.170833	0.167952	0.183614	0.173333	0.185624	0.197674	0.170075	0.174038	0.448980	0.456790	0.445545	0.470093	0.455497	0.470724	0.439898	0.393053	0.473684	0.477905	0.459207	0.463339	0.465565	0.452285	0.412351	0.466374	0.482476	0.449561	0.466253	0.454976	0.465339	0.466816	0.461654	0.469373	0.458669	0.466667	0.390863	0.467057	0.455870	0.463700	0.443950	0.471582	0.472577	0.470870	0.455344	0.453148	0.435754	0.451301	0.476586	0.454762	0.468185	0.465517	0.468013	0.472284	0.454678	0.451565	0.487593	0.464115	0.453005	0.471417	0.456036	0.474777	0.469248	0.465064	0.456180	0.472674	0.457539	0.467804	0.456857	0.454952	0.450120	0.452289	0.455817	0.459716	0.467456	0.466012	0.475061	0.431841	0.471935	0.466418	0.462462	0.463397	0.459779	0.453285	0.479136	
0.182809	0.193333	0.180143	0.174757	0.000000	0.183486	0.163462	0.176143	0.167553	0.208198	0.205508	0.145251	0.174180	0.202532	0.198188	0.198758	0.202041	0.176211	0.196555	0.185714	0.195496	0.168120	0.177829	0.212320	0.206154	0.181818	0.192426	0.182489	0.214508	0.192097	0.173018	0.205736	0.187564	0.203271	0.227758	0.200573	0.188716	0.200627	0.208241	0.201024	0.191489	0.189106	0.204145	0.185144	0.171254	0.200426	0.162246	0.180467	0.200205	0.200504	0.179606	0.197248	0.191130	0.193075	0.181243	0.205433	0.197400	0.178218	0.196937	0.181633	0.203494	0.189076	0.175745	0.205078	0.200634	0.205666	0.203209	0.174847	0.195833	0.187627	0.195513	0.195072	0.210296	0.204569	0.175305	0.178754	0.198974	0.193258	0.178609	0.177580	0.166853	0.205224	0.190217	0.180268	0.211123	0.219008	0.173481	0.200849	0.188427	0.185235	0.439024	0.490526	0.459547	0.473807	0.454100	0.465591	0.440273	0.365729	0.475444	0.506410	0.471885	0.466814	0.457143	0.478809	0.455840	0.469493	0.493208	0.468606	0.474317	0.487696	0.466181	0.482068	0.466454	0.469792	0.461698	0.491597	0.420000	0.473306	0.475212	0.486339	0.453027	0.465517	0.475840	0.476244	0.476386	0.470226	0.496241	0.453782	0.461951	0.490352	0.491150	0.487234	0.481570	0.480829	0.478439	0.459119	0.517422	0.465479	0.450980	0.485050	0.458071	0.494770	0.481323	0.458159	0.472803	0.477674	0.486284	0.483279	0.469189	0.466387	0.472973	0.465443	0.471134	0.459309	0.486458	0.480171	0.487269	0.453147	0.488518	0.477941	0.480298	0.485067	0.475155	0.476780	0.489562	
0.177273	0.165746	0.175707	0.168821	0.183486	0.000000	0.188235	0.154357	0.189379	0.169231	0.186960	0.130233	0.173547	0.190019	0.175926	0.175602	0.182165	0.169533	0.184848	0.179526	0.188940	0.164929	0.172265	0.186680	0.174579	0.164869	0.166922	0.191270	0.179128	0.171149	0.159265	0.175522	0.172256	0.190603	0.154391	0.187852	0.197248	0.177116	0.173554	0.188878	0.181151	0.171911	0.175097	0.166805	0.175976	0.182035	0.177381	0.165605	0.173813	0.172154	0.170669	0.189474	0.187850	0.181109	0.179528	0.165312	0.172973	0.179884	0.183168	0.176471	0.180769	0.174391	0.170507	0.167421	0.179775	0.183899	0.178543	0.194313	0.189804	0.193622	0.174718	0.189127	0.180693	0.191621	0.161697	0.159786	0.189169	0.191327	0.169146	0.187075	0.168644	0.189802	0.158458	0.170819	0.182448	0.204861	0.190909	0.194878	0.189462	0.164824	0.452830	0.479871	0.484362	0.483156	0.464088	0.487825	0.453826	0.421252	0.488336	0.513089	0.487347	0.487987	0.494676	0.487784	0.438413	0.485780	0.509375	0.485582	0.484211	0.487967	0.484872	0.492561	0.490521	0.482572	0.471858	0.489147	0.415730	0.478830	0.484047	0.484452	0.467239	0.491525	0.490923	0.501681	0.472713	0.491147	0.551724	0.471094	0.486977	0.491301	0.498344	0.493691	0.505737	0.494163	0.485780	0.485156	0.508366	0.476471	0.466667	0.505324	0.483947	0.493789	0.493610	0.476717	0.486188	0.492618	0.501348	0.483265	0.486661	0.477273	0.481948	0.479251	0.486883	0.489185	0.494163	0.489294	0.490078	0.454927	0.494172	0.489780	0.493681	0.486549	0.489114	0.478127	0.508977	
0.177215	0.239437	0.225191	0.188000	0.163462	0.188235	0.000000	0.157895	0.208889	0.208163	0.180077	0.180723	0.194553	0.190476	0.220833	0.203922	0.208494	0.188755	0.213740	0.202290	0.200000	0.186916	0.173913	0.180617	0.227799	0.210938	0.169231	0.174603	0.209486	0.172996	0.202335	0.219731	0.205426	0.179167	0.203822	0.200000	0.179641	0.242188	0.210317	0.218750	0.223958	0.195312	0.260536	0.176955	0.163498	0.203252	0.205263	0.187500	0.190661	0.188034	0.174089	0.236052	0.201613	0.222656	0.217054	0.184971	0.188285	0.210145	0.219008	0.186770	0.173745	0.205534	0.203125	0.185629	0.169960	0.199219	0.188976	0.189189	0.212598	0.212928	0.179283	0.210117	0.236000	0.205323	0.161616	0.203065	0.191406	0.173554	0.186508	0.163090	0.219008	0.233645	0.212766	0.231760	0.180769	0.247312	0.209877	0.190000	0.189320	0.183486	0.500000	0.504132	0.491736	0.526066	0.401961	0.432653	0.378049	0.390244	0.482213	0.564356	0.438298	0.462810	0.460784	0.471861	0.436893	0.478764	0.458824	0.477528	0.462185	0.429185	0.456000	0.487805	0.464730	0.465116	0.439216	0.487903	0.541667	0.480620	0.436681	0.470339	0.450593	0.481013	0.467480	0.455752	0.438462	0.450593	0.511111	0.439516	0.491736	0.474138	0.455696	0.487603	0.438095	0.481781	0.466667	0.418327	0.469388	0.422414	0.479839	0.491525	0.484000	0.487903	0.493776	0.425101	0.469880	0.498008	0.460829	0.478261	0.457143	0.480000	0.465517	0.448133	0.500000	0.434783	0.492000	0.485944	0.476596	0.387978	0.501992	0.442149	0.459016	0.446215	0.489879	0.425781	0.460630	
0.166208	0.177083	0.165787	0.169856	0.176143	0.154357	0.157895	0.000000	0.182540	0.176752	0.179267	0.184549	0.170695	0.159046	0.180913	0.161956	0.174305	0.168821	0.177263	0.173323	0.173847	0.154851	0.168776	0.178287	0.173554	0.153787	0.179274	0.163281	0.179801	0.155751	0.175227	0.157009	0.155756	0.169697	0.176224	0.179800	0.161585	0.170656	0.171593	0.172710	0.165848	0.171580	0.167178	0.165842	0.162142	0.174941	0.157583	0.168770	0.157736	0.171004	0.169506	0.173391	0.174941	0.178241	0.163186	0.178191	0.170175	0.186004	0.170057	0.177711	0.161977	0.177881	0.161876	0.153263	0.179163	0.179348	0.164038	0.154762	0.170920	0.161654	0.171677	0.179003	0.190283	0.183002	0.162712	0.175716	0.166541	0.168193	0.162287	0.175926	0.143693	0.182825	0.163830	0.152962	0.168182	0.164384	0.164773	0.153428	0.150670	0.158465	0.415094	0.457600	0.468824	0.477768	0.460090	0.477528	0.440318	0.406367	0.481567	0.511111	0.479452	0.480130	0.474187	0.467782	0.430584	0.468537	0.484096	0.472191	0.470072	0.484401	0.468199	0.484919	0.475486	0.473201	0.475323	0.485362	0.406250	0.476046	0.460374	0.485093	0.457406	0.475358	0.485226	0.479835	0.460197	0.473764	0.448276	0.465690	0.483137	0.484375	0.492283	0.477484	0.478185	0.481226	0.480667	0.464811	0.505076	0.457921	0.469372	0.481002	0.460883	0.493098	0.475177	0.475932	0.465531	0.485429	0.473731	0.465378	0.473221	0.468315	0.476543	0.470683	0.466718	0.480392	0.473118	0.480408	0.485544	0.451182	0.495406	0.480339	0.474259	0.485953	0.478127	0.472686	0.493034	
0.178728	0.190789	0.175824	0.179904	0.167553	0.189379	0.208889	0.182540	0.000000	0.186834	0.187970	0.142857	0.186068	0.187783	0.191808	0.192059	0.159236	0.155359	0.168182	0.179982	0.188073	0.168950	0.178389	0.183962	0.194876	0.170980	0.190257	0.180019	0.175325	0.173021	0.180238	0.179372	0.168335	0.182851	0.184943	0.180879	0.188153	0.192558	0.183513	0.191011	0.175676	0.182569	0.173309	0.183735	0.168950	0.169068	0.163205	0.192000	0.172761	0.174251	0.163951	0.180061	0.171890	0.180282	0.171509	0.159690	0.171908	0.179601	0.198039	0.173358	0.185083	0.169145	0.166362	0.139746	0.175793	0.179944	0.185934	0.193460	0.172414	0.189954	0.179119	0.164986	0.183154	0.191667	0.150943	0.176902	0.192308	0.177533	0.184529	0.197617	0.187375	0.216981	0.174334	0.181034	0.197067	0.196653	0.191552	0.191601	0.174603	0.180825	0.580645	0.462715	0.464870	0.475480	0.462472	0.476190	0.456311	0.410870	0.468721	0.501057	0.462292	0.464039	0.456140	0.472617	0.421320	0.471889	0.475164	0.455571	0.463107	0.478649	0.480627	0.461538	0.470199	0.458178	0.465867	0.482791	0.415584	0.474654	0.462121	0.481262	0.462617	0.478049	0.474528	0.480769	0.458142	0.459335	0.452830	0.449018	0.467557	0.483483	0.497512	0.471698	0.489177	0.494393	0.476103	0.454715	0.495268	0.460460	0.451362	0.479208	0.459434	0.483146	0.477842	0.476504	0.463415	0.476279	0.486900	0.468566	0.457808	0.461900	0.469636	0.467181	0.462107	0.465415	0.468284	0.481025	0.483938	0.448655	0.490251	0.472248	0.483810	0.480627	0.459888	0.465138	0.476101	
0.179894	0.170213	0.169208	0.166667	0.208198	0.169231	0.208163	0.176752	0.186834	0.000000	0.191088	0.168776	0.182413	0.148897	0.175481	0.181149	0.183599	0.166406	0.175451	0.183540	0.183480	0.183710	0.179508	0.210475	0.188141	0.164697	0.172263	0.189251	0.175037	0.164225	0.175182	0.183673	0.169935	0.180672	0.195251	0.162420	0.213967	0.179717	0.173365	0.184162	0.190419	0.165693	0.182222	0.166798	0.166788	0.170455	0.180046	0.172414	0.174580	0.152740	0.174380	0.181594	0.176201	0.182963	0.175504	0.180052	0.169492	0.159710	0.172656	0.166424	0.172641	0.183582	0.180424	0.170306	0.165909	0.195377	0.181749	0.186761	0.184880	0.160377	0.175976	0.181752	0.197017	0.191111	0.149336	0.182083	0.173217	0.177563	0.177130	0.184615	0.176187	0.196809	0.197917	0.170523	0.190756	0.210169	0.178179	0.195584	0.182397	0.162991	0.321429	0.448598	0.469778	0.484362	0.448908	0.479600	0.429708	0.424861	0.487407	0.489465	0.473970	0.480814	0.477231	0.477035	0.438878	0.474415	0.479851	0.464088	0.468896	0.492880	0.480798	0.477612	0.473208	0.474151	0.477273	0.473254	0.384615	0.482759	0.469931	0.482171	0.467311	0.471858	0.488355	0.490024	0.468864	0.479502	0.454054	0.463487	0.480813	0.490880	0.500394	0.486142	0.489848	0.475979	0.477656	0.467910	0.523039	0.464968	0.463433	0.489445	0.471642	0.483296	0.484802	0.475940	0.475262	0.486327	0.494755	0.477890	0.466974	0.480209	0.475080	0.471451	0.466765	0.477399	0.474036	0.484115	0.488506	0.446553	0.507772	0.475336	0.481203	0.484604	0.460682	0.467057	0.491815	
0.191379	0.151832	0.177603	0.185660	0.205508	0.186960	0.180077	0.179267	0.187970	0.191088	0.000000	0.196653	0.186695	0.165746	0.175824	0.185694	0.188210	0.167435	0.199575	0.186876	0.178495	0.169492	0.183853	0.189623	0.167502	0.179450	0.185582	0.189388	0.187817	0.172125	0.178571	0.177817	0.181237	0.193416	0.174373	0.171218	0.168345	0.181885	0.182946	0.166068	0.176400	0.169649	0.189268	0.173406	0.187277	0.179449	0.166292	0.161094	0.176807	0.186842	0.180354	0.183806	0.180938	0.194767	0.176471	0.174300	0.181590	0.156080	0.184473	0.175551	0.182796	0.197214	0.190000	0.154728	0.169151	0.177941	0.173621	0.190157	0.189920	0.164890	0.184823	0.173104	0.197086	0.181028	0.160870	0.178317	0.170592	0.189507	0.165326	0.160317	0.185127	0.202703	0.169734	0.172819	0.176344	0.199357	0.177469	0.202073	0.176346	0.183521	0.460000	0.462236	0.495905	0.497939	0.470940	0.490166	0.433333	0.396022	0.492017	0.515055	0.482075	0.496172	0.487849	0.481191	0.454545	0.480659	0.491241	0.492505	0.489718	0.499226	0.485220	0.492711	0.486009	0.488069	0.487455	0.497455	0.387755	0.494253	0.488215	0.499238	0.471356	0.500375	0.490455	0.485536	0.472779	0.491039	0.475410	0.478924	0.488544	0.505809	0.511556	0.495231	0.508671	0.500362	0.489635	0.474799	0.529769	0.491433	0.477736	0.496562	0.482456	0.496732	0.492947	0.483847	0.486467	0.504707	0.492373	0.488636	0.490211	0.487609	0.484754	0.485606	0.484127	0.481453	0.492754	0.495562	0.490385	0.465116	0.510484	0.487198	0.497054	0.505384	0.491317	0.488905	0.498909	
0.133005	0.156250	0.172269	0.148936	0.145251	0.130233	0.180723	0.184549	0.142857	0.168776	0.196653	0.000000	0.173729	0.207692	0.216814	0.189076	0.166667	0.158798	0.157025	0.154167	0.203390	0.157895	0.178261	0.235294	0.182573	0.173729	0.159664	0.203463	0.156118	0.149321	0.165957	0.187500	0.178423	0.165179	0.185430	0.268041	0.192053	0.202532	0.184211	0.188406	0.184358	0.167364	0.178423	0.162996	0.176471	0.156780	0.179191	0.137681	0.198312	0.181395	0.238318	0.200000	0.171674	0.191667	0.168067	0.156863	0.143541	0.236641	0.203463	0.191489	0.178423	0.172414	0.168776	0.193103	0.160870	0.163866	0.158996	0.218182	0.164557	0.141079	0.196581	0.190871	0.228814	0.193277	0.137363	0.168067	0.155462	0.162996	0.136929	0.173516	0.166667	0.117021	0.192982	0.185520	0.230126	0.178082	0.121076	0.212435	0.127778	0.146226	0.571429	0.440367	0.462882	0.476190	0.460784	0.413636	0.396226	0.375000	0.475983	0.487179	0.431111	0.500000	0.507853	0.471154	0.365591	0.508547	0.495495	0.493421	0.461538	0.472477	0.444915	0.517094	0.471616	0.493506	0.459227	0.468468	0.361111	0.435685	0.440758	0.445415	0.432203	0.438053	0.448276	0.488263	0.449153	0.446352	0.465116	0.407080	0.491150	0.444976	0.485981	0.463519	0.444976	0.495614	0.425000	0.401709	0.503597	0.464115	0.410959	0.440909	0.449782	0.493562	0.495495	0.455357	0.475771	0.495690	0.492308	0.497738	0.460870	0.452174	0.457547	0.453271	0.443966	0.419811	0.461538	0.459821	0.466019	0.461957	0.467249	0.468468	0.471861	0.454936	0.480519	0.466667	0.475771	
0.190317	0.181347	0.180069	0.172867	0.174180	0.173547	0.194553	0.170695	0.186068	0.182413	0.186695	0.173729	0.000000	0.172043	0.174046	0.179469	0.177960	0.186992	0.178401	0.178252	0.172080	0.170711	0.170960	0.196886	0.174394	0.166899	0.198204	0.173324	0.179397	0.169715	0.181254	0.196095	0.173077	0.191422	0.188776	0.189024	0.174157	0.183099	0.175019	0.199304	0.200456	0.181755	0.178246	0.163774	0.171370	0.187679	0.167031	0.178730	0.179876	0.176219	0.165501	0.171630	0.183261	0.186226	0.186657	0.188957	0.190323	0.154930	0.187269	0.169759	0.177978	0.193069	0.171153	0.167131	0.174511	0.180467	0.184571	0.181416	0.187853	0.190247	0.186957	0.185389	0.206385	0.194542	0.162619	0.183631	0.182256	0.174410	0.173023	0.191278	0.165644	0.204724	0.186508	0.167480	0.194733	0.200000	0.181614	0.181181	0.165984	0.168335	0.473684	0.480882	0.487032	0.496032	0.474422	0.488338	0.434568	0.415652	0.494398	0.533951	0.480882	0.494822	0.500868	0.491268	0.445489	0.489627	0.506695	0.473520	0.491947	0.497390	0.501047	0.496833	0.489694	0.487448	0.487535	0.496494	0.435000	0.494795	0.491484	0.493745	0.474790	0.490196	0.506392	0.499246	0.480663	0.488243	0.476684	0.479972	0.496074	0.497010	0.507418	0.495757	0.503987	0.498952	0.491010	0.474684	0.521637	0.481203	0.485818	0.495947	0.489422	0.497195	0.509691	0.488290	0.484419	0.499650	0.500409	0.487179	0.478955	0.488372	0.484481	0.487198	0.482230	0.495522	0.491253	0.501071	0.500387	0.470974	0.516422	0.491537	0.493617	0.499307	0.484615	0.487552	0.506685	
0.187500	0.171717	0.166963	0.176360	0.202532	0.190019	0.190476	0.159046	0.187783	0.148897	0.165746	0.207692	0.172043	0.000000	0.189655	0.169982	0.157801	0.159774	0.176367	0.180851	0.174688	0.169528	0.164729	0.195349	0.165171	0.179348	0.150268	0.170370	0.175627	0.167286	0.177305	0.179704	0.164021	0.170124	0.153153	0.161520	0.145763	0.158759	0.178030	0.170213	0.153846	0.156863	0.166058	0.166352	0.172906	0.190128	0.150134	0.199275	0.158363	0.150943	0.194389	0.178782	0.182331	0.166667	0.168831	0.189560	0.167364	0.198502	0.173507	0.175532	0.171429	0.155109	0.186833	0.177632	0.164234	0.185252	0.146789	0.172897	0.146429	0.175747	0.156827	0.186833	0.171154	0.186257	0.134804	0.159011	0.176157	0.170498	0.169399	0.173832	0.164436	0.244792	0.138776	0.184584	0.179211	0.167883	0.186567	0.174419	0.175439	0.152993	0.290323	0.435374	0.477273	0.453027	0.463617	0.466038	0.368098	0.354260	0.486339	0.493976	0.464491	0.484791	0.447964	0.465887	0.402913	0.483245	0.474545	0.444744	0.476562	0.463740	0.477639	0.459707	0.449541	0.464991	0.461400	0.482944	0.298851	0.472469	0.479744	0.477099	0.433515	0.470588	0.468750	0.466019	0.452128	0.473968	0.395604	0.451197	0.463235	0.476562	0.480469	0.476980	0.470954	0.468007	0.473968	0.452080	0.481818	0.474510	0.446768	0.460803	0.458867	0.482569	0.472795	0.466790	0.462825	0.472826	0.486373	0.472897	0.486188	0.443015	0.442718	0.459924	0.465827	0.468330	0.440647	0.511278	0.469758	0.464891	0.484574	0.465930	0.470260	0.463327	0.448833	0.441071	0.484629	
0.180389	0.133333	0.165649	0.165590	0.198188	0.175926	0.220833	0.180913	0.191808	0.175481	0.175824	0.216814	0.174046	0.189655	0.000000	0.181607	0.177139	0.197712	0.185606	0.176964	0.176741	0.168539	0.161125	0.186869	0.179389	0.163313	0.165775	0.185918	0.182099	0.171938	0.177863	0.183521	0.180714	0.189929	0.213092	0.183146	0.184012	0.161341	0.168325	0.185328	0.185644	0.175210	0.156589	0.179850	0.170099	0.177919	0.186380	0.170654	0.173018	0.173630	0.171795	0.168257	0.177689	0.190846	0.193599	0.179348	0.174067	0.166023	0.176085	0.169711	0.179310	0.174863	0.172125	0.155725	0.178656	0.191824	0.176659	0.179856	0.189400	0.176158	0.179057	0.192220	0.187551	0.185902	0.155153	0.175933	0.170992	0.176223	0.172494	0.195246	0.177460	0.196721	0.144086	0.173214	0.189458	0.200717	0.172328	0.183206	0.185430	0.178465	0.510204	0.465600	0.492013	0.504417	0.480839	0.502408	0.462185	0.435798	0.508894	0.525862	0.490212	0.504902	0.494747	0.478481	0.453782	0.500382	0.510062	0.481143	0.495928	0.513670	0.491120	0.503513	0.498036	0.503475	0.496166	0.508159	0.412088	0.501534	0.499553	0.507705	0.489922	0.496391	0.499607	0.502488	0.485429	0.498852	0.434286	0.482919	0.494878	0.494234	0.511513	0.498433	0.527241	0.501936	0.505352	0.483997	0.533920	0.494992	0.487942	0.489431	0.490242	0.512025	0.502793	0.493323	0.490227	0.512384	0.493200	0.491948	0.500404	0.487900	0.493745	0.496391	0.495378	0.502890	0.491486	0.513449	0.508197	0.468685	0.520062	0.505846	0.496476	0.509564	0.491499	0.490436	0.505828	
0.186125	0.184615	0.169574	0.175387	0.198758	0.175602	0.203922	0.161956	0.192059	0.181149	0.185694	0.189076	0.179469	0.169982	0.181607	0.000000	0.162387	0.181818	0.177855	0.177003	0.173427	0.172624	0.176101	0.190212	0.181500	0.159717	0.171788	0.184838	0.178470	0.153160	0.182263	0.183447	0.169327	0.184019	0.173745	0.170782	0.174648	0.178317	0.176426	0.197010	0.170901	0.177498	0.175141	0.170732	0.183844	0.173945	0.169978	0.159159	0.175402	0.177546	0.173228	0.177866	0.193290	0.182077	0.188666	0.168317	0.173203	0.185841	0.193985	0.184851	0.174614	0.185663	0.174459	0.174964	0.176298	0.195262	0.185537	0.184444	0.182143	0.173037	0.184288	0.188285	0.193694	0.180595	0.172524	0.171429	0.168061	0.169492	0.180645	0.188620	0.179487	0.225131	0.173387	0.188989	0.185704	0.213592	0.176737	0.200403	0.175311	0.182401	0.425926	0.469809	0.488694	0.493590	0.478297	0.493736	0.441919	0.417989	0.497875	0.503900	0.488095	0.494021	0.485463	0.489671	0.436911	0.490196	0.506067	0.473354	0.491828	0.498870	0.489061	0.486814	0.479107	0.486239	0.481430	0.489709	0.482759	0.498597	0.476543	0.486627	0.467753	0.488595	0.490674	0.501904	0.475524	0.488796	0.549223	0.465480	0.496398	0.498863	0.503386	0.492132	0.489550	0.487288	0.492652	0.485755	0.530733	0.479817	0.477623	0.499253	0.480399	0.495035	0.494569	0.489240	0.483894	0.492938	0.490909	0.476296	0.487142	0.483250	0.481226	0.486686	0.484485	0.486017	0.495042	0.491673	0.492188	0.456872	0.507062	0.487143	0.492806	0.489481	0.478045	0.467087	0.500356	
0.175146	0.138462	0.175103	0.171243	0.202041	0.182165	0.208494	0.174305	0.159236	0.183599	0.188210	0.166667	0.177960	0.157801	0.177139	0.162387	0.000000	0.177336	0.188859	0.180260	0.177885	0.167238	0.173241	0.209429	0.180317	0.175694	0.173525	0.179433	0.166782	0.172615	0.157534	0.165961	0.180328	0.181458	0.201777	0.165824	0.175732	0.185574	0.173005	0.177739	0.182955	0.169643	0.165157	0.164794	0.180014	0.185132	0.160521	0.163476	0.178204	0.172913	0.175290	0.171340	0.170609	0.177622	0.167137	0.189422	0.170418	0.192644	0.171091	0.182935	0.183448	0.183932	0.174658	0.182825	0.182340	0.184062	0.192832	0.178022	0.163980	0.174625	0.175072	0.182317	0.175646	0.181502	0.150884	0.176913	0.168378	0.178653	0.180604	0.193277	0.177321	0.220779	0.211577	0.175000	0.186639	0.174603	0.176558	0.202985	0.170732	0.166817	0.491228	0.467344	0.474625	0.485827	0.466122	0.491317	0.428922	0.411765	0.493733	0.502304	0.474106	0.479090	0.482343	0.481175	0.437616	0.485223	0.492997	0.465499	0.477786	0.482988	0.481661	0.486713	0.479152	0.486486	0.470062	0.488502	0.404878	0.491047	0.483037	0.482809	0.467641	0.489193	0.492243	0.490269	0.470467	0.486245	0.437500	0.473831	0.484763	0.489235	0.505535	0.491573	0.492902	0.483692	0.483516	0.471329	0.515046	0.472036	0.472202	0.490124	0.474126	0.497911	0.495726	0.481013	0.480309	0.489938	0.484578	0.484012	0.482310	0.472028	0.475619	0.473493	0.474084	0.487769	0.483669	0.487580	0.484663	0.461896	0.499653	0.484594	0.484144	0.495873	0.478442	0.473214	0.490223	
0.154815	0.146067	0.168018	0.174184	0.176211	0.169533	0.188755	0.168821	0.155359	0.166406	0.167435	0.158798	0.186992	0.159774	0.197712	0.181818	0.177336	0.000000	0.176946	0.173945	0.163825	0.165899	0.175743	0.189084	0.176689	0.158527	0.177910	0.177778	0.162406	0.165754	0.162102	0.166667	0.172083	0.178876	0.179348	0.160870	0.179792	0.180303	0.188452	0.203169	0.173861	0.163690	0.179429	0.158023	0.176775	0.166539	0.174769	0.173709	0.171725	0.170754	0.145121	0.182128	0.178433	0.171687	0.154198	0.167320	0.164348	0.180479	0.182325	0.176906	0.171365	0.178300	0.174203	0.174436	0.169112	0.169954	0.172868	0.174528	0.153495	0.162122	0.162120	0.186064	0.188394	0.169797	0.152580	0.165558	0.178123	0.172809	0.162755	0.173913	0.171709	0.200000	0.192308	0.177182	0.183643	0.183946	0.172662	0.186567	0.188390	0.179884	0.363636	0.451104	0.465477	0.481481	0.464413	0.488245	0.433243	0.372849	0.476981	0.481605	0.466719	0.476038	0.464920	0.458882	0.434694	0.473606	0.485216	0.469342	0.468404	0.469976	0.472932	0.476082	0.465596	0.472577	0.467562	0.482602	0.372973	0.474273	0.472615	0.478985	0.453997	0.476228	0.479817	0.470493	0.456101	0.465428	0.406593	0.463341	0.470498	0.473258	0.491593	0.474085	0.486741	0.482318	0.467359	0.464799	0.509387	0.468222	0.452978	0.475774	0.460837	0.480755	0.481825	0.478626	0.474046	0.483822	0.482033	0.462569	0.468019	0.452345	0.455285	0.462934	0.462866	0.469928	0.480755	0.472713	0.473596	0.446680	0.488337	0.474203	0.471756	0.481730	0.465414	0.466865	0.480273	
0.181063	0.192893	0.176230	0.176173	0.196555	0.184848	0.213740	0.177263	0.168182	0.175451	0.199575	0.157025	0.178401	0.176367	0.185606	0.177855	0.188859	0.176946	0.000000	0.179033	0.158795	0.171380	0.176561	0.198190	0.179575	0.173582	0.172249	0.186261	0.167822	0.174764	0.172932	0.182814	0.162585	0.183110	0.190898	0.195171	0.181058	0.178197	0.181009	0.200689	0.178005	0.178767	0.177778	0.182972	0.167235	0.167618	0.156587	0.163235	0.164956	0.186599	0.186584	0.172868	0.193295	0.173064	0.191848	0.169512	0.185245	0.179130	0.183358	0.172907	0.188058	0.185965	0.164271	0.167590	0.175840	0.192416	0.167977	0.196937	0.173427	0.173913	0.165591	0.176230	0.189249	0.194175	0.156250	0.184605	0.179277	0.182642	0.184432	0.185693	0.172100	0.231771	0.172277	0.177939	0.205357	0.222571	0.169630	0.195025	0.168024	0.177958	0.423729	0.453623	0.471092	0.473684	0.466122	0.488809	0.457627	0.399312	0.473282	0.484756	0.469432	0.472527	0.463519	0.468421	0.415584	0.469500	0.486392	0.456967	0.461538	0.480443	0.480995	0.472106	0.462297	0.467173	0.464653	0.481584	0.427184	0.483849	0.464200	0.483589	0.467361	0.471562	0.478903	0.479073	0.468129	0.469822	0.466667	0.453343	0.474576	0.476649	0.498896	0.466713	0.493701	0.481328	0.482192	0.465457	0.493056	0.467658	0.468300	0.474799	0.463687	0.484722	0.470881	0.471167	0.467742	0.484786	0.476499	0.473532	0.464029	0.463687	0.467416	0.471356	0.476881	0.468588	0.468468	0.482295	0.475096	0.450835	0.500346	0.473795	0.475387	0.478052	0.467406	0.465387	0.495470	
0.168483	0.205128	0.179628	0.183273	0.185714	0.179526	0.202290	0.173323	0.179982	0.183540	0.186876	0.154167	0.178252	0.180851	0.176964	0.177003	0.180260	0.173945	0.179033	0.000000	0.176430	0.160345	0.174048	0.197080	0.185517	0.165272	0.172746	0.188478	0.169231	0.162281	0.181943	0.172472	0.159122	0.195064	0.184713	0.202030	0.194678	0.178747	0.183109	0.184188	0.185649	0.176997	0.186713	0.170805	0.175378	0.174444	0.169935	0.187592	0.174483	0.168376	0.179627	0.176471	0.189792	0.185393	0.179759	0.153563	0.174475	0.168421	0.170623	0.194921	0.174153	0.174805	0.177686	0.176718	0.175793	0.182720	0.173506	0.184615	0.172535	0.164843	0.172214	0.187887	0.179392	0.185056	0.144806	0.174570	0.176511	0.173252	0.171975	0.185100	0.174179	0.217277	0.170974	0.172330	0.198479	0.161392	0.154993	0.186747	0.179671	0.174111	0.440678	0.481752	0.490647	0.495246	0.482759	0.506919	0.434466	0.401739	0.497902	0.512308	0.487161	0.494092	0.487889	0.482576	0.468284	0.489641	0.505626	0.484070	0.490469	0.504833	0.493380	0.501404	0.486506	0.493036	0.484094	0.505256	0.463415	0.497230	0.486201	0.501102	0.480783	0.491661	0.493267	0.492841	0.487906	0.488935	0.479592	0.477528	0.492888	0.507463	0.513714	0.497881	0.513449	0.501745	0.496204	0.483122	0.533101	0.483146	0.478577	0.490816	0.477465	0.508048	0.502865	0.485836	0.487994	0.505932	0.488183	0.496713	0.500363	0.489092	0.485283	0.496708	0.496173	0.489203	0.486392	0.492143	0.493818	0.459813	0.507671	0.501759	0.493976	0.490657	0.483939	0.480304	0.521770	
0.189916	0.134715	0.171034	0.175439	0.195496	0.188940	0.200000	0.173847	0.188073	0.183480	0.178495	0.203390	0.172080	0.174688	0.176741	0.173427	0.177885	0.163825	0.158795	0.176430	0.000000	0.172593	0.186770	0.179159	0.164014	0.180420	0.160443	0.168218	0.164566	0.162399	0.171606	0.158839	0.177564	0.187700	0.176093	0.185148	0.190210	0.167373	0.173423	0.196522	0.181401	0.171171	0.178697	0.164528	0.180124	0.170029	0.174672	0.170877	0.182573	0.177988	0.169782	0.172305	0.185426	0.182075	0.172831	0.166461	0.166126	0.164311	0.187546	0.177808	0.175451	0.181432	0.170934	0.172511	0.173160	0.184080	0.179061	0.198218	0.170438	0.170564	0.166062	0.179558	0.187919	0.186667	0.171941	0.178375	0.177686	0.176964	0.177431	0.182589	0.177147	0.180157	0.160000	0.178250	0.181881	0.176282	0.182296	0.174924	0.157570	0.185219	0.396552	0.458272	0.485570	0.498807	0.466997	0.490856	0.425743	0.403509	0.483871	0.514729	0.477172	0.481481	0.480035	0.476046	0.420455	0.485100	0.498236	0.467909	0.472059	0.483967	0.483916	0.487650	0.477548	0.483240	0.473611	0.488045	0.411765	0.480529	0.475958	0.480443	0.470877	0.488355	0.481508	0.488654	0.476091	0.479528	0.443299	0.468640	0.486776	0.487256	0.504083	0.490432	0.494014	0.490553	0.489612	0.473164	0.518086	0.466466	0.463219	0.486706	0.483051	0.488405	0.491379	0.484719	0.475921	0.494043	0.485691	0.477273	0.478134	0.470671	0.469295	0.484249	0.471369	0.485052	0.483509	0.493544	0.488751	0.454120	0.492997	0.483027	0.488604	0.491678	0.473684	0.477809	0.494358	
0.166491	0.148810	0.174439	0.171689	0.168120	0.164929	0.186916	0.154851	0.168950	0.183710	0.169492	0.157895	0.170711	0.169528	0.168539	0.172624	0.167238	0.165899	0.171380	0.160345	0.172593	0.000000	0.168593	0.180365	0.168685	0.174520	0.170837	0.161319	0.164336	0.173713	0.158304	0.178836	0.155498	0.191191	0.183121	0.181818	0.174658	0.179170	0.169492	0.175027	0.174033	0.172145	0.151275	0.164486	0.163920	0.168620	0.157754	0.180328	0.173461	0.169872	0.160077	0.167327	0.174977	0.178131	0.190813	0.179676	0.172345	0.182390	0.174559	0.169111	0.160312	0.174844	0.161179	0.167504	0.171454	0.177620	0.171608	0.172775	0.168149	0.173689	0.167877	0.171429	0.193548	0.173684	0.159292	0.184867	0.165225	0.166508	0.160777	0.169557	0.162571	0.213836	0.140187	0.165834	0.183001	0.164835	0.157156	0.184371	0.159091	0.174157	0.355556	0.444023	0.461818	0.484391	0.476240	0.484461	0.423631	0.399558	0.487698	0.497132	0.483395	0.490689	0.477248	0.462572	0.453089	0.476522	0.506643	0.459948	0.478500	0.492034	0.478109	0.484071	0.483408	0.486014	0.481739	0.483216	0.365714	0.483029	0.482546	0.494444	0.465259	0.488991	0.491119	0.476460	0.467476	0.477391	0.456376	0.473498	0.481680	0.489161	0.488785	0.487088	0.485972	0.482880	0.481321	0.462423	0.501437	0.482075	0.475320	0.471402	0.462014	0.502203	0.494139	0.476402	0.477293	0.487698	0.483837	0.482664	0.477190	0.469333	0.471145	0.468864	0.478070	0.482564	0.487225	0.477171	0.486880	0.452381	0.503073	0.491585	0.484472	0.479618	0.482819	0.466609	0.492458	
0.190875	0.182796	0.174319	0.181967	0.177829	0.172265	0.173913	0.168776	0.178389	0.179508	0.183853	0.178261	0.170960	0.164729	0.161125	0.176101	0.173241	0.175743	0.176561	0.174048	0.186770	0.168593	0.000000	0.192149	0.180264	0.172196	0.176881	0.172609	0.170347	0.172158	0.167055	0.176030	0.174048	0.188057	0.181429	0.176538	0.184087	0.177831	0.171836	0.190522	0.194301	0.177708	0.180095	0.164280	0.167957	0.174757	0.162990	0.153971	0.166797	0.163188	0.168842	0.181979	0.182857	0.177125	0.184000	0.194332	0.181081	0.179732	0.178037	0.176242	0.168882	0.187749	0.180545	0.165094	0.165590	0.187400	0.174859	0.184211	0.170111	0.181748	0.179675	0.179128	0.182805	0.181602	0.157710	0.174048	0.167963	0.173617	0.161624	0.195858	0.169991	0.224432	0.165563	0.169217	0.178072	0.216028	0.182200	0.197585	0.168578	0.165165	0.480769	0.485197	0.493084	0.502242	0.464618	0.497115	0.433243	0.419162	0.485329	0.522260	0.487137	0.497492	0.483301	0.490146	0.457701	0.501173	0.506349	0.487574	0.494615	0.498730	0.490551	0.498405	0.478715	0.505106	0.486317	0.496825	0.415789	0.491778	0.498612	0.500832	0.477057	0.498353	0.490793	0.495734	0.475448	0.491009	0.482759	0.478123	0.491525	0.499154	0.510084	0.497998	0.505840	0.500394	0.493002	0.481659	0.520997	0.485618	0.477759	0.486711	0.480447	0.503165	0.501621	0.487159	0.478018	0.501577	0.505088	0.495473	0.481542	0.480861	0.483290	0.484723	0.484634	0.491540	0.482622	0.500000	0.489903	0.466030	0.503949	0.501195	0.503221	0.495312	0.477129	0.480156	0.511111	
0.204672	0.190184	0.192308	0.191530	0.212320	0.186680	0.180617	0.178287	0.183962	0.210475	0.189623	0.235294	0.196886	0.195349	0.186869	0.190212	0.209429	0.189084	0.198190	0.197080	0.179159	0.180365	0.192149	0.000000	0.183993	0.194085	0.188472	0.191107	0.189944	0.186589	0.203653	0.186020	0.184475	0.201251	0.203252	0.197674	0.197158	0.198706	0.181188	0.203600	0.173977	0.181651	0.183673	0.173000	0.200000	0.188805	0.187773	0.183071	0.175934	0.188764	0.179409	0.198980	0.211227	0.179535	0.188662	0.204545	0.173362	0.167033	0.196289	0.205855	0.184066	0.196613	0.194876	0.172906	0.190796	0.212207	0.201161	0.169916	0.191370	0.186533	0.177990	0.182315	0.199419	0.195392	0.190736	0.191431	0.192132	0.182271	0.191729	0.214141	0.193483	0.216981	0.179426	0.194565	0.185151	0.205426	0.188119	0.198198	0.207572	0.212560	0.333333	0.461538	0.461612	0.489518	0.442997	0.462218	0.408100	0.405286	0.470643	0.501040	0.458210	0.459883	0.473081	0.448241	0.423256	0.464154	0.476909	0.456044	0.463628	0.475622	0.465181	0.467290	0.463138	0.463324	0.451524	0.459662	0.382716	0.478341	0.451647	0.471921	0.460243	0.464460	0.467174	0.462869	0.444751	0.470101	0.442424	0.453947	0.474834	0.458291	0.481444	0.463645	0.476857	0.471733	0.458640	0.446312	0.472930	0.452547	0.447217	0.464143	0.462980	0.461467	0.463158	0.463138	0.472248	0.470260	0.457516	0.440276	0.458733	0.456420	0.461229	0.454810	0.461111	0.460080	0.466605	0.475238	0.466667	0.437577	0.477124	0.452403	0.465468	0.473247	0.456744	0.458487	0.474178	
0.198153	0.170984	0.168508	0.185401	0.206154	0.174579	0.227799	0.173554	0.194876	0.188141	0.167502	0.182573	0.174394	0.165171	0.179389	0.181500	0.180317	0.176689	0.179575	0.185517	0.164014	0.168685	0.180264	0.183993	0.000000	0.178697	0.182007	0.176092	0.171108	0.173881	0.161938	0.176219	0.175258	0.188198	0.188144	0.186165	0.188732	0.175141	0.189331	0.181027	0.198178	0.174274	0.180731	0.166918	0.184392	0.185159	0.176149	0.182222	0.186851	0.181740	0.186427	0.180031	0.186197	0.182523	0.172831	0.175309	0.168558	0.173684	0.175465	0.179876	0.179167	0.197023	0.189058	0.177871	0.175235	0.205128	0.187004	0.177778	0.185290	0.160358	0.174419	0.186722	0.188384	0.187237	0.182390	0.177808	0.175052	0.188982	0.185684	0.186728	0.187786	0.192612	0.167665	0.180195	0.185031	0.169872	0.171043	0.175580	0.167355	0.173042	0.372881	0.465593	0.467824	0.487649	0.471511	0.489019	0.451220	0.398964	0.479635	0.503864	0.471753	0.477391	0.471354	0.473724	0.432075	0.482663	0.493993	0.451713	0.468819	0.486931	0.480056	0.480932	0.469373	0.471659	0.471161	0.481013	0.427184	0.474635	0.471020	0.484871	0.466013	0.478863	0.480797	0.485650	0.471201	0.479167	0.458763	0.463707	0.479628	0.487988	0.491437	0.482612	0.490024	0.482831	0.478170	0.465067	0.516880	0.471741	0.474490	0.487047	0.474540	0.490884	0.480548	0.480085	0.468417	0.482468	0.481967	0.478708	0.479942	0.471378	0.476876	0.477590	0.472067	0.485415	0.477895	0.470588	0.484472	0.447269	0.495798	0.477369	0.480399	0.493056	0.473684	0.472626	0.490832	
0.178511	0.174603	0.153417	0.160412	0.181818	0.164869	0.210938	0.153787	0.170980	0.164697	0.179450	0.173729	0.166899	0.179348	0.163313	0.159717	0.175694	0.158527	0.173582	0.165272	0.180420	0.174520	0.172196	0.194085	0.178697	0.000000	0.173883	0.169920	0.169504	0.172849	0.171089	0.152455	0.159360	0.177563	0.162730	0.163412	0.190883	0.174037	0.172624	0.179510	0.181924	0.178073	0.160511	0.172624	0.162124	0.164731	0.155873	0.158921	0.162238	0.173310	0.168618	0.181240	0.170678	0.179487	0.178879	0.157635	0.171193	0.180036	0.170787	0.168750	0.178371	0.171920	0.186975	0.159441	0.167033	0.178879	0.184402	0.187500	0.172020	0.162031	0.164464	0.182706	0.180377	0.176096	0.158174	0.175732	0.178025	0.173107	0.161891	0.184149	0.163693	0.223097	0.185111	0.166529	0.176966	0.178914	0.172597	0.178937	0.173913	0.177390	0.431034	0.449704	0.467153	0.479485	0.461153	0.488527	0.437811	0.406028	0.487580	0.499218	0.473567	0.475336	0.469710	0.463020	0.436190	0.490540	0.483963	0.451411	0.468796	0.484505	0.471791	0.480742	0.467916	0.473164	0.466994	0.482244	0.395939	0.473315	0.460016	0.484352	0.452803	0.470155	0.482040	0.487730	0.461431	0.475088	0.444444	0.461867	0.480173	0.483308	0.491717	0.478168	0.483092	0.480538	0.473721	0.468951	0.502364	0.472159	0.475664	0.478326	0.466476	0.488984	0.479273	0.474479	0.471725	0.479462	0.474731	0.468843	0.467944	0.466429	0.472435	0.471768	0.476728	0.479245	0.474132	0.475362	0.477273	0.450758	0.484099	0.477484	0.473002	0.487719	0.460666	0.470259	0.475036	
