0.000000	0.187500	0.180000	0.190644	0.192539	0.174977	0.191489	0.182068	0.189011	0.186842	0.186964	0.157635	0.180083	0.174370	0.183241	0.200337	0.170954	0.168449	0.180913	0.184937	0.187970	0.171941	0.187963	0.210584	0.186242	0.183725	0.194142	0.198105	0.176669	0.173179	0.159867	0.180819	0.185584	0.183477	0.193009	0.163835	0.178876	0.188085	0.183929	0.179353	0.210165	0.173478	0.176020	0.177578	0.177648	0.174249	0.190225	0.167539	0.181364	0.170732	0.180282	0.181478	0.183566	0.186224	0.180723	0.181034	0.189030	0.186583	0.186774	0.192371	0.183039	0.193133	0.183110	0.185124	0.179599	0.181510	0.159547	0.191436	0.177172	0.170000	0.189895	0.181135	0.189964	0.167655	0.150990	0.184539	0.179551	0.178869	0.498723	0.186004	0.192484	0.185976	0.180974	0.192948	0.190795	0.187739	0.179464	0.176329	0.203106	0.170236	0.372093	0.465969	0.493404	0.482160	0.472222	0.411765	0.499121	0.454268	0.436059	0.168664	0.501838	0.483467	0.488729	0.468584	0.474701	0.468085	0.480235	0.489744	0.483709	0.490179	0.476797	0.472269	0.480241	0.473276	0.465880	0.475753	0.486853	0.436364	0.489916	0.471400	0.491950	0.490213	0.490248	0.476150	0.484404	0.478992	0.481513	0.464706	0.479592	0.497400	0.485481	0.504072	0.502139	0.496625	0.499151	0.483627	0.484772	0.541608	0.484047	0.468366	0.481680	0.465870	0.476556	0.485690	0.478112	0.469125	0.503367	0.488258	0.480357	0.474427	0.482612	0.485688	0.483497	0.476510	0.488708	0.485593	0.474913	0.474813	0.460929	0.492411	0.497865	0.472556	0.489487	0.479764	0.484467	0.490662	
0.187500	0.000000	0.164948	0.204420	0.208054	0.162921	0.225352	0.156250	0.186667	0.178378	0.141361	0.142857	0.194872	0.154639	0.122905	0.209184	0.175258	0.177778	0.122449	0.158163	0.166667	0.148810	0.166667	0.164634	0.176166	0.148148	0.166667	0.191489	0.176166	0.206522	0.149485	0.154762	0.180412	0.193182	0.139706	0.195946	0.180451	0.153439	0.150838	0.153846	0.205882	0.159794	0.171875	0.162304	0.203046	0.155080	0.200000	0.166667	0.168367	0.182927	0.120000	0.178947	0.159574	0.132979	0.185567	0.201389	0.191011	0.168317	0.202128	0.190722	0.196891	0.200000	0.155440	0.213115	0.172775	0.195767	0.150259	0.148148	0.156250	0.170103	0.178947	0.167513	0.203209	0.172775	0.183099	0.188482	0.196891	0.201087	0.521053	0.129730	0.172414	0.213333	0.161616	0.165746	0.193878	0.150685	0.205556	0.212329	0.217949	0.211180	0.363636	0.452632	0.515789	0.525714	0.481013	0.428571	0.500000	0.553571	0.455446	0.165803	0.509615	0.513369	0.530055	0.490683	0.494253	0.464789	0.466321	0.494737	0.542636	0.494505	0.519126	0.448454	0.467742	0.515789	0.463158	0.492228	0.492063	0.378378	0.481481	0.481081	0.489011	0.500000	0.530726	0.513228	0.508475	0.530928	0.507937	0.511628	0.473684	0.516304	0.516854	0.514620	0.502591	0.573964	0.515789	0.569231	0.535135	0.605042	0.466667	0.483516	0.483516	0.484043	0.481675	0.502703	0.513228	0.497297	0.500000	0.464052	0.544944	0.524862	0.547368	0.500000	0.494681	0.512953	0.500000	0.502646	0.502674	0.491525	0.513514	0.484211	0.494737	0.518519	0.484043	0.467742	0.478723	0.502646	
0.180000	0.164948	0.000000	0.162162	0.199179	0.160550	0.206107	0.169312	0.168819	0.167634	0.185663	0.177215	0.173554	0.168459	0.158378	0.180294	0.158545	0.172059	0.161623	0.159641	0.175741	0.160418	0.180685	0.184913	0.169798	0.152235	0.176105	0.171897	0.179344	0.174104	0.157605	0.172619	0.164036	0.187599	0.167092	0.167518	0.168555	0.165260	0.163418	0.175393	0.181507	0.174724	0.158931	0.159125	0.189524	0.176471	0.164667	0.162722	0.173196	0.166381	0.173709	0.161545	0.170767	0.174648	0.165718	0.164822	0.167747	0.178947	0.183507	0.173434	0.173250	0.177888	0.162646	0.168289	0.186331	0.181432	0.169565	0.165563	0.180595	0.167928	0.167878	0.164251	0.181208	0.179846	0.152880	0.168733	0.168160	0.179526	0.494382	0.161043	0.169349	0.183511	0.188119	0.166124	0.176511	0.193651	0.166170	0.187563	0.160164	0.159381	0.482143	0.484581	0.484827	0.488924	0.474507	0.477273	0.510592	0.458333	0.434326	0.165014	0.512308	0.478708	0.491450	0.483621	0.479514	0.433892	0.480583	0.491549	0.475698	0.495569	0.482063	0.482639	0.495406	0.468327	0.483601	0.482044	0.493333	0.441624	0.498959	0.479251	0.494457	0.485915	0.495238	0.487324	0.489765	0.488581	0.489924	0.497409	0.488079	0.496783	0.487585	0.511144	0.494358	0.504362	0.508392	0.473319	0.478962	0.527972	0.486446	0.481805	0.478357	0.479915	0.483462	0.498929	0.474132	0.464869	0.519861	0.492659	0.480147	0.488321	0.489510	0.490166	0.487104	0.486092	0.491424	0.493361	0.482487	0.476484	0.458801	0.489910	0.486258	0.492558	0.486430	0.488453	0.486842	0.485594	
0.190644	0.204420	0.162162	0.000000	0.196332	0.172969	0.207171	0.172908	0.189655	0.172573	0.190476	0.191489	0.179170	0.161654	0.167070	0.190581	0.171243	0.164861	0.173440	0.163265	0.184727	0.163453	0.187092	0.187320	0.189466	0.175953	0.172741	0.189148	0.192053	0.176425	0.173091	0.168620	0.173188	0.182573	0.187332	0.172600	0.182482	0.177729	0.178430	0.188128	0.184744	0.192447	0.180875	0.173429	0.184593	0.169569	0.172055	0.154446	0.190304	0.174031	0.159967	0.176033	0.188406	0.180535	0.181073	0.185137	0.165957	0.188406	0.197482	0.180364	0.167883	0.180328	0.177713	0.172214	0.171363	0.191648	0.184733	0.180974	0.175242	0.175744	0.175976	0.170306	0.177900	0.169492	0.162791	0.166545	0.171263	0.169464	0.498886	0.188006	0.180064	0.214286	0.186335	0.184773	0.166300	0.176080	0.196217	0.184599	0.175647	0.162970	0.500000	0.480740	0.491215	0.479097	0.468233	0.422222	0.480339	0.470588	0.419708	0.167292	0.517915	0.475524	0.497649	0.473973	0.478018	0.424063	0.487198	0.497024	0.475517	0.482463	0.483360	0.477623	0.489171	0.468468	0.476085	0.478863	0.487787	0.444444	0.488661	0.483319	0.478022	0.476935	0.489559	0.486245	0.475580	0.475146	0.505132	0.444444	0.480000	0.495849	0.477671	0.494118	0.495153	0.493311	0.497050	0.473299	0.489993	0.535316	0.487649	0.480000	0.471551	0.468750	0.486627	0.475831	0.471910	0.471514	0.508088	0.483146	0.478261	0.484965	0.485609	0.472466	0.495713	0.486029	0.495666	0.484156	0.484575	0.478896	0.451581	0.490455	0.486587	0.482759	0.475422	0.484915	0.479942	0.497394	
0.192539	0.208054	0.199179	0.196332	0.000000	0.175599	0.154589	0.171111	0.196262	0.191604	0.191534	0.179775	0.181633	0.186224	0.179458	0.197314	0.184318	0.178142	0.200611	0.167861	0.189602	0.182728	0.194476	0.212516	0.192585	0.194444	0.169388	0.206499	0.202062	0.196937	0.195697	0.195787	0.206301	0.209059	0.216312	0.179083	0.183236	0.202073	0.208426	0.202046	0.195440	0.195297	0.202899	0.190055	0.195542	0.181336	0.191291	0.171975	0.199187	0.184442	0.176130	0.207331	0.191941	0.190824	0.192632	0.206081	0.198582	0.190709	0.202394	0.181448	0.201026	0.200630	0.176892	0.189084	0.207806	0.215031	0.167914	0.176829	0.187696	0.190863	0.188034	0.199795	0.196937	0.197723	0.189394	0.193054	0.196319	0.204698	0.479624	0.185350	0.166853	0.247191	0.209239	0.187651	0.184346	0.221311	0.195604	0.193820	0.171598	0.174731	0.475000	0.473684	0.468884	0.462877	0.451888	0.433333	0.483387	0.435374	0.392308	0.187043	0.497881	0.470199	0.475083	0.455484	0.484018	0.443503	0.488181	0.483333	0.470320	0.476451	0.471910	0.469619	0.473130	0.461864	0.458506	0.478974	0.497904	0.437086	0.468782	0.473494	0.498906	0.474399	0.486486	0.474664	0.469921	0.472821	0.478439	0.496241	0.467153	0.483940	0.478953	0.486813	0.491024	0.462264	0.472050	0.465499	0.484407	0.512998	0.479955	0.469055	0.479029	0.466736	0.476489	0.469280	0.459375	0.474843	0.490722	0.465261	0.470905	0.467027	0.485477	0.476351	0.479393	0.463039	0.473333	0.505187	0.481915	0.481056	0.447075	0.482365	0.482218	0.481521	0.495337	0.481443	0.483042	0.475597	
0.174977	0.162921	0.160550	0.172969	0.175599	0.000000	0.180392	0.167496	0.180542	0.166129	0.176471	0.135514	0.156773	0.163776	0.181056	0.174652	0.164009	0.159609	0.144917	0.160550	0.174179	0.148571	0.163668	0.170854	0.163985	0.167306	0.162720	0.178093	0.174652	0.174513	0.152207	0.147727	0.152504	0.185022	0.149148	0.161435	0.188361	0.162773	0.160066	0.176077	0.183698	0.165011	0.158915	0.159504	0.183409	0.168646	0.182143	0.167732	0.154021	0.159664	0.174807	0.172203	0.174261	0.166797	0.160911	0.166893	0.156475	0.180769	0.176277	0.176292	0.174579	0.175274	0.165138	0.161677	0.178344	0.179104	0.166800	0.188544	0.180110	0.176024	0.174960	0.170229	0.160066	0.179923	0.163056	0.176695	0.176067	0.180815	0.484872	0.169635	0.165680	0.193732	0.170576	0.173451	0.171538	0.208333	0.185855	0.194661	0.185268	0.155466	0.452830	0.478261	0.491200	0.482456	0.460623	0.380952	0.492707	0.467192	0.422642	0.169014	0.513793	0.485318	0.495854	0.472169	0.475671	0.441478	0.482759	0.500000	0.480000	0.487409	0.483389	0.477692	0.496482	0.468971	0.462606	0.483945	0.493426	0.430939	0.481226	0.471014	0.491386	0.487539	0.493517	0.484448	0.481077	0.473966	0.487711	0.528409	0.481769	0.486188	0.478908	0.505766	0.487881	0.487741	0.500000	0.475460	0.491473	0.516624	0.490377	0.463533	0.487388	0.476599	0.478295	0.479051	0.471003	0.469661	0.507325	0.494191	0.480033	0.483428	0.487616	0.474477	0.471883	0.476959	0.496689	0.493818	0.488170	0.477331	0.473465	0.495766	0.489828	0.494886	0.487317	0.489164	0.479326	0.492630	
0.191489	0.225352	0.206107	0.207171	0.154589	0.180392	0.000000	0.196000	0.190045	0.147541	0.170543	0.192771	0.186770	0.185484	0.204167	0.194444	0.192157	0.195219	0.183908	0.188462	0.220930	0.183962	0.179283	0.175439	0.222656	0.192157	0.178295	0.217899	0.204724	0.209205	0.200000	0.218750	0.192308	0.215768	0.202532	0.192308	0.210843	0.216216	0.209486	0.246637	0.255208	0.186047	0.249042	0.172840	0.202290	0.189516	0.211340	0.211268	0.188462	0.200855	0.182927	0.196581	0.160643	0.203922	0.226562	0.202312	0.188285	0.171429	0.206612	0.229572	0.212598	0.228346	0.214008	0.202381	0.185039	0.201550	0.190476	0.250000	0.223529	0.183206	0.164659	0.204633	0.236000	0.191571	0.155779	0.203846	0.191406	0.150000	0.482353	0.178723	0.174274	0.198113	0.192857	0.207627	0.203065	0.191489	0.168033	0.210000	0.207729	0.206422	0.333333	0.508065	0.437500	0.476415	0.388350	0.384615	0.447154	0.404762	0.406504	0.193676	0.553398	0.514894	0.462810	0.432039	0.478448	0.432692	0.467181	0.513725	0.460674	0.461864	0.465517	0.472222	0.454545	0.428571	0.442308	0.449219	0.500000	0.510204	0.465116	0.437229	0.502128	0.448000	0.519149	0.449799	0.457778	0.484496	0.453125	0.533333	0.484000	0.468880	0.475983	0.448133	0.465021	0.488152	0.482072	0.472656	0.462151	0.486301	0.445887	0.479839	0.491525	0.476190	0.465863	0.489960	0.440000	0.441767	0.488095	0.488372	0.506550	0.479508	0.482072	0.475983	0.472803	0.455598	0.478261	0.491935	0.494024	0.444915	0.442623	0.509960	0.469136	0.495902	0.426295	0.464286	0.433594	0.474510	
0.182068	0.156250	0.169312	0.172908	0.171111	0.167496	0.196000	0.000000	0.181456	0.154213	0.177570	0.155844	0.162773	0.132937	0.181969	0.176292	0.166041	0.158781	0.164538	0.154717	0.173585	0.159027	0.159798	0.165010	0.173979	0.163997	0.170197	0.183944	0.171254	0.167598	0.167922	0.167603	0.169173	0.179066	0.168759	0.165372	0.176829	0.155265	0.163383	0.188157	0.176471	0.180106	0.178051	0.156250	0.170053	0.173742	0.163121	0.167192	0.179026	0.163586	0.170940	0.179002	0.168379	0.162809	0.172601	0.150266	0.177349	0.185455	0.169919	0.179699	0.159091	0.176198	0.172700	0.162651	0.173606	0.174014	0.153907	0.163895	0.175697	0.166667	0.173123	0.177979	0.199675	0.175076	0.161980	0.177225	0.165538	0.178720	0.491551	0.180438	0.160566	0.150000	0.149789	0.176678	0.171602	0.132653	0.172859	0.179348	0.170189	0.166012	0.433962	0.456452	0.478639	0.476977	0.462366	0.390244	0.497193	0.437666	0.433145	0.165373	0.520339	0.488728	0.482899	0.486204	0.478261	0.443775	0.490909	0.484145	0.470056	0.479485	0.476073	0.475248	0.488372	0.463813	0.469824	0.473883	0.494996	0.373684	0.481032	0.475599	0.498382	0.476888	0.474400	0.485362	0.473163	0.471569	0.486301	0.477273	0.475825	0.485086	0.479339	0.505673	0.484194	0.478751	0.486217	0.481397	0.480400	0.513924	0.479373	0.459524	0.480676	0.462548	0.477727	0.479624	0.467804	0.460822	0.506107	0.481383	0.481869	0.472378	0.485080	0.482673	0.478226	0.487414	0.475958	0.487003	0.475371	0.469146	0.462012	0.488940	0.493856	0.480560	0.483257	0.490436	0.486343	0.481453	
0.189011	0.186667	0.168819	0.189655	0.196262	0.180542	0.190045	0.181456	0.000000	0.190291	0.190566	0.162162	0.179652	0.191244	0.179899	0.199259	0.188472	0.175662	0.173833	0.178967	0.179652	0.175317	0.171604	0.199292	0.160665	0.177016	0.186924	0.176415	0.195190	0.186640	0.172603	0.182227	0.165146	0.190918	0.195724	0.173575	0.174603	0.185529	0.187992	0.190960	0.182779	0.197248	0.168059	0.188945	0.185727	0.170989	0.185736	0.183099	0.175774	0.185144	0.182752	0.193648	0.177373	0.187736	0.173421	0.177570	0.172450	0.184615	0.181908	0.185897	0.183073	0.189366	0.172477	0.165455	0.183126	0.170732	0.176357	0.193989	0.185567	0.190826	0.166186	0.145354	0.169458	0.182156	0.150203	0.184404	0.177819	0.188318	0.474719	0.192423	0.186492	0.181529	0.192683	0.182992	0.181233	0.213389	0.183071	0.178947	0.181939	0.180049	0.600000	0.448077	0.464217	0.466525	0.466298	0.525000	0.480507	0.447712	0.417943	0.186090	0.514768	0.468504	0.480159	0.474854	0.466938	0.405612	0.474122	0.473290	0.466197	0.469208	0.467000	0.458640	0.473485	0.453510	0.457169	0.456722	0.478545	0.397351	0.480591	0.462121	0.485572	0.469484	0.462525	0.474672	0.464903	0.468203	0.471190	0.426752	0.450467	0.472115	0.471831	0.488072	0.466038	0.477886	0.486916	0.460612	0.466853	0.498423	0.477823	0.457478	0.472332	0.457547	0.465160	0.452541	0.463918	0.458058	0.486965	0.458515	0.473840	0.463867	0.462756	0.473096	0.478049	0.463956	0.470879	0.467290	0.468246	0.459627	0.449755	0.479147	0.479736	0.474237	0.471681	0.469767	0.457987	0.465160	
0.186842	0.178378	0.167634	0.172573	0.191604	0.166129	0.147541	0.154213	0.190291	0.000000	0.188964	0.170213	0.174638	0.155556	0.166267	0.176082	0.163768	0.144410	0.162437	0.161690	0.185455	0.159236	0.167621	0.184109	0.174871	0.165807	0.177372	0.182642	0.187225	0.163720	0.170785	0.187611	0.169565	0.189641	0.180501	0.165781	0.193165	0.175556	0.174803	0.196133	0.180838	0.191721	0.184172	0.145784	0.176215	0.179623	0.170481	0.159624	0.177408	0.162936	0.174380	0.173377	0.179526	0.170984	0.175857	0.162791	0.172589	0.179533	0.181960	0.169086	0.189366	0.173134	0.167516	0.141823	0.178947	0.197917	0.166667	0.162736	0.166916	0.170891	0.177235	0.190233	0.192459	0.171218	0.131202	0.172965	0.172965	0.179694	0.480741	0.172052	0.171360	0.184987	0.168399	0.187179	0.173499	0.185185	0.161719	0.187435	0.179215	0.177203	0.285714	0.451863	0.488532	0.481544	0.454783	0.409091	0.492308	0.413793	0.419295	0.161677	0.507223	0.482171	0.481191	0.488203	0.484727	0.427146	0.479532	0.486627	0.478595	0.475000	0.480602	0.473607	0.488806	0.470278	0.473142	0.479971	0.490356	0.415385	0.498901	0.475620	0.495726	0.478067	0.485294	0.483655	0.476000	0.477688	0.492669	0.456522	0.475204	0.483847	0.471803	0.504321	0.488823	0.494966	0.490775	0.480966	0.489251	0.524164	0.488483	0.475422	0.482893	0.476261	0.482169	0.488320	0.478293	0.471118	0.506618	0.491746	0.483320	0.480031	0.482657	0.479133	0.484544	0.490081	0.481833	0.479705	0.487566	0.476735	0.449102	0.488611	0.490692	0.486163	0.491924	0.482682	0.486486	0.496291	
0.186964	0.141361	0.185663	0.190476	0.191534	0.176471	0.170543	0.177570	0.190566	0.188964	0.000000	0.211864	0.188571	0.176252	0.184603	0.192919	0.189189	0.171123	0.167852	0.185000	0.190000	0.173991	0.172800	0.204139	0.193525	0.168353	0.175840	0.191176	0.191474	0.173880	0.198718	0.184141	0.185369	0.206727	0.172142	0.179811	0.192806	0.182545	0.195669	0.191375	0.205006	0.179414	0.181686	0.180264	0.197716	0.191363	0.179978	0.185583	0.182658	0.184926	0.192090	0.181301	0.182226	0.175400	0.187915	0.171137	0.184409	0.169065	0.182655	0.183369	0.199140	0.197802	0.192582	0.152857	0.188244	0.182685	0.181002	0.180804	0.195906	0.172488	0.183459	0.185582	0.194915	0.190442	0.160695	0.190036	0.191595	0.196708	0.499274	0.188889	0.178656	0.223433	0.175153	0.178841	0.184362	0.217252	0.186297	0.202073	0.187764	0.164486	0.408163	0.480363	0.506348	0.489344	0.475662	0.473684	0.504539	0.455243	0.415608	0.176082	0.532591	0.495798	0.508462	0.488330	0.507031	0.460317	0.487437	0.499271	0.490405	0.491991	0.496890	0.483477	0.499268	0.483063	0.483032	0.497498	0.494178	0.416244	0.500000	0.486146	0.513389	0.478166	0.507925	0.497447	0.483111	0.490674	0.496046	0.535519	0.485156	0.494815	0.490272	0.521170	0.497807	0.503300	0.508327	0.496774	0.493101	0.526124	0.497656	0.473962	0.486672	0.483261	0.494905	0.491488	0.479090	0.479090	0.515130	0.503797	0.498099	0.497358	0.491329	0.490211	0.498859	0.488825	0.511574	0.514472	0.495196	0.484848	0.476789	0.508279	0.500365	0.501471	0.503954	0.494228	0.493190	0.499271	
0.157635	0.142857	0.177215	0.191489	0.179775	0.135514	0.192771	0.155844	0.162162	0.170213	0.211864	0.000000	0.161702	0.164062	0.173333	0.213389	0.181435	0.141026	0.170833	0.150000	0.193133	0.140777	0.162281	0.170213	0.184100	0.185345	0.153846	0.197425	0.177215	0.177273	0.148305	0.184466	0.195833	0.224215	0.180000	0.216495	0.193333	0.147679	0.201754	0.202899	0.168539	0.193277	0.189873	0.176991	0.202532	0.153846	0.213873	0.153285	0.159664	0.196262	0.189815	0.220183	0.186147	0.206751	0.178723	0.177632	0.200957	0.242424	0.176724	0.158120	0.179916	0.160173	0.179916	0.194444	0.156522	0.189076	0.171548	0.218182	0.164557	0.146444	0.197425	0.183333	0.234043	0.190678	0.131868	0.171548	0.173729	0.165179	0.460526	0.175926	0.183857	0.163043	0.203540	0.191781	0.201681	0.178082	0.165919	0.229167	0.138889	0.146226	0.428571	0.381818	0.439130	0.442105	0.458128	0.222222	0.418182	0.358491	0.361345	0.175732	0.423729	0.455752	0.500000	0.505263	0.410628	0.369565	0.470085	0.481982	0.480000	0.445455	0.458716	0.451064	0.441558	0.441048	0.437768	0.442553	0.490991	0.388889	0.439331	0.459716	0.462222	0.456897	0.459459	0.435897	0.452830	0.437229	0.448718	0.452381	0.442982	0.464286	0.446602	0.504630	0.467532	0.416268	0.467249	0.476987	0.474576	0.471014	0.449761	0.426606	0.436937	0.415584	0.458874	0.451327	0.426667	0.464602	0.495690	0.461140	0.493151	0.449339	0.446352	0.433962	0.443925	0.450216	0.433962	0.502165	0.455357	0.451456	0.481081	0.497797	0.459459	0.478261	0.478261	0.491304	0.476793	0.491228	
0.180083	0.194872	0.173554	0.179170	0.181633	0.156773	0.186770	0.162773	0.179652	0.174638	0.188571	0.161702	0.000000	0.155635	0.183891	0.193459	0.170315	0.159941	0.172367	0.161734	0.179381	0.152513	0.167832	0.175342	0.170596	0.166898	0.181129	0.187367	0.185417	0.189229	0.172154	0.162988	0.158111	0.180095	0.175641	0.149390	0.180282	0.171108	0.169403	0.192541	0.189773	0.189003	0.160952	0.154539	0.194102	0.192143	0.162690	0.159057	0.175222	0.175170	0.179487	0.177760	0.183585	0.175070	0.190510	0.161172	0.173913	0.174216	0.184035	0.177155	0.167471	0.172535	0.163799	0.174095	0.172538	0.190409	0.163059	0.169604	0.179252	0.177641	0.182213	0.169305	0.188707	0.174459	0.138801	0.174211	0.189430	0.169453	0.482517	0.192513	0.186064	0.226316	0.185771	0.174757	0.183518	0.191824	0.173363	0.190190	0.183861	0.172414	0.350877	0.457353	0.476602	0.471237	0.464256	0.404762	0.495633	0.439803	0.401739	0.166902	0.481595	0.481291	0.486686	0.478861	0.481453	0.424299	0.487250	0.475823	0.455201	0.484604	0.485075	0.466436	0.480282	0.464968	0.471528	0.472815	0.485674	0.412060	0.469938	0.465323	0.490052	0.468859	0.483589	0.480729	0.481873	0.478650	0.482711	0.451282	0.474529	0.486467	0.473054	0.500370	0.491918	0.483794	0.482615	0.481354	0.479414	0.506961	0.480870	0.463432	0.483541	0.464561	0.478992	0.477240	0.464739	0.465724	0.506944	0.475610	0.478770	0.487663	0.484342	0.478491	0.475494	0.481661	0.475872	0.480863	0.474769	0.465438	0.461896	0.492372	0.486316	0.471045	0.481994	0.483624	0.478621	0.484933	
0.174370	0.154639	0.168459	0.161654	0.186224	0.163776	0.185484	0.132937	0.191244	0.155556	0.176252	0.164062	0.155635	0.000000	0.179191	0.169982	0.149201	0.144465	0.181818	0.155357	0.185714	0.165217	0.184466	0.154930	0.158470	0.174863	0.177102	0.155556	0.180680	0.179775	0.154529	0.185106	0.162210	0.163900	0.166163	0.171838	0.167235	0.145191	0.173004	0.175966	0.168508	0.166071	0.170055	0.157495	0.191413	0.175182	0.166667	0.190476	0.163701	0.163866	0.206413	0.178571	0.182510	0.171480	0.134328	0.203857	0.181053	0.191011	0.167598	0.179396	0.171123	0.168807	0.164894	0.172185	0.181818	0.181655	0.151852	0.174528	0.163375	0.161348	0.151852	0.181004	0.163107	0.163636	0.145320	0.168157	0.158929	0.150289	0.500917	0.164151	0.155470	0.190476	0.132231	0.169734	0.171171	0.166667	0.185741	0.163170	0.206549	0.143498	0.322581	0.439863	0.482759	0.450207	0.456067	0.230769	0.456439	0.385093	0.400000	0.185662	0.495968	0.454894	0.480769	0.455581	0.468504	0.404878	0.483126	0.480874	0.452575	0.467456	0.458574	0.454219	0.465677	0.458410	0.445848	0.458781	0.482821	0.282353	0.477718	0.456290	0.474088	0.467772	0.481696	0.471767	0.455969	0.482944	0.462795	0.393258	0.441989	0.480591	0.449505	0.492188	0.464815	0.471933	0.477064	0.465580	0.452899	0.498489	0.469548	0.459924	0.459048	0.453211	0.461967	0.457090	0.458256	0.456075	0.493648	0.478903	0.476281	0.466543	0.482440	0.471624	0.466281	0.465704	0.470019	0.463768	0.487713	0.469880	0.435523	0.480000	0.483333	0.471028	0.463063	0.455696	0.445045	0.474545	
0.183241	0.122905	0.158378	0.167070	0.179458	0.181056	0.204167	0.181969	0.179899	0.166267	0.184603	0.173333	0.183891	0.179191	0.000000	0.187982	0.153030	0.173139	0.158694	0.151261	0.160061	0.160563	0.162277	0.198389	0.182722	0.158179	0.170992	0.198269	0.197399	0.188207	0.168821	0.181478	0.175000	0.189974	0.208623	0.179171	0.185801	0.171318	0.180314	0.184185	0.183395	0.183066	0.167183	0.184450	0.180989	0.183899	0.159714	0.151515	0.173354	0.164662	0.171233	0.164348	0.182975	0.164596	0.170047	0.173207	0.168000	0.196565	0.193786	0.167806	0.186117	0.160436	0.160334	0.166159	0.182821	0.188088	0.169206	0.191847	0.188620	0.177677	0.167866	0.185834	0.170632	0.186388	0.171364	0.180228	0.163623	0.178301	0.495356	0.184902	0.173109	0.198347	0.150862	0.182384	0.178490	0.182143	0.177100	0.183896	0.164641	0.168495	0.458333	0.469551	0.486811	0.488596	0.478182	0.487805	0.503603	0.448468	0.424125	0.159906	0.511073	0.479642	0.497541	0.492395	0.485257	0.436326	0.489703	0.491892	0.485227	0.489813	0.493367	0.470046	0.490625	0.472157	0.481909	0.490091	0.498452	0.412088	0.491979	0.486222	0.495928	0.488354	0.496374	0.485248	0.485880	0.488906	0.486239	0.431034	0.479969	0.483871	0.488411	0.515971	0.498445	0.513986	0.493426	0.477064	0.500774	0.542500	0.484167	0.489174	0.483819	0.478599	0.490698	0.494062	0.484754	0.477273	0.512702	0.488708	0.485876	0.494745	0.494981	0.491257	0.497184	0.482335	0.487664	0.497689	0.479150	0.483290	0.463136	0.500767	0.489114	0.497272	0.491174	0.492296	0.488177	0.487578	
0.200337	0.209184	0.180294	0.190581	0.197314	0.174652	0.194444	0.176292	0.199259	0.176082	0.192919	0.213389	0.193459	0.169982	0.187982	0.000000	0.163435	0.186428	0.169903	0.177453	0.174669	0.187555	0.191706	0.196133	0.163624	0.174525	0.193728	0.192225	0.200281	0.194383	0.186240	0.187553	0.183264	0.189254	0.175416	0.196099	0.173484	0.182849	0.191812	0.185088	0.190311	0.201669	0.189838	0.172858	0.191534	0.188406	0.178611	0.159159	0.188927	0.192541	0.186467	0.186561	0.193008	0.180654	0.179083	0.171393	0.178630	0.189895	0.181138	0.187240	0.190077	0.198998	0.193324	0.179379	0.189818	0.209019	0.178832	0.203091	0.185000	0.186806	0.189883	0.185675	0.189474	0.188559	0.179025	0.174427	0.191534	0.180139	0.481612	0.188180	0.192248	0.225722	0.175299	0.194103	0.183345	0.197452	0.185854	0.204614	0.183420	0.174908	0.464286	0.451471	0.473416	0.480096	0.465503	0.500000	0.499633	0.443609	0.430580	0.175879	0.496124	0.487407	0.476831	0.475482	0.470588	0.433396	0.474825	0.485795	0.469917	0.475836	0.493958	0.469188	0.487161	0.461925	0.469388	0.475627	0.487597	0.461165	0.475157	0.457377	0.492548	0.468794	0.478197	0.477305	0.467988	0.468204	0.488095	0.489691	0.468883	0.488473	0.477601	0.497374	0.481534	0.482043	0.489077	0.474126	0.486926	0.524089	0.487082	0.460806	0.478099	0.480851	0.472714	0.482734	0.471092	0.465999	0.499297	0.486043	0.481097	0.467647	0.472496	0.475172	0.485207	0.478230	0.484598	0.487667	0.471182	0.464701	0.455146	0.490884	0.476529	0.484979	0.484912	0.480959	0.484277	0.485795	
0.170954	0.175258	0.158545	0.171243	0.184318	0.164009	0.192157	0.166041	0.188472	0.163768	0.189189	0.181435	0.170315	0.149201	0.153030	0.163435	0.000000	0.173850	0.165531	0.170096	0.170882	0.168966	0.162162	0.193285	0.167702	0.158587	0.182192	0.200991	0.181189	0.168605	0.163363	0.178117	0.170416	0.165746	0.171975	0.164480	0.173427	0.169456	0.166915	0.163212	0.178815	0.173169	0.165157	0.160568	0.166781	0.171062	0.168845	0.157585	0.171779	0.168224	0.183295	0.182243	0.165473	0.176923	0.159267	0.170552	0.173913	0.196181	0.170228	0.176551	0.181443	0.169599	0.156635	0.182573	0.176555	0.173821	0.170259	0.174009	0.154870	0.166667	0.173381	0.186858	0.182828	0.171647	0.158004	0.185919	0.167235	0.181543	0.479443	0.181679	0.173648	0.193211	0.178000	0.171913	0.171034	0.192429	0.174074	0.175299	0.175331	0.159892	0.456140	0.462774	0.474552	0.482003	0.456398	0.404762	0.486252	0.444988	0.409722	0.173118	0.511450	0.473377	0.479381	0.477214	0.469173	0.426716	0.477304	0.478686	0.457523	0.468613	0.472160	0.472127	0.482831	0.463656	0.464039	0.472279	0.479109	0.413793	0.478022	0.474194	0.488253	0.472067	0.485134	0.469644	0.472973	0.463599	0.483471	0.455959	0.476356	0.482661	0.475764	0.496689	0.494060	0.489780	0.491337	0.467997	0.474270	0.525346	0.479851	0.464311	0.478134	0.464385	0.469644	0.479093	0.466667	0.457424	0.496204	0.480194	0.473799	0.469609	0.475398	0.468117	0.482507	0.477571	0.487066	0.480583	0.464589	0.463359	0.450417	0.487923	0.475891	0.476826	0.475172	0.479528	0.476976	0.480809	
0.168449	0.177778	0.172059	0.164861	0.178142	0.159609	0.195219	0.158781	0.175662	0.144410	0.171123	0.141026	0.159941	0.144465	0.173139	0.186428	0.173850	0.000000	0.156891	0.160886	0.160793	0.154270	0.162981	0.166344	0.167899	0.170022	0.162122	0.190729	0.186895	0.160964	0.160557	0.168773	0.170088	0.176371	0.163073	0.160560	0.189349	0.173913	0.170128	0.184089	0.183990	0.181015	0.167041	0.155823	0.171072	0.174111	0.175317	0.157566	0.166300	0.162624	0.175642	0.173582	0.176971	0.158564	0.159212	0.177232	0.170415	0.173913	0.176704	0.172794	0.169118	0.172830	0.166789	0.167656	0.159908	0.170934	0.167309	0.155814	0.168429	0.167770	0.164087	0.178808	0.169841	0.162808	0.145494	0.180617	0.157237	0.174655	0.476727	0.176327	0.159609	0.210526	0.166316	0.181116	0.164201	0.179402	0.177496	0.180761	0.194111	0.166186	0.345455	0.452978	0.476043	0.461342	0.452297	0.395349	0.485981	0.409214	0.388679	0.157855	0.484298	0.470449	0.490040	0.474074	0.465742	0.424547	0.477424	0.479699	0.469680	0.476341	0.473264	0.460282	0.474281	0.456753	0.457526	0.465683	0.486101	0.419355	0.474112	0.474191	0.479430	0.468820	0.470772	0.467814	0.464084	0.467110	0.482580	0.456522	0.468960	0.477896	0.465267	0.488871	0.481146	0.476754	0.491031	0.472714	0.478652	0.506203	0.479233	0.460342	0.461538	0.466817	0.474831	0.472116	0.452345	0.466211	0.501864	0.465742	0.470542	0.473602	0.464232	0.467365	0.477953	0.472903	0.482896	0.473094	0.476009	0.448304	0.444334	0.478423	0.477410	0.481818	0.482528	0.476866	0.467504	0.472536	
0.180913	0.122449	0.161623	0.173440	0.200611	0.144917	0.183908	0.164538	0.173833	0.162437	0.167852	0.170833	0.172367	0.181818	0.158694	0.169903	0.165531	0.156891	0.000000	0.165295	0.152159	0.146678	0.150929	0.166667	0.165055	0.136616	0.161180	0.162890	0.168399	0.163994	0.168947	0.157494	0.159509	0.175217	0.175796	0.175758	0.151261	0.156053	0.166915	0.182526	0.178409	0.182752	0.172125	0.154824	0.168947	0.160829	0.173348	0.120944	0.161664	0.161427	0.175058	0.177708	0.176344	0.170868	0.175018	0.163017	0.161031	0.179931	0.181079	0.177596	0.171488	0.171831	0.175017	0.143646	0.173820	0.171247	0.163309	0.174292	0.173455	0.179084	0.171593	0.161755	0.176166	0.173974	0.140772	0.163140	0.170999	0.169569	0.468293	0.189458	0.157132	0.186352	0.172277	0.155214	0.172771	0.184953	0.179525	0.178287	0.163599	0.163949	0.440678	0.446715	0.471983	0.465882	0.461097	0.422222	0.488389	0.435835	0.414802	0.163611	0.489329	0.478801	0.471935	0.464777	0.461538	0.451673	0.465565	0.478686	0.464615	0.465252	0.474702	0.457931	0.469803	0.457244	0.453915	0.465340	0.476622	0.419512	0.462440	0.462158	0.476855	0.465035	0.477091	0.467832	0.460150	0.464556	0.479282	0.497436	0.459610	0.471591	0.464526	0.491900	0.473721	0.472025	0.473282	0.457300	0.472474	0.501157	0.463378	0.461705	0.462719	0.457663	0.468903	0.476934	0.462781	0.460508	0.494460	0.465210	0.462044	0.468841	0.469076	0.466165	0.472263	0.470263	0.467802	0.484722	0.467708	0.455939	0.445996	0.477178	0.464286	0.473239	0.482044	0.469076	0.471438	0.479720	
0.184937	0.158163	0.159641	0.163265	0.167861	0.160550	0.188462	0.154717	0.178967	0.161690	0.185000	0.150000	0.161734	0.155357	0.151261	0.177453	0.170096	0.160886	0.165295	0.000000	0.171271	0.150043	0.167055	0.176095	0.161581	0.143156	0.156876	0.184342	0.182008	0.156547	0.149346	0.168654	0.160384	0.178202	0.169427	0.153531	0.191280	0.153792	0.172904	0.180786	0.171429	0.180441	0.157895	0.163404	0.185695	0.174569	0.157034	0.161961	0.167353	0.160684	0.170446	0.159055	0.179395	0.166901	0.156738	0.146699	0.162621	0.190972	0.155160	0.169759	0.165284	0.169383	0.165631	0.155462	0.162104	0.187234	0.178082	0.197339	0.171853	0.173077	0.171387	0.183070	0.167905	0.178073	0.147954	0.163686	0.162887	0.179116	0.480729	0.161934	0.174347	0.198413	0.173653	0.172470	0.183079	0.196203	0.167660	0.180542	0.162384	0.169708	0.464286	0.448830	0.475054	0.468775	0.459704	0.454545	0.491971	0.451220	0.420315	0.166785	0.522205	0.473181	0.484015	0.462403	0.470455	0.444444	0.480249	0.475721	0.464948	0.472018	0.471204	0.459403	0.470671	0.465861	0.471777	0.472414	0.484912	0.387255	0.473319	0.473984	0.476366	0.477864	0.477688	0.473980	0.473525	0.470588	0.485080	0.440415	0.470918	0.481799	0.469572	0.490734	0.479915	0.482213	0.483578	0.468793	0.486335	0.529548	0.468867	0.463273	0.467695	0.462676	0.473647	0.474661	0.464589	0.471966	0.495477	0.470253	0.478325	0.473377	0.477622	0.462121	0.481618	0.474600	0.476866	0.475227	0.461813	0.470362	0.453608	0.482255	0.471831	0.481560	0.475000	0.482180	0.476454	0.483826	
0.187970	0.166667	0.175741	0.184727	0.189602	0.174179	0.220930	0.173585	0.179652	0.185455	0.190000	0.193133	0.179381	0.185714	0.160061	0.174669	0.170882	0.160793	0.152159	0.171271	0.000000	0.189939	0.181889	0.179745	0.167939	0.163535	0.169305	0.182658	0.165623	0.175656	0.179452	0.165675	0.159589	0.175911	0.187179	0.182096	0.179272	0.166783	0.179104	0.191840	0.183790	0.187887	0.174338	0.168792	0.177641	0.168338	0.172301	0.170370	0.170548	0.174061	0.185070	0.169545	0.185426	0.169361	0.175053	0.169742	0.166263	0.181501	0.172949	0.183128	0.176796	0.189570	0.172176	0.179416	0.169649	0.180212	0.167630	0.198675	0.172657	0.185312	0.165702	0.175499	0.173492	0.174216	0.155462	0.175704	0.166781	0.184989	0.491597	0.177419	0.170750	0.188482	0.188867	0.177472	0.169199	0.183544	0.180194	0.188945	0.171811	0.173164	0.389831	0.449488	0.481295	0.480284	0.465956	0.454545	0.498909	0.437653	0.406957	0.174221	0.510015	0.473955	0.487787	0.483649	0.477307	0.429104	0.480995	0.481039	0.470226	0.476821	0.484328	0.472992	0.472868	0.458156	0.468011	0.477961	0.483193	0.405941	0.477870	0.471302	0.491513	0.472281	0.485756	0.472281	0.465556	0.475862	0.482687	0.458333	0.475192	0.484330	0.481259	0.497413	0.490513	0.492490	0.487126	0.466482	0.487413	0.522596	0.477085	0.472464	0.475110	0.475755	0.481793	0.483274	0.471751	0.461484	0.507650	0.472742	0.480586	0.472000	0.481172	0.467170	0.478357	0.480222	0.487370	0.488858	0.480057	0.464615	0.445378	0.484386	0.473315	0.486219	0.487517	0.478049	0.481354	0.482807	
0.171941	0.148810	0.160418	0.163453	0.182728	0.148571	0.183962	0.159027	0.175317	0.159236	0.173991	0.140777	0.152513	0.165217	0.160563	0.187555	0.168966	0.154270	0.146678	0.150043	0.189939	0.000000	0.164093	0.171233	0.164336	0.167972	0.157576	0.170384	0.168854	0.163904	0.159307	0.160468	0.161625	0.176530	0.172524	0.149015	0.191379	0.158829	0.158341	0.187366	0.164117	0.172444	0.143236	0.159925	0.165074	0.178700	0.165545	0.163904	0.176471	0.164706	0.163919	0.164835	0.170155	0.173605	0.168589	0.178994	0.170363	0.195378	0.162942	0.185603	0.171453	0.168157	0.162609	0.163025	0.173250	0.167707	0.165761	0.180157	0.186941	0.179376	0.168642	0.170435	0.193488	0.175330	0.170267	0.175151	0.172593	0.160458	0.490283	0.156008	0.167614	0.194268	0.164706	0.166499	0.177700	0.159420	0.164011	0.175460	0.174684	0.161400	0.363636	0.440613	0.479339	0.470292	0.469979	0.388889	0.486213	0.416185	0.400891	0.163102	0.480843	0.481001	0.489681	0.473860	0.473532	0.444954	0.476440	0.487567	0.472186	0.477336	0.479698	0.468941	0.484361	0.468412	0.469763	0.486957	0.475556	0.358382	0.475567	0.468172	0.489262	0.483614	0.480930	0.484527	0.471931	0.472489	0.489064	0.425676	0.470380	0.493716	0.474834	0.500000	0.483066	0.485456	0.496479	0.473362	0.476652	0.507937	0.473435	0.467831	0.473636	0.472566	0.477758	0.487410	0.467857	0.466428	0.512302	0.472367	0.478899	0.476498	0.487633	0.479621	0.493062	0.469657	0.490085	0.479682	0.474910	0.467961	0.451190	0.506140	0.490231	0.476444	0.482033	0.484099	0.479930	0.495111	
0.187963	0.166667	0.180685	0.187092	0.194476	0.163668	0.179283	0.159798	0.171604	0.167621	0.172800	0.162281	0.167832	0.184466	0.162277	0.191706	0.162162	0.162981	0.150929	0.167055	0.181889	0.164093	0.000000	0.192821	0.164202	0.162736	0.170031	0.189363	0.178179	0.174056	0.181327	0.182243	0.153014	0.197695	0.179232	0.176337	0.169014	0.178374	0.167780	0.185328	0.186287	0.171318	0.181675	0.170854	0.181467	0.173913	0.156020	0.128455	0.180277	0.176249	0.173043	0.170194	0.173061	0.168121	0.174781	0.191432	0.169811	0.186090	0.185216	0.186047	0.162899	0.170635	0.175194	0.168750	0.167607	0.179508	0.176471	0.175772	0.182395	0.171827	0.173984	0.169255	0.186144	0.186414	0.151163	0.181889	0.175194	0.180969	0.490909	0.180172	0.185121	0.217143	0.176600	0.177261	0.166149	0.203448	0.174603	0.192140	0.169530	0.172483	0.415094	0.493443	0.496748	0.491103	0.469388	0.400000	0.495473	0.429730	0.419483	0.173429	0.524618	0.493399	0.502517	0.490215	0.485885	0.456710	0.488300	0.495645	0.484742	0.487562	0.497449	0.485558	0.496013	0.477982	0.481221	0.485248	0.498024	0.421875	0.492200	0.487085	0.507101	0.492076	0.501239	0.492478	0.479522	0.486381	0.493750	0.451429	0.484202	0.495974	0.492373	0.505008	0.492846	0.507583	0.496860	0.489494	0.492902	0.523560	0.493671	0.468801	0.483898	0.478123	0.497630	0.500000	0.473642	0.479233	0.517268	0.494931	0.485149	0.498358	0.490536	0.488471	0.487562	0.489412	0.494524	0.493312	0.493995	0.476024	0.465042	0.496082	0.498413	0.496795	0.497653	0.492561	0.489891	0.496825	
0.210584	0.164634	0.184913	0.187320	0.212516	0.170854	0.175439	0.165010	0.199292	0.184109	0.204139	0.170213	0.175342	0.154930	0.198389	0.196133	0.193285	0.166344	0.166667	0.176095	0.179745	0.171233	0.192821	0.000000	0.180812	0.183410	0.176095	0.191910	0.179298	0.187621	0.183636	0.173815	0.175295	0.188406	0.174551	0.191214	0.198934	0.184743	0.179842	0.212598	0.161808	0.193078	0.174838	0.176763	0.186533	0.177694	0.198251	0.172888	0.175566	0.193080	0.188968	0.192857	0.206470	0.168529	0.184944	0.211290	0.168599	0.164859	0.180136	0.195434	0.197080	0.195673	0.180492	0.191829	0.183031	0.202993	0.178122	0.171745	0.188202	0.193078	0.182252	0.193784	0.195169	0.193192	0.156757	0.189655	0.175503	0.170149	0.460821	0.191919	0.175331	0.189873	0.163895	0.190476	0.185558	0.206897	0.179941	0.204108	0.202086	0.195416	0.369565	0.454887	0.456459	0.456816	0.446970	0.486486	0.452055	0.393189	0.402626	0.179849	0.496920	0.469488	0.460333	0.469783	0.459296	0.443678	0.456382	0.466667	0.459754	0.461538	0.465139	0.452952	0.458294	0.440566	0.435993	0.451465	0.468604	0.416149	0.456801	0.457143	0.474827	0.463985	0.459354	0.450188	0.454638	0.447610	0.468750	0.414634	0.454715	0.467681	0.452165	0.481518	0.453608	0.463180	0.469067	0.452535	0.470260	0.482540	0.461155	0.439655	0.453110	0.442056	0.460539	0.443916	0.452582	0.444863	0.488415	0.451299	0.456607	0.475504	0.452778	0.459296	0.450732	0.449355	0.464286	0.462177	0.455492	0.447047	0.440344	0.463889	0.471857	0.465663	0.464815	0.451852	0.457222	0.465356	
0.186242	0.176166	0.169798	0.189466	0.192585	0.163985	0.222656	0.173979	0.160665	0.174871	0.193525	0.184100	0.170596	0.158470	0.182722	0.163624	0.167702	0.167899	0.165055	0.161581	0.167939	0.164336	0.164202	0.180812	0.000000	0.171228	0.175694	0.191398	0.182456	0.160294	0.164014	0.174699	0.172414	0.192646	0.185328	0.177073	0.186344	0.179052	0.179003	0.163462	0.185780	0.178101	0.159605	0.157456	0.178991	0.181097	0.166667	0.157738	0.167012	0.177835	0.183818	0.171021	0.182874	0.176136	0.167498	0.188424	0.162184	0.183888	0.171279	0.182007	0.172462	0.189324	0.169562	0.160391	0.159305	0.178648	0.180102	0.172646	0.183369	0.173010	0.179693	0.154754	0.174532	0.184248	0.156677	0.182573	0.177163	0.173313	0.484463	0.168470	0.171012	0.143236	0.170000	0.165309	0.164927	0.152104	0.173423	0.173913	0.177386	0.168190	0.403509	0.452276	0.473455	0.480096	0.470539	0.431818	0.492285	0.465517	0.408056	0.176638	0.503086	0.481892	0.483558	0.475694	0.480519	0.428030	0.480836	0.480538	0.477627	0.487426	0.486080	0.466806	0.481166	0.466047	0.465638	0.472917	0.489753	0.418719	0.477685	0.481633	0.490313	0.480198	0.477524	0.485149	0.488177	0.478412	0.486713	0.440415	0.477801	0.495327	0.477668	0.497758	0.483322	0.495215	0.487342	0.474198	0.482370	0.507009	0.476154	0.472914	0.481481	0.471631	0.477433	0.477354	0.477580	0.470756	0.500000	0.481938	0.484086	0.486050	0.480309	0.486672	0.482963	0.488112	0.495131	0.488062	0.479511	0.475562	0.460302	0.485294	0.481928	0.481085	0.486373	0.484188	0.485396	0.486544	
0.183725	0.148148	0.152235	0.175953	0.194444	0.167306	0.192157	0.163997	0.177016	0.165807	0.168353	0.185345	0.166898	0.174863	0.158179	0.174525	0.158587	0.170022	0.136616	0.143156	0.163535	0.167972	0.162736	0.183410	0.171228	0.000000	0.164117	0.178674	0.185211	0.167036	0.168056	0.165950	0.156618	0.178973	0.163827	0.165814	0.180258	0.153901	0.169826	0.176161	0.199539	0.184284	0.168675	0.161876	0.186370	0.171965	0.155702	0.160661	0.169785	0.162349	0.175000	0.161239	0.170928	0.177683	0.166428	0.165848	0.163383	0.171378	0.166168	0.168283	0.173427	0.156540	0.172245	0.171071	0.168245	0.181688	0.177972	0.154185	0.166785	0.172342	0.176557	0.170035	0.170695	0.174648	0.160847	0.183206	0.170715	0.183077	0.482636	0.171451	0.164861	0.224868	0.172691	0.176519	0.160589	0.205047	0.169300	0.193089	0.157187	0.171717	0.413793	0.469630	0.489067	0.481629	0.465058	0.477273	0.492999	0.464020	0.423280	0.172290	0.525661	0.479970	0.484281	0.482065	0.478895	0.456767	0.481818	0.484741	0.466736	0.486245	0.485995	0.473096	0.485735	0.474515	0.473277	0.476290	0.495751	0.443878	0.489496	0.460082	0.496644	0.480851	0.490399	0.481560	0.475096	0.479749	0.488780	0.463542	0.479491	0.494593	0.489378	0.506367	0.487179	0.494400	0.490486	0.470259	0.488323	0.529412	0.481003	0.478708	0.475836	0.472973	0.483322	0.483778	0.478914	0.474249	0.512315	0.479047	0.472903	0.476787	0.489767	0.480608	0.479554	0.491573	0.484211	0.486963	0.472662	0.472006	0.448536	0.489123	0.481534	0.496418	0.490169	0.487650	0.475227	0.488273	
