0.991166	0.268021	0.300521	0.226644	0.243435	0.287071	0.243498	0.279851	0.259500	0.279472	0.345736	0.193222	0.273868	0.210901	0.281466	0.296549	0.351714	0.293201	0.322042	0.251054	0.318102	0.279941	0.302652	0.238181	0.335384	0.252456	0.342320	0.250663	0.255219	0.348094	0.279650	0.299547	0.282700	0.293760	0.240003	0.234391	0.282364	0.302063	0.303680	0.290265	0.206704	0.293948	0.353188	0.285841	0.302610	0.266842	0.322411	0.330267	0.309416	0.315001	0.232751	0.278475	0.231224	0.311194	0.322434	0.290864	0.283343	0.194968	0.316825	0.277322	0.346093	0.273682	0.264570	0.277479	0.317038	0.053846	0.284151	0.319042	0.272642	0.300171	0.278620	0.275037	0.266551	0.273794	0.327806	0.277632	0.293516	0.291045	0.294630	0.349174	0.284724	0.217865	0.262980	0.270930	0.292202	0.278194	0.195200	0.328554	0.283471	0.208626	0.283965	-0.150176	-0.255300	-0.347128	-0.323244	-0.321088	-0.189705	-0.338932	-0.225453	-0.278101	-0.352074	-0.405121	-0.355882	-0.333860	-0.334700	-0.340467	-0.274808	-0.302916	-0.342866	-0.335381	-0.346267	-0.345664	-0.365538	-0.360328	-0.328909	-0.324186	-0.377845	-0.362068	-0.196699	-0.362049	-0.319357	-0.343429	-0.343546	-0.359048	-0.353474	-0.331787	-0.331682	-0.354780	-0.325214	-0.316693	-0.344384	-0.361739	-0.341265	-0.379545	-0.366557	-0.372843	-0.338040	-0.353939	-0.395591	-0.371798	-0.321522	-0.352048	-0.309204	-0.322643	-0.325766	-0.335361	-0.352461	-0.343834	-0.348562	-0.343973	-0.314149	-0.357256	-0.353580	-0.359996	-0.350012	-0.328726	-0.349487	-0.333992	-0.359881	-0.321388	-0.359713	-0.378998	-0.307372	-0.327112	-0.340304	-0.309335	-0.375553	
0.268021	0.655167	0.271278	0.197483	0.194972	0.287219	0.175132	0.292710	0.274836	0.349757	0.284596	0.247642	0.245023	0.223194	0.279381	0.257699	0.393810	0.187058	0.335716	0.176276	0.306360	0.214027	0.291891	0.211814	0.174939	0.278350	0.293681	0.287520	0.289432	0.243987	0.211602	0.258550	0.205682	0.259416	0.187824	0.134663	0.182593	0.288037	0.292867	0.346385	0.242202	0.306791	0.222086	0.234379	0.316364	0.202319	0.443090	0.302961	0.268627	0.253943	0.297700	0.284770	0.284390	0.293379	0.277018	0.192186	0.301192	0.264319	0.194937	0.263298	0.234362	0.291486	0.259055	0.222184	0.247400	0.047410	0.226634	0.290235	0.271372	0.304988	0.264559	0.229114	0.292537	0.222527	0.240391	0.273491	0.245458	0.281843	0.147069	0.329193	0.328755	0.216533	0.337690	0.311861	0.206901	0.283644	0.181608	0.176632	0.181393	0.169563	0.223655	-0.190144	-0.242689	-0.338476	-0.342176	-0.240036	-0.138078	-0.314840	-0.357784	-0.169525	-0.344342	-0.404257	-0.358539	-0.284822	-0.271203	-0.298332	-0.186984	-0.305194	-0.341299	-0.396828	-0.283646	-0.302387	-0.272636	-0.180637	-0.316740	-0.343902	-0.275881	-0.273960	0.077872	-0.218629	-0.329408	-0.333265	-0.324587	-0.418122	-0.393825	-0.373813	-0.384929	-0.325533	-0.238375	-0.252437	-0.303552	-0.286516	-0.327414	-0.289646	-0.452519	-0.368974	-0.302006	-0.369786	-0.532401	-0.201077	-0.333193	-0.347843	-0.325858	-0.288420	-0.331209	-0.271029	-0.388232	-0.290251	-0.273667	-0.252219	-0.348781	-0.381955	-0.304381	-0.353444	-0.306131	-0.286714	-0.350878	-0.323958	-0.389028	-0.338633	-0.336362	-0.303642	-0.342978	-0.323283	-0.303961	-0.259741	-0.414461	
0.300521	0.271278	0.940712	0.286430	0.293222	0.303095	0.121314	0.291446	0.317172	0.274021	0.277704	0.160045	0.309576	0.277486	0.299729	0.267289	0.284873	0.276512	0.324547	0.306861	0.256674	0.293618	0.284031	0.290410	0.303908	0.329034	0.246692	0.355232	0.255513	0.317420	0.274246	0.302695	0.301524	0.264351	0.272026	0.262276	0.291318	0.300604	0.340932	0.337447	0.306709	0.332373	0.321974	0.314273	0.272451	0.275945	0.337883	0.368544	0.301353	0.290581	0.294953	0.290435	0.290717	0.351652	0.320171	0.345305	0.302720	0.185476	0.295740	0.277018	0.300934	0.287871	0.303388	0.280535	0.254663	0.047711	0.296531	0.340802	0.203545	0.298203	0.272095	0.335301	0.354082	0.283441	0.252271	0.338293	0.314404	0.296081	0.316607	0.337675	0.271804	0.271999	0.256845	0.306872	0.349407	0.296447	0.289924	0.324069	0.273054	0.316028	0.319499	-0.199418	-0.310322	-0.361596	-0.327124	-0.318449	-0.316414	-0.349649	-0.241450	-0.225324	-0.371387	-0.378207	-0.363762	-0.347730	-0.363429	-0.327362	-0.257920	-0.342855	-0.367190	-0.309714	-0.356228	-0.353103	-0.333867	-0.372769	-0.361565	-0.354865	-0.363656	-0.357973	-0.228052	-0.363790	-0.315959	-0.380416	-0.351686	-0.349909	-0.351528	-0.346621	-0.372870	-0.362633	-0.325510	-0.334829	-0.355571	-0.357432	-0.387431	-0.364741	-0.381534	-0.369694	-0.344212	-0.349610	-0.412087	-0.369553	-0.307820	-0.326710	-0.351934	-0.350313	-0.361151	-0.328082	-0.336301	-0.359254	-0.357967	-0.324121	-0.340878	-0.344868	-0.357153	-0.344564	-0.358058	-0.348528	-0.322402	-0.357812	-0.356580	-0.315988	-0.379614	-0.334539	-0.352348	-0.362062	-0.351953	-0.357075	-0.345696	
0.226644	0.197483	0.286430	0.924362	0.276652	0.312122	0.234716	0.294473	0.295600	0.373786	0.265418	0.215684	0.292711	0.310995	0.285957	0.288390	0.287961	0.295167	0.308098	0.272546	0.244867	0.254749	0.282298	0.219331	0.289075	0.330980	0.248191	0.324105	0.242801	0.278405	0.309518	0.318953	0.330544	0.253125	0.264449	0.281592	0.248986	0.288880	0.258754	0.270143	0.311099	0.304647	0.274042	0.315309	0.307478	0.261802	0.318879	0.348462	0.259300	0.289381	0.331779	0.293167	0.269173	0.319074	0.282846	0.319417	0.302485	0.253741	0.250641	0.270642	0.290520	0.262636	0.267475	0.357597	0.350887	0.063707	0.284083	0.326249	0.161681	0.278887	0.279810	0.261543	0.297239	0.222352	0.314356	0.268272	0.296843	0.252709	0.285893	0.264795	0.251891	0.261009	0.171450	0.180221	0.323105	0.308358	0.306881	0.250457	0.259199	0.214698	0.301347	-0.123809	-0.292193	-0.334052	-0.350966	-0.337021	-0.264195	-0.343261	-0.219261	-0.147219	-0.363338	-0.390757	-0.351437	-0.366251	-0.309508	-0.329148	-0.240365	-0.360381	-0.345016	-0.330793	-0.354296	-0.329718	-0.330965	-0.339683	-0.336620	-0.341445	-0.351734	-0.327795	-0.264512	-0.348770	-0.320817	-0.322038	-0.323242	-0.347828	-0.338739	-0.356063	-0.345540	-0.352501	-0.259285	-0.342160	-0.363854	-0.324704	-0.339856	-0.336607	-0.356441	-0.357569	-0.349272	-0.331687	-0.391549	-0.340662	-0.301825	-0.330025	-0.335675	-0.330680	-0.328408	-0.316768	-0.313641	-0.346606	-0.316407	-0.344300	-0.319259	-0.340231	-0.312040	-0.328089	-0.325771	-0.322823	-0.338372	-0.330626	-0.336292	-0.308761	-0.331355	-0.320631	-0.317090	-0.339128	-0.307689	-0.357557	-0.354192	
0.243435	0.194972	0.293222	0.276652	0.954783	0.319920	0.254237	0.295252	0.233981	0.255190	0.271479	0.174549	0.286173	0.240557	0.299649	0.266534	0.263549	0.270262	0.239964	0.247521	0.275955	0.270063	0.270484	0.284430	0.322416	0.287997	0.318299	0.255769	0.261476	0.261308	0.256873	0.204923	0.313519	0.199732	0.199036	0.233379	0.234562	0.235936	0.254455	0.267214	0.234540	0.241283	0.252861	0.249614	0.253322	0.226112	0.334042	0.306596	0.250938	0.251175	0.265883	0.251593	0.238632	0.255777	0.313173	0.271063	0.274437	0.169493	0.300651	0.304284	0.232981	0.241370	0.189699	0.270730	0.267762	0.158592	0.282372	0.276294	0.244355	0.293393	0.256448	0.343547	0.305390	0.273491	0.209243	0.253373	0.255803	0.258961	0.270849	0.282362	0.298311	0.301731	0.159590	0.232740	0.331957	0.311219	0.238866	0.318665	0.229980	0.273386	0.251764	-0.286513	-0.291372	-0.311937	-0.287701	-0.288016	-0.058377	-0.280673	-0.245973	-0.172526	-0.384578	-0.286086	-0.337697	-0.321901	-0.318618	-0.330198	-0.240629	-0.324839	-0.320091	-0.307113	-0.305309	-0.292878	-0.298501	-0.337734	-0.269946	-0.331696	-0.362759	-0.339845	-0.216458	-0.361160	-0.308594	-0.326779	-0.328283	-0.317709	-0.290384	-0.305365	-0.332836	-0.346976	-0.280244	-0.310141	-0.318438	-0.329295	-0.347729	-0.327367	-0.346252	-0.301410	-0.313759	-0.337296	-0.390663	-0.343903	-0.299234	-0.355294	-0.284267	-0.327839	-0.355411	-0.275514	-0.286750	-0.335607	-0.330387	-0.331824	-0.277199	-0.348679	-0.300588	-0.318936	-0.340439	-0.305391	-0.318217	-0.351645	-0.336802	-0.254088	-0.345021	-0.341005	-0.334906	-0.322095	-0.311655	-0.324678	-0.332043	
0.287071	0.287219	0.303095	0.312122	0.319920	0.928679	0.230461	0.311008	0.277663	0.313740	0.330760	0.185466	0.334579	0.327461	0.325975	0.256730	0.267396	0.288802	0.302152	0.319882	0.292089	0.268401	0.318547	0.295785	0.332272	0.308637	0.318694	0.298888	0.260235	0.296676	0.307548	0.278534	0.301862	0.241046	0.282141	0.282376	0.253641	0.307340	0.319487	0.300459	0.292521	0.256806	0.317439	0.312950	0.271656	0.281987	0.305176	0.313602	0.321633	0.273774	0.313333	0.312462	0.314450	0.293650	0.338691	0.295322	0.290085	0.226879	0.285022	0.351367	0.302511	0.271993	0.312434	0.311490	0.222753	0.162347	0.308668	0.316886	0.172210	0.265411	0.319044	0.298410	0.280512	0.296932	0.257154	0.317716	0.341106	0.295521	0.242990	0.333682	0.276326	0.279314	0.189255	0.265527	0.272369	0.303490	0.245996	0.237826	0.194978	0.201631	0.306531	-0.333975	-0.309819	-0.348556	-0.357689	-0.309893	-0.220660	-0.338872	-0.263838	-0.248143	-0.361013	-0.396649	-0.376068	-0.338973	-0.355648	-0.328573	-0.301835	-0.335051	-0.361003	-0.350251	-0.355831	-0.333839	-0.324587	-0.375968	-0.320628	-0.346905	-0.340818	-0.360393	-0.243039	-0.362846	-0.324243	-0.366887	-0.329128	-0.362876	-0.326628	-0.361972	-0.362103	-0.362691	-0.324841	-0.331139	-0.365338	-0.350311	-0.385467	-0.369110	-0.372909	-0.344068	-0.355834	-0.386750	-0.380171	-0.339711	-0.336400	-0.371028	-0.326169	-0.320120	-0.334307	-0.330976	-0.311256	-0.354462	-0.340517	-0.342571	-0.323147	-0.348944	-0.319080	-0.346907	-0.338566	-0.343511	-0.338336	-0.350019	-0.361069	-0.314065	-0.379473	-0.364097	-0.347751	-0.335760	-0.337765	-0.332324	-0.368698	
0.243498	0.175132	0.121314	0.234716	0.254237	0.230461	1.056047	0.241621	0.318244	0.266851	0.330515	0.207552	0.161817	0.197486	0.289523	0.210691	0.192888	0.269465	0.220621	0.216672	0.169932	0.208215	0.237956	0.169603	0.141495	0.149532	0.205290	0.283148	0.245962	0.137745	0.176568	0.126496	0.273283	0.172316	0.124520	0.291852	0.171347	0.173876	0.259301	0.143912	0.160953	0.255687	0.220193	0.255757	0.138030	0.238469	0.256580	0.137883	0.111807	0.186131	0.231253	0.206211	0.116931	0.238245	0.199526	0.298184	0.192899	0.201106	0.222329	0.302678	0.197814	0.210026	0.227045	0.222185	0.207654	0.087762	0.172750	0.249754	0.158176	0.203410	0.194738	0.191193	0.180119	0.177513	0.199207	0.225342	0.263946	0.280822	0.282763	0.314651	0.283484	0.238927	0.099048	0.198547	0.132620	0.163780	0.155508	0.196102	0.282217	0.080384	0.312865	-0.210958	-0.251903	-0.256805	-0.341015	-0.210080	0.087172	-0.234187	-0.126035	-0.104468	-0.278968	-0.376202	-0.225527	-0.264698	-0.267060	-0.329893	-0.302945	-0.192351	-0.313687	-0.316583	-0.293301	-0.260348	-0.267731	-0.306594	-0.253098	-0.213087	-0.327361	-0.259621	-0.139760	-0.307963	-0.335921	-0.318057	-0.312512	-0.305770	-0.303525	-0.303708	-0.281613	-0.255208	-0.147475	-0.217112	-0.232944	-0.324055	-0.194390	-0.259000	-0.280207	-0.229114	-0.306692	-0.300854	-0.287014	-0.337904	-0.295475	-0.315491	-0.270913	-0.178508	-0.308836	-0.268905	-0.286432	-0.226870	-0.264602	-0.305895	-0.285864	-0.371238	-0.321391	-0.315969	-0.327380	-0.172145	-0.346695	-0.252370	-0.278904	-0.227096	-0.353602	-0.178475	-0.216750	-0.245463	-0.275303	-0.269275	-0.330701	
0.279851	0.292710	0.291446	0.294473	0.295252	0.311008	0.241621	0.908227	0.251669	0.289996	0.274420	0.369116	0.302094	0.315665	0.271627	0.278942	0.316368	0.303153	0.268038	0.291717	0.276289	0.283868	0.305021	0.267948	0.291704	0.270637	0.284998	0.290616	0.254051	0.296604	0.310370	0.328201	0.311043	0.235451	0.289177	0.251018	0.265169	0.281230	0.308916	0.276593	0.249420	0.256915	0.310588	0.317844	0.320214	0.280922	0.327433	0.320855	0.300720	0.306437	0.251429	0.265084	0.263587	0.265444	0.305237	0.301827	0.290274	0.292851	0.247629	0.286001	0.348681	0.273654	0.294625	0.292572	0.285358	0.217620	0.354121	0.312908	0.303966	0.296565	0.304665	0.296355	0.253301	0.210209	0.298798	0.286926	0.299279	0.267143	0.295715	0.316640	0.246859	0.298337	0.265919	0.270002	0.297919	0.290122	0.314419	0.301524	0.233796	0.295978	0.339729	-0.244303	-0.302079	-0.335691	-0.334980	-0.314283	-0.223705	-0.348803	-0.271488	-0.220860	-0.350082	-0.322988	-0.349641	-0.359980	-0.319693	-0.354068	-0.284817	-0.330472	-0.316771	-0.343222	-0.343463	-0.366909	-0.325613	-0.359877	-0.328904	-0.338820	-0.342166	-0.377533	-0.208746	-0.340667	-0.331194	-0.382521	-0.352412	-0.335792	-0.339005	-0.347478	-0.346846	-0.358567	-0.304745	-0.318507	-0.345981	-0.343205	-0.332840	-0.353225	-0.330303	-0.366700	-0.346939	-0.359971	-0.378901	-0.337068	-0.339063	-0.376715	-0.306632	-0.340651	-0.359470	-0.339722	-0.335565	-0.330959	-0.350403	-0.321131	-0.339193	-0.352316	-0.334366	-0.348275	-0.350300	-0.330155	-0.345898	-0.353762	-0.341255	-0.299048	-0.319845	-0.382444	-0.344917	-0.341676	-0.320883	-0.335064	-0.350819	
0.259500	0.274836	0.317172	0.295600	0.233981	0.277663	0.318244	0.251669	1.012098	0.248796	0.310866	0.213510	0.281246	0.133934	0.237690	0.221033	0.255281	0.266648	0.271529	0.227151	0.251535	0.244653	0.300798	0.251423	0.331211	0.281544	0.289929	0.273585	0.269874	0.359440	0.298853	0.258484	0.295102	0.256513	0.252144	0.253771	0.266219	0.283122	0.238075	0.289188	0.327827	0.263964	0.276549	0.266518	0.256360	0.320311	0.269839	0.325541	0.281122	0.233058	0.334439	0.300630	0.256625	0.344894	0.282184	0.345129	0.238320	0.188888	0.255503	0.288011	0.287472	0.282107	0.278535	0.333487	0.256362	0.148316	0.223060	0.268897	0.132428	0.294218	0.255056	0.294439	0.322475	0.317834	0.254386	0.275257	0.289572	0.291234	0.248401	0.301407	0.377357	0.252776	0.235681	0.238539	0.249388	0.254828	0.286997	0.240653	0.247490	0.291331	0.258461	-0.462058	-0.277877	-0.330411	-0.323033	-0.308552	-0.229606	-0.323335	-0.225132	-0.233217	-0.343341	-0.399950	-0.305600	-0.320475	-0.306099	-0.343425	-0.252882	-0.312012	-0.312032	-0.333301	-0.324654	-0.341910	-0.357720	-0.322619	-0.325449	-0.349061	-0.329090	-0.332500	-0.244745	-0.341682	-0.302357	-0.375982	-0.336578	-0.326600	-0.341131	-0.349873	-0.357861	-0.354924	-0.250051	-0.302199	-0.356426	-0.342110	-0.349079	-0.336508	-0.367667	-0.331980	-0.305449	-0.350672	-0.365692	-0.335535	-0.339494	-0.334751	-0.302001	-0.335779	-0.356502	-0.309263	-0.314108	-0.327681	-0.298509	-0.335397	-0.323620	-0.343761	-0.324096	-0.315516	-0.329845	-0.311171	-0.319993	-0.341989	-0.331857	-0.293075	-0.348701	-0.339214	-0.346937	-0.316239	-0.330719	-0.349075	-0.338616	
0.279472	0.349757	0.274021	0.373786	0.255190	0.313740	0.266851	0.289996	0.248796	0.967830	0.300558	0.261438	0.329740	0.293137	0.333319	0.366066	0.361700	0.314597	0.311279	0.291171	0.319265	0.256024	0.282155	0.262816	0.302617	0.300108	0.298655	0.315236	0.286183	0.285937	0.273900	0.322042	0.347369	0.268602	0.296264	0.285490	0.220999	0.333665	0.330332	0.270182	0.327813	0.311173	0.261098	0.317726	0.323475	0.304767	0.327309	0.361351	0.280876	0.334901	0.329744	0.271604	0.278292	0.321991	0.300355	0.258561	0.315116	0.252801	0.257809	0.321612	0.342849	0.268707	0.328152	0.334549	0.346741	0.149893	0.229440	0.297031	0.210019	0.339290	0.301957	0.263154	0.271168	0.285319	0.329224	0.328224	0.303768	0.308397	0.304955	0.291408	0.335878	0.270001	0.352951	0.241269	0.242520	0.252718	0.262966	0.292952	0.218855	0.264641	0.309675	-0.163332	-0.307903	-0.361631	-0.374651	-0.320883	-0.072585	-0.348741	-0.285375	-0.276413	-0.354031	-0.407665	-0.383175	-0.360044	-0.344374	-0.354953	-0.279158	-0.353628	-0.372283	-0.333173	-0.359253	-0.363129	-0.354792	-0.363668	-0.326037	-0.367941	-0.341302	-0.349439	-0.178486	-0.378566	-0.345865	-0.365351	-0.349488	-0.363067	-0.363363	-0.376112	-0.382258	-0.379700	-0.315336	-0.331469	-0.352644	-0.354399	-0.361311	-0.374346	-0.381482	-0.346125	-0.347027	-0.362506	-0.425318	-0.334951	-0.328913	-0.356172	-0.344165	-0.351388	-0.365062	-0.343055	-0.345847	-0.384334	-0.335885	-0.350296	-0.340582	-0.355512	-0.357073	-0.363706	-0.337874	-0.346042	-0.354215	-0.346984	-0.356036	-0.312287	-0.381064	-0.368826	-0.331312	-0.334121	-0.353795	-0.332858	-0.377222	
0.345736	0.284596	0.277704	0.265418	0.271479	0.330760	0.330515	0.274420	0.310866	0.300558	0.921738	0.212607	0.282815	0.279223	0.258743	0.286605	0.325385	0.291122	0.255012	0.262163	0.257881	0.251603	0.307439	0.224773	0.260923	0.292710	0.278171	0.270763	0.279738	0.277307	0.277917	0.265180	0.257821	0.228774	0.230819	0.266193	0.262748	0.282028	0.287213	0.290477	0.237542	0.298222	0.274190	0.280905	0.274365	0.277852	0.326666	0.321608	0.266125	0.265713	0.291025	0.310115	0.239632	0.289207	0.281597	0.313158	0.245630	0.234810	0.283237	0.264017	0.295815	0.280503	0.309071	0.257648	0.316877	0.075953	0.283627	0.260807	0.255469	0.249654	0.244668	0.296260	0.306300	0.232448	0.322276	0.295843	0.266980	0.293472	0.326718	0.310242	0.303193	0.242236	0.228950	0.222716	0.343065	0.323071	0.141197	0.301062	0.233772	0.253341	0.308787	-0.119412	-0.304252	-0.340340	-0.315625	-0.304628	-0.172541	-0.334212	-0.240728	-0.228035	-0.358559	-0.365730	-0.327703	-0.322161	-0.321586	-0.348262	-0.234568	-0.320926	-0.320098	-0.315110	-0.323301	-0.335809	-0.342802	-0.351721	-0.313293	-0.359197	-0.351333	-0.346157	-0.177014	-0.345176	-0.300976	-0.360914	-0.331086	-0.351773	-0.333737	-0.346441	-0.337844	-0.334691	-0.251289	-0.289268	-0.329935	-0.319964	-0.363195	-0.338584	-0.356891	-0.341211	-0.310419	-0.337422	-0.380313	-0.361151	-0.304523	-0.352060	-0.318581	-0.338817	-0.334841	-0.295801	-0.320992	-0.332058	-0.344317	-0.334472	-0.292152	-0.343186	-0.340554	-0.314716	-0.328492	-0.311700	-0.356809	-0.337333	-0.352513	-0.292625	-0.341229	-0.361841	-0.336262	-0.288921	-0.306876	-0.323109	-0.348775	
0.193222	0.247642	0.160045	0.215684	0.174549	0.185466	0.207552	0.369116	0.213510	0.261438	0.212607	0.760596	0.180233	0.092976	0.196628	0.236917	0.214933	0.247625	0.249474	0.355360	0.138641	0.204628	0.352984	0.122806	0.166790	0.276669	0.288907	0.207437	0.258754	0.244880	0.192063	0.214845	0.287728	0.199293	0.209999	0.078300	0.136238	0.225429	0.210809	0.233913	0.191580	0.255955	0.173493	0.164328	0.267305	0.218230	0.266002	0.331715	0.231473	0.154304	0.190069	0.177943	0.266607	0.186094	0.206806	0.240930	0.282790	0.118353	0.197587	0.213072	0.198913	0.165824	0.232899	0.174639	0.203333	0.240041	0.182348	0.183967	0.146671	0.231705	0.261844	0.183429	0.164097	0.156443	0.251688	0.263164	0.240562	0.233859	0.262346	0.221605	0.226485	0.247650	0.313518	0.083203	0.192857	0.192973	0.180585	0.241180	0.157900	0.210688	0.346253	-0.340590	-0.181263	-0.246814	-0.328791	-0.325329	0.213855	-0.345105	-0.051667	-0.149739	-0.323087	-0.035271	-0.307003	-0.266338	-0.288678	-0.313384	-0.083998	-0.312862	-0.140560	-0.319476	-0.274908	-0.281024	-0.350100	-0.271200	-0.238880	-0.261457	-0.301211	-0.270510	-0.113782	-0.308884	-0.215652	-0.269586	-0.318833	-0.299583	-0.326143	-0.296058	-0.339432	-0.275414	-0.258356	-0.266725	-0.327297	-0.212077	-0.258773	-0.278728	-0.107447	-0.290139	-0.259869	-0.277379	-0.319039	-0.321982	-0.287304	-0.246943	-0.258065	-0.264455	-0.307910	-0.252333	-0.291543	-0.289043	-0.332908	-0.339501	-0.296013	-0.248933	-0.226473	-0.282319	-0.228861	-0.243771	-0.284295	-0.228535	-0.308726	-0.291609	-0.376973	-0.258240	-0.233557	-0.257195	-0.337641	-0.324123	-0.322220	
0.273868	0.245023	0.309576	0.292711	0.286173	0.334579	0.161817	0.302094	0.281246	0.329740	0.282815	0.180233	0.986911	0.267717	0.290924	0.311859	0.347412	0.280582	0.309096	0.267919	0.317897	0.316725	0.333170	0.288131	0.294804	0.332702	0.273479	0.284315	0.255673	0.306910	0.277457	0.285550	0.339742	0.268225	0.285589	0.342045	0.327768	0.319547	0.276302	0.272841	0.304525	0.292236	0.353001	0.334145	0.314441	0.255564	0.274262	0.331923	0.250211	0.264353	0.335142	0.295442	0.241931	0.284215	0.274898	0.278692	0.295443	0.314955	0.254102	0.293405	0.309958	0.290118	0.283713	0.275688	0.340743	0.107289	0.306141	0.345052	0.202487	0.262225	0.262895	0.291484	0.303788	0.262158	0.283403	0.309294	0.275702	0.308842	0.288196	0.307904	0.259617	0.278254	0.188434	0.204893	0.319246	0.313341	0.352389	0.320638	0.239049	0.263648	0.280710	-0.211539	-0.304751	-0.333152	-0.343361	-0.350480	0.014114	-0.365691	-0.278422	-0.202592	-0.348333	-0.385240	-0.358984	-0.337537	-0.360725	-0.334222	-0.257264	-0.328499	-0.370954	-0.300526	-0.347862	-0.337516	-0.356315	-0.338041	-0.321093	-0.333706	-0.359034	-0.356025	-0.264469	-0.371830	-0.325927	-0.354157	-0.343190	-0.371576	-0.354154	-0.361801	-0.330510	-0.338018	-0.292001	-0.329158	-0.354020	-0.347660	-0.346984	-0.359254	-0.346059	-0.331163	-0.350084	-0.369958	-0.377680	-0.362789	-0.326303	-0.355219	-0.356391	-0.342521	-0.353246	-0.348597	-0.302812	-0.346657	-0.354548	-0.342280	-0.331775	-0.352060	-0.345514	-0.357238	-0.355230	-0.336379	-0.351746	-0.349211	-0.349218	-0.320093	-0.358981	-0.356618	-0.337679	-0.343505	-0.368392	-0.326100	-0.369295	
0.210901	0.223194	0.277486	0.310995	0.240557	0.327461	0.197486	0.315665	0.133934	0.293137	0.279223	0.092976	0.267717	0.755561	0.256129	0.287318	0.259147	0.264789	0.270977	0.220718	0.235030	0.252890	0.255736	0.299176	0.278127	0.223445	0.294618	0.240920	0.248575	0.276541	0.235475	0.218879	0.249351	0.315012	0.212965	0.209648	0.214792	0.291197	0.198116	0.271181	0.318285	0.262757	0.252043	0.267222	0.274691	0.253861	0.352708	0.199827	0.285536	0.268475	0.194231	0.179997	0.278955	0.259008	0.310940	0.196421	0.188977	0.141929	0.200907	0.286492	0.250418	0.246690	0.223048	0.213291	0.283521	0.226335	0.237963	0.366299	0.222713	0.281021	0.312493	0.245417	0.261416	0.187978	0.204000	0.244834	0.293527	0.275427	0.296160	0.242136	0.254334	0.214103	0.237416	0.316884	0.239894	0.243144	0.233686	0.208168	0.203181	0.161445	0.294097	-0.075907	-0.286868	-0.367813	-0.267984	-0.295130	-0.000408	-0.312760	0.015192	-0.180573	-0.371394	-0.342396	-0.369684	-0.370731	-0.270400	-0.297250	-0.167088	-0.322290	-0.330574	-0.307089	-0.324145	-0.315794	-0.349956	-0.327872	-0.271451	-0.326035	-0.324640	-0.356957	-0.070572	-0.327911	-0.289052	-0.302143	-0.295744	-0.340526	-0.314129	-0.318259	-0.331909	-0.290259	-0.129126	-0.253502	-0.335734	-0.323477	-0.305987	-0.338984	-0.303683	-0.339348	-0.282007	-0.276312	-0.313736	-0.324709	-0.306056	-0.291817	-0.298103	-0.296616	-0.316251	-0.258242	-0.270401	-0.319173	-0.320557	-0.328079	-0.300890	-0.294334	-0.286113	-0.317270	-0.325740	-0.282679	-0.287267	-0.347320	-0.310093	-0.312185	-0.316061	-0.334138	-0.297897	-0.293887	-0.255426	-0.293836	-0.331308	
0.281466	0.279381	0.299729	0.285957	0.299649	0.325975	0.289523	0.271627	0.237690	0.333319	0.258743	0.196628	0.290924	0.256129	1.033174	0.351231	0.258443	0.250229	0.288035	0.306052	0.256733	0.287235	0.290006	0.210019	0.357510	0.383080	0.339400	0.232916	0.239394	0.336599	0.307783	0.302357	0.338236	0.225531	0.223290	0.210878	0.239110	0.295792	0.278380	0.304019	0.284157	0.240578	0.355121	0.299067	0.294121	0.253238	0.351883	0.388962	0.261646	0.282175	0.265772	0.308418	0.232512	0.293921	0.317997	0.298520	0.245931	0.203211	0.319958	0.363229	0.315973	0.280309	0.280088	0.305080	0.320771	0.085818	0.299242	0.315442	0.227932	0.268740	0.327104	0.252516	0.250089	0.259031	0.249853	0.285891	0.322240	0.334948	0.294852	0.274772	0.313203	0.253777	0.221032	0.433333	0.297600	0.352129	0.296188	0.295464	0.251599	0.274812	0.316379	-0.275927	-0.298575	-0.332816	-0.357462	-0.331794	-0.144721	-0.344136	-0.267257	-0.224422	-0.359110	-0.358253	-0.362731	-0.362399	-0.311858	-0.347683	-0.287741	-0.334557	-0.357797	-0.334626	-0.346706	-0.366100	-0.350700	-0.366404	-0.335316	-0.353165	-0.375186	-0.364438	-0.227348	-0.340169	-0.342511	-0.354081	-0.311627	-0.344869	-0.323144	-0.349838	-0.350147	-0.337396	-0.245313	-0.319165	-0.358810	-0.330026	-0.385176	-0.345146	-0.391650	-0.358477	-0.350722	-0.346834	-0.375060	-0.342868	-0.334698	-0.337562	-0.327929	-0.323428	-0.354076	-0.341483	-0.326215	-0.349412	-0.359774	-0.347419	-0.340960	-0.376980	-0.320356	-0.341955	-0.323873	-0.338091	-0.323290	-0.341660	-0.335355	-0.346911	-0.376511	-0.356013	-0.356312	-0.332467	-0.362204	-0.343282	-0.367341	
0.296549	0.257699	0.267289	0.288390	0.266534	0.256730	0.210691	0.278942	0.221033	0.366066	0.286605	0.236917	0.311859	0.287318	0.351231	1.001303	0.313352	0.304993	0.266090	0.264957	0.338158	0.218496	0.309719	0.268485	0.317379	0.309814	0.363368	0.319402	0.270482	0.334164	0.263919	0.323493	0.286795	0.232928	0.340370	0.214222	0.271846	0.322306	0.309269	0.274472	0.242470	0.296480	0.247999	0.267953	0.300994	0.295254	0.319186	0.351906	0.274543	0.263395	0.314474	0.281517	0.259899	0.292085	0.300387	0.323466	0.229236	0.271982	0.220608	0.316352	0.316437	0.269875	0.312547	0.307467	0.338466	0.096200	0.306654	0.374832	0.191657	0.310699	0.303401	0.362093	0.277519	0.242620	0.325152	0.320777	0.292682	0.315314	0.357005	0.264512	0.319822	0.234167	0.274949	0.277349	0.258793	0.284076	0.235836	0.270314	0.250619	0.237414	0.305866	-0.231546	-0.276778	-0.356970	-0.342455	-0.332269	-0.130665	-0.334075	-0.261396	-0.163459	-0.347725	-0.388389	-0.371641	-0.345339	-0.313236	-0.347861	-0.308741	-0.322704	-0.366695	-0.353983	-0.366940	-0.359297	-0.335746	-0.341070	-0.327502	-0.348297	-0.335846	-0.361236	-0.240383	-0.368765	-0.327969	-0.345015	-0.312406	-0.360203	-0.345577	-0.348914	-0.361592	-0.345543	-0.245572	-0.312497	-0.337333	-0.331293	-0.346044	-0.351451	-0.349988	-0.361979	-0.328159	-0.348688	-0.396087	-0.375098	-0.337820	-0.352966	-0.341849	-0.352945	-0.363978	-0.324008	-0.322795	-0.346857	-0.341149	-0.351463	-0.343020	-0.338054	-0.342745	-0.368782	-0.350081	-0.347125	-0.370812	-0.338727	-0.324848	-0.321755	-0.346134	-0.375392	-0.329196	-0.357192	-0.340145	-0.316108	-0.365384	
0.351714	0.393810	0.284873	0.287961	0.263549	0.267396	0.192888	0.316368	0.255281	0.361700	0.325385	0.214933	0.347412	0.259147	0.258443	0.313352	1.038340	0.238822	0.311693	0.291983	0.347273	0.293003	0.302306	0.263512	0.271377	0.281241	0.294016	0.317450	0.260846	0.304925	0.278783	0.287251	0.248266	0.292281	0.304731	0.288299	0.193030	0.334604	0.295868	0.335746	0.253270	0.268962	0.248983	0.290454	0.333697	0.251195	0.338925	0.308212	0.269468	0.274865	0.280405	0.295711	0.321312	0.318113	0.312490	0.247326	0.293350	0.237640	0.314278	0.292909	0.363134	0.263187	0.280931	0.270412	0.370268	0.043362	0.268974	0.343009	0.270255	0.327956	0.255433	0.275986	0.275090	0.328159	0.327028	0.330525	0.278311	0.298716	0.344238	0.311794	0.331149	0.254545	0.259222	0.151196	0.307421	0.379729	0.204068	0.290704	0.239841	0.258407	0.269275	-0.092144	-0.320942	-0.371431	-0.350086	-0.335094	-0.230260	-0.322637	-0.275315	-0.238168	-0.360805	-0.389054	-0.369513	-0.341128	-0.347194	-0.348591	-0.257432	-0.350234	-0.324214	-0.339160	-0.342229	-0.350062	-0.346352	-0.344787	-0.335559	-0.335974	-0.352810	-0.379414	-0.224065	-0.357956	-0.349167	-0.355209	-0.354071	-0.366696	-0.346720	-0.348362	-0.364518	-0.354904	-0.176555	-0.307842	-0.352457	-0.353960	-0.376465	-0.355287	-0.362696	-0.351974	-0.353107	-0.350733	-0.400951	-0.340973	-0.320702	-0.374946	-0.315998	-0.345437	-0.359787	-0.335592	-0.348391	-0.347198	-0.356316	-0.346334	-0.364376	-0.365315	-0.332421	-0.347568	-0.354528	-0.330195	-0.344008	-0.366131	-0.298195	-0.320894	-0.361873	-0.351451	-0.355634	-0.350821	-0.341111	-0.349859	-0.365207	
0.293201	0.187058	0.276512	0.295167	0.270262	0.288802	0.269465	0.303153	0.266648	0.314597	0.291122	0.247625	0.280582	0.264789	0.250229	0.304993	0.238822	0.914039	0.306270	0.278342	0.307037	0.318050	0.318410	0.250491	0.303941	0.256205	0.278492	0.296283	0.317015	0.286751	0.285263	0.310095	0.299911	0.222036	0.265303	0.251232	0.236274	0.271892	0.272743	0.264780	0.217945	0.250876	0.327810	0.323937	0.239304	0.317155	0.248581	0.316129	0.290414	0.292272	0.276598	0.282057	0.279229	0.321469	0.293546	0.281625	0.243915	0.233725	0.265902	0.307163	0.357148	0.248536	0.249404	0.283927	0.305571	0.045541	0.277301	0.334216	0.241470	0.262743	0.317558	0.292728	0.239295	0.279767	0.291115	0.287501	0.283300	0.245043	0.273854	0.273883	0.275002	0.264019	0.324817	0.274824	0.253274	0.249940	0.278740	0.295077	0.192272	0.184277	0.251891	-0.201359	-0.327846	-0.347712	-0.325011	-0.336679	-0.270144	-0.320653	-0.244133	-0.195027	-0.325123	-0.355993	-0.335184	-0.323633	-0.282079	-0.318195	-0.285659	-0.344505	-0.338497	-0.342994	-0.334508	-0.325867	-0.350122	-0.344174	-0.300382	-0.323812	-0.373702	-0.365382	-0.248158	-0.354868	-0.321540	-0.331462	-0.311685	-0.358291	-0.319174	-0.362466	-0.335330	-0.338686	-0.247167	-0.296936	-0.336392	-0.314718	-0.350861	-0.334237	-0.346296	-0.340407	-0.329052	-0.346760	-0.374641	-0.334164	-0.323549	-0.349972	-0.311908	-0.310366	-0.319123	-0.318423	-0.342451	-0.342719	-0.346552	-0.347480	-0.306246	-0.359625	-0.322828	-0.346146	-0.328313	-0.346590	-0.337279	-0.309670	-0.341674	-0.294501	-0.336353	-0.324341	-0.330328	-0.327043	-0.295891	-0.306709	-0.342406	
0.322042	0.335716	0.324547	0.308098	0.239964	0.302152	0.220621	0.268038	0.271529	0.311279	0.255012	0.249474	0.309096	0.270977	0.288035	0.266090	0.311693	0.306270	0.922536	0.286550	0.311340	0.308035	0.320000	0.269496	0.311118	0.298777	0.292800	0.304031	0.314526	0.325486	0.282968	0.273507	0.302803	0.273557	0.270329	0.213759	0.256983	0.320837	0.331743	0.285530	0.311877	0.292527	0.293605	0.324932	0.308041	0.269654	0.344779	0.353718	0.261258	0.280022	0.303547	0.293668	0.281791	0.337456	0.309230	0.291711	0.300086	0.266757	0.333665	0.326733	0.304078	0.318589	0.298757	0.317302	0.319688	0.102131	0.261798	0.333730	0.174891	0.289234	0.282247	0.311190	0.285945	0.254218	0.307928	0.261908	0.304012	0.322216	0.246019	0.305743	0.323607	0.307877	0.245588	0.290050	0.295642	0.320452	0.340395	0.247595	0.291091	0.292773	0.285328	-0.221095	-0.328120	-0.357772	-0.377429	-0.337537	-0.367287	-0.355199	-0.309887	-0.154222	-0.362335	-0.380981	-0.363209	-0.358720	-0.334680	-0.349147	-0.260917	-0.360736	-0.362992	-0.320431	-0.352232	-0.339198	-0.325313	-0.352017	-0.322477	-0.357822	-0.369463	-0.355210	-0.188831	-0.335343	-0.306521	-0.368590	-0.345777	-0.380675	-0.351554	-0.357131	-0.356253	-0.346700	-0.258300	-0.311819	-0.373419	-0.338164	-0.366112	-0.389560	-0.388042	-0.354478	-0.340632	-0.340242	-0.393086	-0.357336	-0.338510	-0.362233	-0.334854	-0.353447	-0.369751	-0.330487	-0.331277	-0.351924	-0.329839	-0.341177	-0.354562	-0.329210	-0.345266	-0.348453	-0.320433	-0.343739	-0.357520	-0.339830	-0.352443	-0.322920	-0.345120	-0.336888	-0.372510	-0.340921	-0.342448	-0.354682	-0.348727	
0.251054	0.176276	0.306861	0.272546	0.247521	0.319882	0.216672	0.291717	0.227151	0.291171	0.262163	0.355360	0.267919	0.220718	0.306052	0.264957	0.291983	0.278342	0.286550	1.004090	0.305591	0.308965	0.276207	0.222636	0.323092	0.328819	0.335108	0.319668	0.286444	0.377261	0.282796	0.301805	0.294398	0.244508	0.273139	0.223797	0.239017	0.274691	0.322709	0.256906	0.260912	0.283941	0.324289	0.288929	0.279307	0.305508	0.314171	0.278534	0.315701	0.281236	0.326792	0.324779	0.295294	0.300138	0.283555	0.310453	0.281883	0.187323	0.265115	0.300850	0.315027	0.292443	0.300555	0.380750	0.318405	0.296444	0.290471	0.298893	0.159632	0.309056	0.325815	0.290497	0.314411	0.280779	0.253882	0.291010	0.267752	0.319652	0.287611	0.304722	0.281508	0.331510	0.207203	0.253119	0.260449	0.272816	0.419483	0.283844	0.237490	0.204061	0.255857	-0.221030	-0.298700	-0.355533	-0.354188	-0.327259	-0.203389	-0.356112	-0.248669	-0.231715	-0.341395	-0.405836	-0.357293	-0.331349	-0.336262	-0.361243	-0.297045	-0.286400	-0.347851	-0.329599	-0.337924	-0.352440	-0.322380	-0.365550	-0.334154	-0.345121	-0.345402	-0.371971	-0.247766	-0.341214	-0.309208	-0.341508	-0.345296	-0.338757	-0.358485	-0.349567	-0.345585	-0.327346	-0.289407	-0.320953	-0.342683	-0.324119	-0.376649	-0.351151	-0.363954	-0.342138	-0.318655	-0.359506	-0.371175	-0.371180	-0.355072	-0.343349	-0.341610	-0.345598	-0.346505	-0.320873	-0.331926	-0.329570	-0.330520	-0.369549	-0.324815	-0.340454	-0.335710	-0.334602	-0.362092	-0.351427	-0.346464	-0.302080	-0.344618	-0.294270	-0.362740	-0.361418	-0.336837	-0.326757	-0.350734	-0.316642	-0.344633	
0.318102	0.306360	0.256674	0.244867	0.275955	0.292089	0.169932	0.276289	0.251535	0.319265	0.257881	0.138641	0.317897	0.235030	0.256733	0.338158	0.347273	0.307037	0.311340	0.305591	0.935295	0.251474	0.263984	0.275455	0.308250	0.289838	0.271020	0.254656	0.291287	0.314614	0.271919	0.335404	0.316901	0.304786	0.246522	0.255065	0.307709	0.286863	0.277671	0.317679	0.313623	0.306696	0.302917	0.316797	0.322885	0.349923	0.330826	0.394507	0.266530	0.301296	0.255429	0.290811	0.243277	0.314739	0.316906	0.256112	0.293774	0.252625	0.248307	0.257316	0.294875	0.268063	0.291215	0.279618	0.308470	0.128091	0.278805	0.333091	0.212585	0.316701	0.245180	0.348714	0.326713	0.253160	0.328448	0.303459	0.291087	0.303379	0.254699	0.284408	0.301039	0.271166	0.217958	0.259156	0.281850	0.290559	0.253221	0.238507	0.286127	0.266549	0.252892	-0.193282	-0.276122	-0.359400	-0.351646	-0.307853	-0.356011	-0.345674	-0.322642	-0.208061	-0.368625	-0.380287	-0.348979	-0.344869	-0.337717	-0.365911	-0.298052	-0.321920	-0.330193	-0.324201	-0.308626	-0.337295	-0.337382	-0.351484	-0.326851	-0.346340	-0.355172	-0.373089	-0.236949	-0.357673	-0.323067	-0.351500	-0.361647	-0.348945	-0.343203	-0.340102	-0.341367	-0.351217	-0.282586	-0.315629	-0.366947	-0.330219	-0.346761	-0.346825	-0.365775	-0.359568	-0.314139	-0.344908	-0.408174	-0.354464	-0.323616	-0.349641	-0.321089	-0.322654	-0.344087	-0.338796	-0.342511	-0.343369	-0.311502	-0.348328	-0.337383	-0.342702	-0.332306	-0.331988	-0.335881	-0.331698	-0.332447	-0.340683	-0.342929	-0.291470	-0.354839	-0.356289	-0.349101	-0.331562	-0.309485	-0.316468	-0.375518	
0.279941	0.214027	0.293618	0.254749	0.270063	0.268401	0.208215	0.283868	0.244653	0.256024	0.251603	0.204628	0.316725	0.252890	0.287235	0.218496	0.293003	0.318050	0.308035	0.308965	0.251474	0.838390	0.299364	0.268888	0.312166	0.292999	0.265846	0.287644	0.295218	0.304010	0.301354	0.259136	0.296803	0.224711	0.224787	0.277511	0.234746	0.304142	0.338105	0.242364	0.231545	0.256207	0.281362	0.311648	0.331942	0.301020	0.333735	0.262718	0.236583	0.254974	0.323680	0.305933	0.243537	0.306755	0.261780	0.249783	0.305679	0.162710	0.287254	0.325865	0.303425	0.299306	0.300109	0.254737	0.316034	0.245047	0.276484	0.296701	0.165493	0.249322	0.261724	0.307743	0.240274	0.213236	0.251722	0.261356	0.254658	0.295159	0.280327	0.268348	0.266711	0.253756	0.312116	0.221858	0.269404	0.304919	0.241084	0.319972	0.276819	0.207688	0.280103	-0.169416	-0.273231	-0.343201	-0.303497	-0.315639	-0.247967	-0.323315	-0.197849	-0.234934	-0.361373	-0.362697	-0.350796	-0.329822	-0.317335	-0.324469	-0.243725	-0.323102	-0.353218	-0.294379	-0.328018	-0.330354	-0.327788	-0.354385	-0.314014	-0.322751	-0.338359	-0.342395	-0.163550	-0.369342	-0.299021	-0.333176	-0.309310	-0.351239	-0.329622	-0.327911	-0.339948	-0.335213	-0.338018	-0.312168	-0.336544	-0.328185	-0.363866	-0.341427	-0.342706	-0.343667	-0.353134	-0.346323	-0.357464	-0.343047	-0.340407	-0.332279	-0.307726	-0.321825	-0.331603	-0.297851	-0.318980	-0.348500	-0.308592	-0.330928	-0.330050	-0.347182	-0.333628	-0.356224	-0.295414	-0.353100	-0.318550	-0.324126	-0.302407	-0.294891	-0.357743	-0.355968	-0.335903	-0.328106	-0.300828	-0.324389	-0.343504	
0.302652	0.291891	0.284031	0.282298	0.270484	0.318547	0.237956	0.305021	0.300798	0.282155	0.307439	0.352984	0.333170	0.255736	0.290006	0.309719	0.302306	0.318410	0.320000	0.276207	0.263984	0.299364	0.969713	0.236252	0.381392	0.316499	0.288712	0.291289	0.276331	0.368837	0.283213	0.271682	0.322182	0.287514	0.294432	0.268920	0.208123	0.284681	0.294844	0.284561	0.276188	0.272135	0.358823	0.259919	0.297092	0.259843	0.327125	0.404616	0.294336	0.285230	0.267346	0.304415	0.286383	0.320269	0.313186	0.250332	0.298056	0.265378	0.293448	0.307259	0.346653	0.281036	0.315856	0.347762	0.342896	0.134701	0.325898	0.311018	0.178656	0.308483	0.294166	0.322075	0.285112	0.309028	0.325277	0.351358	0.288960	0.313467	0.319737	0.304775	0.353064	0.283972	0.264528	0.234581	0.312978	0.277926	0.155208	0.305633	0.210105	0.267207	0.344201	-0.207510	-0.315758	-0.360683	-0.342434	-0.337999	-0.144662	-0.346057	-0.184713	-0.253121	-0.366838	-0.382940	-0.370692	-0.341439	-0.329381	-0.352956	-0.286150	-0.355552	-0.363629	-0.367854	-0.321203	-0.349516	-0.373109	-0.366650	-0.320452	-0.366524	-0.371328	-0.337961	-0.167582	-0.364602	-0.368741	-0.378145	-0.371797	-0.369330	-0.361815	-0.361353	-0.379423	-0.369806	-0.226352	-0.330402	-0.369315	-0.349786	-0.369124	-0.354515	-0.397341	-0.361237	-0.357727	-0.359525	-0.408793	-0.375522	-0.346849	-0.352846	-0.338132	-0.332265	-0.370017	-0.344358	-0.334321	-0.387871	-0.348602	-0.346801	-0.345617	-0.353876	-0.351999	-0.351712	-0.351099	-0.366895	-0.351702	-0.320979	-0.353027	-0.332717	-0.359789	-0.361404	-0.341466	-0.374761	-0.365545	-0.359265	-0.389815	
0.238181	0.211814	0.290410	0.219331	0.284430	0.295785	0.169603	0.267948	0.251423	0.262816	0.224773	0.122806	0.288131	0.299176	0.210019	0.268485	0.263512	0.250491	0.269496	0.222636	0.275455	0.268888	0.236252	0.929435	0.292878	0.235696	0.299647	0.268715	0.259351	0.255229	0.241520	0.313255	0.259339	0.179522	0.288895	0.212605	0.204754	0.196092	0.225351	0.233981	0.376753	0.228375	0.253066	0.304556	0.295041	0.259077	0.261780	0.245963	0.258117	0.204538	0.249931	0.233771	0.212031	0.292191	0.261834	0.188289	0.305479	0.306966	0.259322	0.275488	0.236002	0.263165	0.228279	0.282972	0.299029	0.260653	0.220131	0.223278	0.280871	0.267831	0.271970	0.321369	0.269391	0.269041	0.229525	0.240517	0.251934	0.259036	0.298977	0.252767	0.287250	0.220593	0.259861	0.208897	0.283327	0.297021	0.288634	0.271575	0.218427	0.206396	0.235862	-0.209599	-0.310117	-0.316007	-0.317378	-0.288758	-0.307253	-0.288980	-0.165914	-0.218410	-0.318309	-0.322802	-0.309743	-0.320419	-0.324165	-0.286299	-0.221709	-0.282371	-0.299143	-0.334412	-0.308997	-0.319487	-0.312058	-0.309977	-0.296549	-0.330005	-0.329412	-0.305476	-0.215747	-0.337692	-0.300545	-0.318819	-0.318410	-0.287792	-0.293919	-0.291339	-0.301440	-0.340867	-0.251472	-0.297176	-0.295193	-0.285319	-0.352712	-0.327226	-0.317303	-0.300363	-0.288862	-0.326081	-0.352281	-0.330820	-0.318265	-0.303308	-0.289828	-0.288248	-0.305287	-0.266799	-0.266966	-0.325006	-0.316135	-0.289431	-0.291582	-0.323992	-0.308863	-0.301877	-0.326618	-0.285451	-0.325126	-0.337806	-0.304808	-0.285068	-0.329612	-0.311898	-0.298240	-0.346249	-0.305373	-0.288732	-0.333789	
0.335384	0.174939	0.303908	0.289075	0.322416	0.332272	0.141495	0.291704	0.331211	0.302617	0.260923	0.166790	0.294804	0.278127	0.357510	0.317379	0.271377	0.303941	0.311118	0.323092	0.308250	0.312166	0.381392	0.292878	1.047536	0.287653	0.308070	0.307446	0.296609	0.350278	0.310143	0.252889	0.304265	0.215061	0.234800	0.277500	0.235310	0.334268	0.323849	0.314085	0.258738	0.323639	0.341951	0.315872	0.287394	0.296716	0.321531	0.233688	0.293778	0.291882	0.311888	0.338152	0.316122	0.289825	0.327819	0.316628	0.273770	0.259631	0.344967	0.304150	0.303584	0.301455	0.321704	0.344255	0.307272	0.141461	0.334180	0.277783	0.310921	0.313694	0.297665	0.359710	0.296698	0.353383	0.228375	0.260315	0.275655	0.319685	0.296214	0.311610	0.339233	0.300438	0.290695	0.338385	0.310835	0.292785	0.248278	0.333116	0.233608	0.198124	0.292981	-0.302111	-0.307277	-0.370611	-0.363477	-0.361586	-0.393985	-0.360667	-0.246399	-0.236276	-0.359747	-0.396339	-0.367577	-0.377076	-0.367927	-0.362243	-0.263656	-0.349584	-0.371154	-0.334051	-0.349781	-0.381374	-0.374318	-0.374920	-0.324092	-0.344574	-0.368777	-0.371630	-0.281974	-0.374337	-0.323245	-0.368074	-0.359770	-0.354933	-0.362810	-0.351383	-0.350549	-0.361736	-0.284913	-0.347078	-0.348277	-0.335087	-0.376543	-0.360489	-0.389014	-0.365820	-0.367927	-0.385220	-0.393198	-0.382749	-0.357375	-0.384655	-0.357825	-0.355978	-0.349704	-0.328326	-0.328711	-0.381871	-0.330927	-0.374566	-0.355612	-0.379556	-0.366561	-0.359841	-0.343438	-0.340569	-0.366065	-0.345117	-0.367097	-0.332435	-0.368240	-0.358472	-0.354858	-0.341393	-0.349275	-0.312259	-0.368410	
