0.000000	0.222222	0.238318	0.209459	0.234146	0.200000	0.267327	0.213018	0.223744	0.247748	0.219731	0.300000	0.245000	0.220183	0.265766	0.232558	0.241071	0.183857	0.290179	0.239819	0.222857	0.286408	0.288889	0.246637	0.226244	0.268182	0.229358	0.246637	0.240196	0.250000	0.204301	0.230088	0.248804	0.108333	0.231250	0.230088	0.243119	0.231132	0.277174	0.244275	0.255605	0.252252	0.282297	0.244444	0.260274	0.226950	0.214286	0.276786	0.247368	0.231959	0.247475	0.211982	0.273973	0.212670	0.169492	0.241026	0.255319	0.296117	0.269912	0.203620	0.232877	0.270270	0.252336	0.244344	0.238739	0.277273	0.275862	0.273585	0.250000	0.238318	0.215247	0.238318	0.271795	0.228972	0.228188	0.263393	0.202703	0.250000	0.221106	0.196172	0.284314	0.264706	0.166667	0.202381	0.270408	0.234234	0.208333	0.268868	0.196319	0.260274	0.247059	0.461538	0.460465	0.486772	0.534483	0.488152	0.512821	0.417722	0.520408	0.465347	0.684932	0.481481	0.453202	0.475000	0.473171	0.563636	0.470852	0.504587	0.541096	0.504902	0.448276	0.506849	0.464455	0.471963	0.493213	0.504505	0.469767	0.472222	0.465608	0.492611	0.469484	0.519048	0.444954	0.463768	0.440000	0.454955	0.478873	0.475248	0.489691	0.511737	0.509259	0.514970	0.481818	0.491071	0.514019	0.534483	0.473934	0.461165	0.480952	0.421296	0.453125	0.436275	0.502283	0.461538	0.511416	0.437209	0.489130	0.497653	0.485849	0.455814	0.458537	0.502415	0.511211	0.470874	0.486486	0.486239	0.469388	0.463768	0.491071	0.461187	0.449495	0.495455	0.421296	0.481707	0.463303	0.472727	
0.222222	0.000000	0.180851	0.233696	0.233962	0.194444	0.247191	0.187500	0.251773	0.248252	0.240000	0.191011	0.207692	0.242105	0.232558	0.230496	0.199336	0.219595	0.235690	0.220000	0.200000	0.229630	0.205357	0.259386	0.246622	0.225589	0.238908	0.218121	0.215613	0.223333	0.227273	0.201320	0.220532	0.214765	0.265306	0.262295	0.181818	0.204380	0.222222	0.278146	0.201342	0.250836	0.240876	0.192691	0.263699	0.247059	0.203704	0.229236	0.245833	0.242188	0.240157	0.227273	0.248299	0.211073	0.187970	0.252000	0.242424	0.227106	0.219269	0.234483	0.231293	0.211409	0.192000	0.235088	0.214765	0.234483	0.213115	0.214286	0.223333	0.249123	0.223333	0.221053	0.210744	0.226277	0.200000	0.204698	0.220736	0.234657	0.248031	0.238095	0.254545	0.184211	0.254237	0.197802	0.209877	0.221477	0.326531	0.223022	0.244019	0.196532	0.240385	0.495652	0.484536	0.465909	0.459916	0.493056	0.433333	0.468750	0.449057	0.452555	0.559633	0.479452	0.442446	0.456140	0.449275	0.428571	0.465116	0.461017	0.480392	0.454874	0.510791	0.493151	0.456747	0.446367	0.436242	0.483333	0.438356	0.486301	0.423077	0.514286	0.508591	0.479021	0.461017	0.458781	0.462046	0.468013	0.458621	0.505376	0.500000	0.465753	0.476027	0.517391	0.466443	0.485050	0.467354	0.497041	0.468750	0.473118	0.503521	0.447099	0.469466	0.422383	0.461279	0.477193	0.460751	0.455479	0.488095	0.470588	0.420139	0.496552	0.455197	0.459649	0.465116	0.478723	0.469799	0.503378	0.438202	0.462687	0.498339	0.472973	0.465201	0.464646	0.467354	0.504425	0.505119	0.463087	
0.238318	0.180851	0.000000	0.241176	0.224000	0.200000	0.248980	0.265000	0.248120	0.244444	0.200717	0.204819	0.252066	0.232210	0.229391	0.200758	0.242857	0.212996	0.206522	0.210714	0.200957	0.239044	0.218009	0.197080	0.253623	0.213768	0.211679	0.241007	0.208000	0.234043	0.189427	0.198582	0.162602	0.188406	0.263736	0.256410	0.239700	0.198444	0.244344	0.184397	0.224638	0.194946	0.227451	0.225000	0.216912	0.246835	0.168317	0.229391	0.206278	0.231405	0.194215	0.230483	0.190476	0.229630	0.238095	0.268085	0.150538	0.240000	0.225806	0.251852	0.205128	0.187726	0.219512	0.225564	0.238267	0.214022	0.155172	0.209125	0.254480	0.231061	0.190647	0.252830	0.227074	0.178988	0.226190	0.230216	0.205036	0.258687	0.250000	0.222656	0.229572	0.212245	0.196429	0.223529	0.196507	0.250000	0.282609	0.172414	0.238095	0.243750	0.211055	0.575472	0.442804	0.506173	0.468468	0.490637	0.442308	0.500000	0.473469	0.470356	0.562500	0.454212	0.466926	0.478673	0.424125	0.536232	0.485714	0.459854	0.481081	0.449612	0.486381	0.472325	0.458955	0.434944	0.463768	0.498208	0.455882	0.470588	0.430962	0.484615	0.479705	0.490566	0.463768	0.442308	0.480427	0.440433	0.486989	0.507752	0.477912	0.474074	0.525926	0.504673	0.485612	0.485714	0.485185	0.532468	0.470149	0.482625	0.496183	0.433824	0.491803	0.461538	0.442029	0.479245	0.453875	0.455882	0.491379	0.425373	0.477444	0.440741	0.428571	0.469697	0.469534	0.492366	0.471014	0.467391	0.453441	0.486486	0.465950	0.434307	0.420635	0.460145	0.451852	0.488038	0.479705	0.433213	
0.209459	0.233696	0.241176	0.000000	0.198795	0.264706	0.190476	0.210145	0.203488	0.258621	0.215470	0.264706	0.213415	0.202312	0.226519	0.216374	0.247253	0.220339	0.195531	0.230769	0.206897	0.242775	0.236111	0.206897	0.296089	0.265193	0.272222	0.222222	0.198795	0.188889	0.197452	0.196721	0.245509	0.210084	0.286713	0.231579	0.270115	0.200000	0.237500	0.242718	0.245810	0.262570	0.251534	0.225275	0.209040	0.170940	0.295775	0.237569	0.209150	0.277108	0.226994	0.242938	0.217877	0.208092	0.242424	0.211180	0.210526	0.290698	0.200000	0.197740	0.203390	0.262570	0.252747	0.228070	0.241758	0.248588	0.188679	0.279070	0.243094	0.211429	0.230769	0.271186	0.231707	0.198864	0.128000	0.237569	0.200000	0.273810	0.221519	0.207101	0.267442	0.214286	0.360000	0.260274	0.230769	0.234637	0.222222	0.203488	0.224638	0.184000	0.262411	0.442623	0.409357	0.480769	0.456522	0.439306	0.387097	0.413793	0.425806	0.432099	0.571429	0.434286	0.407407	0.477612	0.438272	0.354167	0.469613	0.448864	0.418033	0.475309	0.437870	0.440000	0.441860	0.441860	0.446328	0.467033	0.427746	0.494186	0.418301	0.521739	0.465116	0.449102	0.421348	0.458824	0.406593	0.398876	0.444444	0.458333	0.437500	0.502857	0.488506	0.477273	0.446328	0.430939	0.482759	0.448276	0.479532	0.469136	0.494048	0.428571	0.416667	0.412121	0.449438	0.434524	0.403409	0.406977	0.489796	0.497076	0.426901	0.434286	0.433735	0.506024	0.447514	0.414201	0.427778	0.485876	0.428571	0.415254	0.472527	0.416667	0.432099	0.519337	0.404624	0.431818	0.460227	0.441341	
0.234146	0.233962	0.224000	0.198795	0.000000	0.378378	0.254167	0.243523	0.221344	0.224409	0.204545	0.240506	0.248908	0.241935	0.225191	0.222222	0.242424	0.223485	0.273077	0.233716	0.217822	0.257261	0.278607	0.254826	0.247104	0.274131	0.293436	0.238462	0.235043	0.242424	0.217593	0.222642	0.268085	0.248062	0.247126	0.224138	0.213439	0.233333	0.254808	0.251799	0.226923	0.233716	0.255144	0.223485	0.250000	0.196078	0.239130	0.224335	0.252336	0.292576	0.295154	0.250980	0.270588	0.240157	0.272727	0.253456	0.200000	0.238494	0.205323	0.248031	0.224806	0.261538	0.260504	0.227451	0.253846	0.239216	0.200000	0.218623	0.224335	0.196787	0.241379	0.253012	0.236111	0.177686	0.182927	0.241379	0.226054	0.265560	0.230435	0.242798	0.240664	0.224576	0.314815	0.206897	0.175115	0.223077	0.163265	0.229839	0.263441	0.240260	0.231579	0.560000	0.435294	0.471861	0.502415	0.454545	0.595745	0.404762	0.478632	0.464435	0.651163	0.459144	0.456432	0.489691	0.445833	0.529412	0.505703	0.501946	0.494382	0.493776	0.473251	0.445312	0.436508	0.450593	0.494253	0.467681	0.480469	0.468504	0.427948	0.485714	0.486166	0.532000	0.461240	0.487903	0.494340	0.448276	0.438735	0.491803	0.472340	0.496063	0.533333	0.520000	0.473077	0.516981	0.527559	0.442857	0.438247	0.440816	0.461847	0.455253	0.471616	0.412245	0.463320	0.473684	0.431907	0.466667	0.486486	0.480159	0.454183	0.440945	0.465306	0.481928	0.444867	0.469636	0.446565	0.455598	0.452991	0.471591	0.511364	0.465116	0.476987	0.503876	0.464844	0.510204	0.498054	0.435115	
0.200000	0.194444	0.200000	0.264706	0.378378	0.000000	0.270270	0.323529	0.250000	0.305556	0.138889	0.310345	0.135135	0.264706	0.257143	0.222222	0.222222	0.166667	0.189189	0.305556	0.324324	0.194444	0.212121	0.189189	0.147059	0.277778	0.189189	0.138889	0.176471	0.257143	0.189189	0.222222	0.243243	0.151515	0.228571	0.205882	0.176471	0.277778	0.250000	0.212121	0.270270	0.305556	0.200000	0.305556	0.222222	0.218750	0.133333	0.285714	0.257143	0.305556	0.294118	0.108108	0.176471	0.235294	0.176471	0.181818	0.275862	0.147059	0.243243	0.216216	0.166667	0.235294	0.272727	0.270270	0.162162	0.194444	0.280000	0.285714	0.324324	0.277778	0.257143	0.264706	0.294118	0.200000	0.171429	0.222222	0.114286	0.166667	0.305556	0.138889	0.205882	0.257143	0.259259	0.250000	0.411765	0.250000	0.208333	0.222222	0.147059	0.257143	0.250000	0.411765	0.515152	0.444444	0.461538	0.500000	0.416667	0.230769	0.406250	0.400000	0.625000	0.540541	0.370370	0.482759	0.516129	0.250000	0.432432	0.515152	0.592593	0.433333	0.588235	0.600000	0.457143	0.354839	0.485714	0.472222	0.424242	0.515152	0.437500	0.428571	0.470588	0.441176	0.540541	0.516129	0.500000	0.428571	0.437500	0.363636	0.406250	0.411765	0.500000	0.541667	0.371429	0.432432	0.437500	0.631579	0.500000	0.484848	0.468750	0.514286	0.457143	0.393939	0.588235	0.566667	0.484848	0.375000	0.517241	0.514286	0.558824	0.444444	0.322581	0.515152	0.444444	0.342857	0.500000	0.628571	0.466667	0.375000	0.583333	0.371429	0.366667	0.485714	0.351351	0.400000	0.545455	0.400000	
0.267327	0.247191	0.248980	0.190476	0.254167	0.270270	0.000000	0.262295	0.209677	0.250996	0.218868	0.229885	0.197425	0.216867	0.201521	0.217391	0.212121	0.205323	0.212928	0.198473	0.216346	0.219917	0.261307	0.258687	0.250000	0.234848	0.256809	0.226054	0.216102	0.194656	0.146789	0.222642	0.220779	0.246269	0.262570	0.233333	0.228000	0.240664	0.248804	0.297872	0.258555	0.226054	0.219512	0.211321	0.231660	0.181250	0.217822	0.177358	0.261468	0.229075	0.222707	0.256000	0.230769	0.218750	0.222222	0.226244	0.308511	0.256198	0.218045	0.226562	0.250965	0.226054	0.232759	0.210317	0.206107	0.222656	0.150000	0.229508	0.226415	0.250996	0.225191	0.229839	0.236111	0.235294	0.144654	0.244275	0.232824	0.190871	0.183406	0.204167	0.271605	0.198312	0.272727	0.258427	0.223744	0.209924	0.234043	0.181452	0.211640	0.248408	0.198953	0.490196	0.429134	0.480519	0.433962	0.452381	0.520000	0.393258	0.429185	0.466667	0.468085	0.445312	0.448560	0.390000	0.404167	0.485714	0.458333	0.440154	0.426966	0.452282	0.442149	0.439689	0.450593	0.413386	0.452107	0.441065	0.420233	0.425781	0.409692	0.493878	0.441406	0.468000	0.414729	0.447581	0.445693	0.419847	0.405512	0.475410	0.459916	0.482353	0.476562	0.434343	0.452107	0.473684	0.452756	0.442177	0.450199	0.415638	0.504000	0.414062	0.462882	0.400826	0.436782	0.467742	0.414062	0.453488	0.477273	0.425197	0.424603	0.437008	0.412245	0.440476	0.422642	0.425101	0.409962	0.463320	0.440171	0.445714	0.454545	0.432432	0.401674	0.432432	0.437984	0.472081	0.430233	0.437262	
0.213018	0.187500	0.265000	0.210145	0.243523	0.323529	0.262295	0.000000	0.241206	0.262376	0.281553	0.253521	0.251366	0.218274	0.223301	0.238342	0.233010	0.213592	0.261084	0.209756	0.215569	0.242105	0.272189	0.252475	0.266010	0.205882	0.276699	0.240196	0.226316	0.222222	0.267857	0.269231	0.222222	0.215517	0.239437	0.245283	0.237624	0.214660	0.159341	0.256637	0.245098	0.263415	0.261780	0.231884	0.267677	0.261905	0.272727	0.247573	0.213018	0.209945	0.242105	0.228856	0.257426	0.213930	0.229358	0.248649	0.247191	0.254054	0.236715	0.263415	0.280788	0.219512	0.180952	0.216749	0.215686	0.211823	0.241379	0.250000	0.203883	0.226131	0.207729	0.247475	0.232044	0.231959	0.282443	0.234146	0.275862	0.235897	0.228261	0.256545	0.237113	0.224599	0.294118	0.166667	0.236994	0.214634	0.355556	0.246154	0.295302	0.184615	0.287500	0.520000	0.472081	0.458101	0.480263	0.487437	0.487179	0.486486	0.464865	0.419890	0.655738	0.472637	0.435484	0.486111	0.433155	0.576923	0.461165	0.485149	0.468085	0.500000	0.433155	0.465000	0.415385	0.441624	0.423645	0.495146	0.490000	0.477157	0.388889	0.521277	0.505051	0.512953	0.447761	0.465608	0.480769	0.467980	0.456410	0.494681	0.478261	0.479592	0.500000	0.527397	0.458937	0.533981	0.487562	0.444444	0.502591	0.457895	0.510417	0.412060	0.449704	0.404255	0.509709	0.502591	0.470000	0.445545	0.461988	0.507614	0.439394	0.479592	0.484043	0.441026	0.449275	0.512953	0.444444	0.497512	0.475138	0.436090	0.509709	0.467662	0.500000	0.490099	0.477157	0.452703	0.470000	0.456311	
0.223744	0.251773	0.248120	0.203488	0.221344	0.250000	0.209677	0.241206	0.000000	0.253676	0.218638	0.226190	0.233871	0.237736	0.222222	0.250000	0.217857	0.208633	0.231047	0.219424	0.218605	0.248031	0.273585	0.247273	0.241877	0.231884	0.270073	0.251799	0.250996	0.236559	0.237069	0.205674	0.221311	0.175182	0.256983	0.271186	0.227612	0.215385	0.298165	0.292517	0.242754	0.237410	0.246094	0.248227	0.221818	0.191358	0.240385	0.229391	0.242291	0.282158	0.268908	0.236842	0.209559	0.216117	0.188976	0.182203	0.229167	0.253968	0.264286	0.274074	0.229091	0.212996	0.245763	0.247232	0.210145	0.254613	0.131148	0.223485	0.250896	0.225564	0.254480	0.220532	0.244444	0.246094	0.203488	0.224638	0.241007	0.231660	0.232365	0.225681	0.239216	0.261044	0.298246	0.241758	0.188841	0.297101	0.204082	0.228137	0.273196	0.171598	0.236181	0.568627	0.429630	0.491736	0.465753	0.507519	0.458333	0.457831	0.508130	0.478261	0.593750	0.453875	0.453125	0.470874	0.470588	0.485294	0.519713	0.490842	0.508197	0.484375	0.498054	0.470370	0.481343	0.444030	0.471014	0.485612	0.478102	0.463235	0.435146	0.480769	0.479554	0.511364	0.457875	0.474708	0.430605	0.449640	0.481343	0.474708	0.478088	0.518519	0.544444	0.511848	0.489130	0.487544	0.533333	0.470588	0.479401	0.461240	0.500000	0.435424	0.460905	0.441860	0.480000	0.441065	0.463235	0.462963	0.540773	0.456929	0.432331	0.460967	0.442308	0.486792	0.480287	0.461538	0.483755	0.470803	0.483740	0.448087	0.487455	0.430657	0.458498	0.490909	0.455556	0.485714	0.488971	0.449275	
0.247748	0.248252	0.244444	0.258621	0.224409	0.305556	0.250996	0.262376	0.253676	0.000000	0.200704	0.238095	0.239837	0.217228	0.240283	0.232210	0.260563	0.197880	0.234875	0.265957	0.181395	0.264591	0.297170	0.265233	0.236559	0.267857	0.241877	0.247350	0.249012	0.209220	0.260870	0.249123	0.241935	0.195652	0.255435	0.256198	0.247232	0.253788	0.247706	0.217687	0.252669	0.249110	0.216216	0.286713	0.240000	0.213415	0.205882	0.228070	0.240000	0.226721	0.228216	0.251852	0.268116	0.264493	0.224806	0.220339	0.216495	0.254826	0.218310	0.274725	0.236559	0.232143	0.183333	0.256410	0.231317	0.258182	0.220339	0.289474	0.211268	0.228464	0.237589	0.268657	0.283843	0.244186	0.217647	0.212766	0.262411	0.229008	0.245833	0.267176	0.274131	0.278884	0.350877	0.266667	0.224138	0.259786	0.170213	0.254682	0.257576	0.284024	0.175000	0.486239	0.458182	0.465863	0.468750	0.485294	0.592593	0.393258	0.462151	0.457364	0.538462	0.452899	0.463878	0.458333	0.438931	0.513514	0.505263	0.483871	0.507772	0.455939	0.500000	0.476534	0.444853	0.454212	0.451957	0.480565	0.496377	0.445652	0.475410	0.464151	0.494545	0.483271	0.465950	0.481061	0.475524	0.448399	0.489051	0.486692	0.513619	0.518248	0.492754	0.520930	0.466431	0.493007	0.489051	0.480769	0.455882	0.477273	0.498127	0.446043	0.468000	0.431298	0.457143	0.477778	0.462094	0.431159	0.476987	0.452206	0.424354	0.457875	0.432331	0.509294	0.454225	0.462406	0.501779	0.473310	0.448413	0.476190	0.489437	0.467857	0.445736	0.480427	0.437956	0.504630	0.460145	0.430605	
0.219731	0.240000	0.200717	0.215470	0.204545	0.138889	0.218868	0.281553	0.218638	0.200704	0.000000	0.229885	0.209302	0.238434	0.215488	0.200717	0.235690	0.170648	0.255102	0.243243	0.235556	0.228464	0.247748	0.224138	0.242321	0.204778	0.237113	0.261017	0.215094	0.255892	0.203320	0.237458	0.227799	0.205479	0.272251	0.231405	0.215548	0.255556	0.255411	0.225166	0.244068	0.227119	0.211111	0.234899	0.201389	0.177515	0.203704	0.258389	0.238494	0.252964	0.235060	0.207746	0.240550	0.273684	0.213740	0.202429	0.218750	0.237918	0.230769	0.219512	0.229452	0.231293	0.241935	0.248227	0.200000	0.237762	0.150000	0.242754	0.239057	0.234875	0.222973	0.252669	0.240664	0.181481	0.161850	0.216949	0.236486	0.235294	0.246032	0.208955	0.245421	0.219697	0.327586	0.208791	0.207469	0.240678	0.145833	0.239130	0.214634	0.279762	0.218447	0.562500	0.416667	0.503817	0.455696	0.472028	0.516667	0.404255	0.471483	0.452206	0.547170	0.458621	0.445652	0.444444	0.437956	0.539474	0.463087	0.479452	0.497512	0.437956	0.483636	0.470588	0.489510	0.426573	0.481356	0.478114	0.449827	0.435986	0.443580	0.471223	0.477509	0.473498	0.469178	0.449275	0.446667	0.438776	0.472222	0.480144	0.481343	0.503472	0.517241	0.464912	0.456081	0.506711	0.489583	0.500000	0.442105	0.462094	0.483986	0.441379	0.476923	0.414545	0.479592	0.441696	0.422680	0.449827	0.488000	0.447552	0.435088	0.442509	0.440860	0.477032	0.446309	0.458781	0.447458	0.462585	0.441509	0.494949	0.516779	0.428571	0.453875	0.486395	0.416667	0.491071	0.458621	0.450847	
0.300000	0.191011	0.204819	0.264706	0.240506	0.310345	0.229885	0.253521	0.226190	0.238095	0.229885	0.000000	0.231707	0.224719	0.261364	0.264368	0.261364	0.211765	0.191011	0.181818	0.189873	0.220930	0.219512	0.200000	0.267442	0.235955	0.238636	0.247191	0.259259	0.227273	0.265823	0.250000	0.216867	0.246154	0.343284	0.321429	0.174419	0.283951	0.170732	0.385965	0.193182	0.157303	0.231707	0.170455	0.258427	0.227273	0.304348	0.255814	0.325000	0.225000	0.265060	0.206897	0.162791	0.228916	0.333333	0.259259	0.207547	0.235294	0.247191	0.279070	0.252874	0.258427	0.301887	0.129412	0.280899	0.200000	0.162162	0.211765	0.250000	0.252874	0.204545	0.181818	0.177215	0.190476	0.184615	0.232558	0.284091	0.261364	0.246914	0.222222	0.312500	0.246914	0.323529	0.245283	0.181818	0.170455	0.290323	0.197531	0.293333	0.200000	0.271429	0.450000	0.457831	0.466667	0.397059	0.476744	0.407407	0.531915	0.469136	0.443038	0.512821	0.469880	0.402597	0.593750	0.397590	0.516129	0.516854	0.506024	0.476923	0.448718	0.480519	0.436782	0.447059	0.428571	0.436782	0.488636	0.445783	0.476744	0.402778	0.524390	0.435294	0.468354	0.534091	0.493506	0.511364	0.488636	0.412500	0.518987	0.454545	0.435294	0.488095	0.467742	0.500000	0.505618	0.475610	0.478261	0.562500	0.487500	0.494118	0.441860	0.500000	0.500000	0.471264	0.462500	0.441860	0.511905	0.529412	0.423529	0.421687	0.464286	0.513158	0.482353	0.534091	0.433735	0.471910	0.528736	0.493333	0.431034	0.511364	0.369048	0.486111	0.420455	0.488095	0.525424	0.552941	0.454545	
0.245000	0.207692	0.252066	0.213415	0.248908	0.135135	0.197425	0.251366	0.233871	0.239837	0.209302	0.231707	0.000000	0.224066	0.244186	0.232365	0.220930	0.211765	0.228346	0.248062	0.226131	0.221277	0.253886	0.242063	0.253906	0.213178	0.257937	0.207031	0.206897	0.210117	0.204651	0.207692	0.212389	0.233577	0.250000	0.232143	0.192623	0.258197	0.242424	0.312500	0.254902	0.280156	0.239496	0.228682	0.223529	0.236025	0.150000	0.244186	0.233645	0.235023	0.252252	0.183673	0.247059	0.241935	0.190476	0.211982	0.225806	0.236052	0.236434	0.255906	0.192913	0.251969	0.234234	0.220000	0.222656	0.247967	0.233333	0.279835	0.214008	0.237903	0.225681	0.219512	0.230769	0.210970	0.208589	0.207031	0.234375	0.182573	0.266968	0.227468	0.251029	0.193133	0.267857	0.224719	0.235849	0.247059	0.244898	0.239837	0.204545	0.256410	0.234973	0.541667	0.452381	0.495575	0.480198	0.489879	0.620000	0.386364	0.475556	0.489177	0.527473	0.490040	0.468354	0.476684	0.449153	0.507246	0.468992	0.515873	0.502959	0.453782	0.485356	0.493976	0.483871	0.447581	0.468750	0.470817	0.486056	0.429719	0.440367	0.537500	0.463710	0.508197	0.498024	0.464135	0.465385	0.443580	0.469636	0.475000	0.519481	0.491935	0.524000	0.509804	0.466667	0.509653	0.467742	0.472973	0.455285	0.451883	0.526749	0.440000	0.455752	0.415966	0.484252	0.479339	0.466135	0.449799	0.511848	0.441296	0.453441	0.471774	0.457983	0.461224	0.440154	0.477178	0.474510	0.507874	0.458150	0.467836	0.490347	0.446640	0.470339	0.460630	0.472222	0.502538	0.476190	0.445312	
0.220183	0.242105	0.232210	0.202312	0.241935	0.264706	0.216867	0.218274	0.237736	0.217228	0.238434	0.224719	0.224066	0.000000	0.241135	0.217228	0.241135	0.249097	0.236749	0.224199	0.236967	0.251969	0.266055	0.267148	0.247312	0.279570	0.214545	0.250000	0.221344	0.229682	0.183406	0.242105	0.225806	0.197183	0.288043	0.239316	0.227941	0.221790	0.238938	0.211268	0.265957	0.212766	0.210117	0.265018	0.244526	0.233129	0.158879	0.223404	0.256522	0.228216	0.237705	0.196296	0.220217	0.243542	0.179688	0.247863	0.200000	0.280156	0.228873	0.256318	0.235507	0.227758	0.213115	0.284644	0.228571	0.242754	0.254237	0.242424	0.265957	0.232210	0.230496	0.228782	0.269231	0.218391	0.212121	0.209964	0.233216	0.210728	0.237500	0.243137	0.262548	0.266932	0.303571	0.224719	0.248927	0.227758	0.250000	0.252874	0.233503	0.245509	0.231156	0.462264	0.426471	0.439024	0.441441	0.423792	0.491228	0.430108	0.467742	0.415686	0.494949	0.452555	0.442308	0.433962	0.414729	0.513889	0.436170	0.476534	0.449735	0.450000	0.432432	0.430657	0.440741	0.407407	0.455197	0.462633	0.456204	0.434307	0.409091	0.473282	0.443223	0.494382	0.434783	0.415385	0.447183	0.419355	0.472325	0.455939	0.460317	0.494505	0.483516	0.448598	0.446429	0.460993	0.461538	0.480769	0.451852	0.436782	0.496241	0.412409	0.424490	0.401544	0.460432	0.454887	0.429091	0.441606	0.468085	0.450185	0.440741	0.457565	0.403042	0.413534	0.429078	0.424242	0.453571	0.447653	0.417671	0.443850	0.446809	0.411552	0.421260	0.460432	0.443223	0.434579	0.434307	0.453571	
0.265766	0.232558	0.229391	0.226519	0.225191	0.257143	0.201521	0.223301	0.222222	0.240283	0.215488	0.261364	0.244186	0.241135	0.000000	0.218638	0.214047	0.221088	0.238095	0.232323	0.218750	0.220974	0.225225	0.234483	0.231293	0.224490	0.258621	0.250847	0.200000	0.205387	0.224066	0.253333	0.220077	0.222973	0.257732	0.206612	0.260563	0.221402	0.225108	0.220000	0.218855	0.248322	0.199262	0.241611	0.259516	0.224852	0.261682	0.240803	0.205021	0.213439	0.206349	0.250000	0.250859	0.213287	0.175573	0.202429	0.244898	0.218519	0.241611	0.222997	0.254296	0.206780	0.186992	0.275618	0.222973	0.223776	0.169492	0.241007	0.245791	0.230496	0.204698	0.249123	0.200000	0.225092	0.226744	0.212838	0.280405	0.189781	0.227092	0.267658	0.251825	0.223485	0.267857	0.244444	0.225000	0.235690	0.229167	0.229091	0.252427	0.235294	0.251208	0.508772	0.454861	0.459770	0.485106	0.452632	0.483333	0.400000	0.465649	0.435424	0.495327	0.463668	0.498182	0.451327	0.446886	0.578947	0.486577	0.469178	0.487562	0.463768	0.463768	0.491349	0.468531	0.440559	0.464407	0.478114	0.493103	0.463668	0.431907	0.472924	0.484429	0.491166	0.479452	0.467391	0.450000	0.459184	0.452962	0.465704	0.494382	0.442907	0.493103	0.473684	0.477966	0.483221	0.496528	0.467456	0.477193	0.463768	0.494662	0.420690	0.442308	0.405109	0.459184	0.487633	0.441379	0.453287	0.488000	0.472028	0.459649	0.439024	0.478261	0.459364	0.419463	0.458781	0.447458	0.464164	0.435606	0.472637	0.483221	0.474403	0.444444	0.479592	0.444444	0.475556	0.486207	0.437288	
0.232558	0.230496	0.200758	0.216374	0.222222	0.222222	0.217391	0.238342	0.250000	0.232210	0.200717	0.264368	0.232365	0.217228	0.218638	0.000000	0.239286	0.216606	0.223022	0.258993	0.254717	0.240157	0.248826	0.210909	0.259928	0.257246	0.250909	0.230216	0.206349	0.214286	0.244541	0.231317	0.241935	0.241135	0.232432	0.288136	0.238806	0.239216	0.252294	0.241135	0.226619	0.223022	0.236220	0.216312	0.215328	0.184049	0.228571	0.213523	0.205240	0.226891	0.239669	0.224719	0.222628	0.261194	0.273438	0.251082	0.255102	0.286275	0.202847	0.229630	0.221014	0.234657	0.220339	0.254682	0.252708	0.181481	0.166667	0.223077	0.213523	0.185606	0.212230	0.245283	0.211454	0.241245	0.184971	0.173285	0.222222	0.249027	0.237500	0.232283	0.228346	0.254032	0.224138	0.218391	0.239130	0.240143	0.208333	0.244275	0.231959	0.208589	0.214286	0.490385	0.404412	0.448560	0.477064	0.434457	0.481481	0.426966	0.448980	0.490272	0.540816	0.430147	0.437984	0.395238	0.443137	0.478873	0.457143	0.458182	0.467742	0.440154	0.465116	0.446886	0.458955	0.391791	0.454874	0.465950	0.435897	0.435424	0.443983	0.459459	0.500000	0.460377	0.452899	0.451737	0.457447	0.438406	0.459259	0.449612	0.452000	0.464945	0.483516	0.514151	0.440433	0.459075	0.448148	0.474026	0.460674	0.444015	0.503817	0.439560	0.448980	0.400778	0.452899	0.449057	0.455882	0.416974	0.465812	0.457249	0.419476	0.405204	0.403846	0.449057	0.442857	0.409962	0.458484	0.436364	0.475610	0.456522	0.466192	0.425455	0.395257	0.467391	0.416974	0.480769	0.448529	0.422383	
0.241071	0.199336	0.242857	0.247253	0.242424	0.222222	0.212121	0.233010	0.217857	0.260563	0.235690	0.261364	0.220930	0.241135	0.214047	0.239286	0.000000	0.200680	0.240678	0.232323	0.204444	0.264925	0.238739	0.255172	0.248299	0.237288	0.217241	0.210169	0.218868	0.205387	0.170833	0.229236	0.238462	0.197279	0.215385	0.239669	0.214789	0.232472	0.250000	0.253333	0.206081	0.259259	0.220588	0.227425	0.221453	0.205882	0.212963	0.255034	0.238494	0.283465	0.225296	0.227273	0.243986	0.223776	0.213740	0.193548	0.278351	0.237918	0.258389	0.243056	0.226804	0.206780	0.225806	0.250883	0.229730	0.216783	0.152542	0.243728	0.260870	0.216312	0.228956	0.226148	0.251046	0.253676	0.258621	0.226351	0.212838	0.216117	0.270916	0.269373	0.257353	0.220532	0.224138	0.266667	0.182573	0.226351	0.163265	0.232727	0.234146	0.204678	0.230769	0.573913	0.442907	0.463602	0.468085	0.465035	0.550000	0.468750	0.435606	0.464945	0.514019	0.448276	0.476364	0.453744	0.483636	0.539474	0.463087	0.455479	0.463054	0.452899	0.469091	0.477509	0.468531	0.405594	0.483108	0.468013	0.446367	0.442907	0.420849	0.478417	0.474048	0.507042	0.457338	0.440433	0.426667	0.448980	0.449477	0.472924	0.479401	0.463668	0.487889	0.467249	0.454237	0.461538	0.493056	0.452381	0.461538	0.433213	0.487544	0.444828	0.454198	0.414545	0.438776	0.471631	0.444828	0.432526	0.456000	0.484321	0.423077	0.459930	0.392086	0.436170	0.456376	0.437276	0.440678	0.443686	0.426415	0.450000	0.483221	0.436860	0.429630	0.442177	0.442907	0.469027	0.479310	0.444068	
0.183857	0.219595	0.212996	0.220339	0.223485	0.166667	0.205323	0.213592	0.208633	0.197880	0.170648	0.211765	0.211765	0.249097	0.221088	0.216606	0.200680	0.000000	0.230241	0.215753	0.196429	0.223485	0.228311	0.248276	0.206897	0.195205	0.223776	0.223368	0.187739	0.205479	0.205021	0.210169	0.214844	0.161972	0.201058	0.196721	0.200000	0.240741	0.220264	0.231788	0.240550	0.202749	0.235294	0.227119	0.200704	0.167665	0.203704	0.230508	0.193133	0.221344	0.220000	0.200717	0.243056	0.207746	0.272727	0.172131	0.270000	0.195489	0.214286	0.221053	0.219512	0.206897	0.227642	0.234875	0.254296	0.195804	0.233333	0.274368	0.190476	0.194946	0.208191	0.208633	0.221277	0.187970	0.235632	0.181507	0.216495	0.235075	0.206349	0.194757	0.256506	0.250965	0.224138	0.188889	0.213389	0.233677	0.187500	0.237226	0.186275	0.239766	0.203883	0.500000	0.408451	0.503876	0.474138	0.469751	0.543860	0.462366	0.513514	0.436567	0.552381	0.431579	0.464945	0.447964	0.468401	0.520000	0.500000	0.482639	0.477157	0.450185	0.435897	0.452632	0.443262	0.425532	0.460481	0.453925	0.451049	0.428070	0.456693	0.472527	0.450704	0.480287	0.447917	0.455882	0.435811	0.406897	0.445230	0.481618	0.475285	0.478873	0.534722	0.504464	0.467354	0.481356	0.489437	0.451220	0.423488	0.457875	0.485612	0.419580	0.457031	0.416974	0.448276	0.451613	0.437063	0.435088	0.459677	0.468085	0.469751	0.445230	0.435897	0.469534	0.447458	0.450909	0.457045	0.467128	0.459770	0.476923	0.496599	0.425606	0.453184	0.477509	0.440141	0.481818	0.449477	0.424658	
0.290179	0.235690	0.206522	0.195531	0.273077	0.189189	0.212928	0.261084	0.231047	0.234875	0.255102	0.191011	0.228346	0.236749	0.238095	0.223022	0.240678	0.230241	0.000000	0.248299	0.182222	0.247191	0.245455	0.200000	0.263699	0.243151	0.250871	0.242321	0.230189	0.225256	0.248945	0.253378	0.232558	0.173611	0.225131	0.284553	0.249110	0.232210	0.253275	0.270270	0.238095	0.229452	0.235955	0.235690	0.234266	0.230769	0.245455	0.237288	0.233051	0.223108	0.235060	0.195730	0.229167	0.240283	0.250000	0.231707	0.280000	0.231343	0.269360	0.252632	0.235294	0.184932	0.276423	0.247312	0.269625	0.239437	0.166667	0.258182	0.239057	0.225806	0.249147	0.280576	0.284519	0.238806	0.202312	0.215753	0.223729	0.243542	0.264000	0.231343	0.276753	0.245283	0.288136	0.222222	0.245833	0.244898	0.229167	0.208791	0.303922	0.190476	0.220588	0.527273	0.480702	0.472868	0.468085	0.466431	0.533333	0.452632	0.480769	0.475836	0.514286	0.487805	0.452206	0.484305	0.444444	0.466667	0.481356	0.506897	0.470000	0.453875	0.503676	0.459930	0.487633	0.427562	0.465753	0.474576	0.459930	0.468531	0.474708	0.510949	0.491228	0.471429	0.479310	0.463504	0.481481	0.419244	0.489437	0.479853	0.483019	0.498246	0.503497	0.508772	0.472603	0.506757	0.501754	0.527273	0.453901	0.446886	0.512635	0.445993	0.453488	0.457565	0.467354	0.465950	0.452962	0.454545	0.497976	0.462898	0.464539	0.461268	0.456204	0.494624	0.464407	0.427536	0.481229	0.496552	0.467433	0.477157	0.477966	0.434483	0.455224	0.465517	0.475524	0.488789	0.473868	0.452055	
0.239819	0.220000	0.210714	0.230769	0.233716	0.305556	0.198473	0.209756	0.219424	0.265957	0.243243	0.181818	0.248062	0.224199	0.232323	0.258993	0.232323	0.215753	0.248299	0.000000	0.230769	0.244361	0.245455	0.244828	0.243151	0.261905	0.248276	0.248299	0.237736	0.202703	0.217573	0.237458	0.250965	0.210884	0.256545	0.266667	0.237589	0.225092	0.195652	0.214765	0.217687	0.254237	0.249071	0.212121	0.256944	0.220238	0.247706	0.235690	0.265823	0.249012	0.258964	0.248227	0.231034	0.230769	0.181818	0.256098	0.216495	0.246269	0.276094	0.255245	0.220690	0.227891	0.233871	0.206406	0.227891	0.221053	0.237288	0.202166	0.219595	0.223404	0.236486	0.241135	0.234310	0.207407	0.279070	0.248299	0.195946	0.240876	0.208000	0.264925	0.238095	0.224335	0.258621	0.247191	0.214876	0.238095	0.250000	0.222628	0.259804	0.208333	0.263415	0.486486	0.437500	0.469231	0.489270	0.494737	0.517241	0.357895	0.498084	0.476015	0.523364	0.416667	0.463504	0.480000	0.433824	0.513514	0.478114	0.453608	0.445000	0.465201	0.470803	0.444444	0.452632	0.435088	0.469388	0.469595	0.468750	0.467128	0.420233	0.500000	0.459930	0.524823	0.455479	0.467391	0.481605	0.433447	0.479021	0.494545	0.479401	0.489583	0.513889	0.488987	0.489796	0.488215	0.505226	0.464286	0.475352	0.454545	0.508897	0.422145	0.451737	0.427007	0.484642	0.473310	0.446367	0.479167	0.500000	0.470175	0.450704	0.461538	0.440000	0.483986	0.447811	0.465950	0.459184	0.462329	0.456274	0.474747	0.484848	0.428082	0.451852	0.474403	0.473868	0.477679	0.463668	0.462585	
0.222857	0.200000	0.200957	0.206897	0.217822	0.324324	0.216346	0.215569	0.218605	0.181395	0.235556	0.189873	0.226131	0.236967	0.218750	0.254717	0.204444	0.196429	0.182222	0.230769	0.000000	0.207729	0.230337	0.208145	0.243243	0.217778	0.200913	0.232143	0.238579	0.193694	0.247368	0.205357	0.233161	0.245902	0.217949	0.186916	0.218605	0.227723	0.231214	0.214876	0.243363	0.205357	0.242857	0.231111	0.270642	0.257353	0.202247	0.215247	0.223404	0.276382	0.210256	0.231481	0.238532	0.242009	0.263158	0.197917	0.230769	0.220096	0.221239	0.247706	0.225225	0.188341	0.247706	0.226852	0.263393	0.231481	0.185185	0.246377	0.247788	0.211982	0.247748	0.250000	0.250000	0.197044	0.208955	0.215247	0.238739	0.234450	0.245000	0.253589	0.286408	0.283582	0.211538	0.317073	0.231183	0.242152	0.204545	0.209524	0.238095	0.250000	0.236686	0.529412	0.449074	0.456410	0.480000	0.488372	0.511111	0.443038	0.471795	0.443902	0.560000	0.463303	0.430693	0.506098	0.440594	0.614035	0.459821	0.495413	0.500000	0.473430	0.443902	0.449541	0.395349	0.415094	0.452489	0.453333	0.449541	0.449074	0.436548	0.500000	0.456221	0.450704	0.472727	0.468599	0.440000	0.432432	0.464789	0.509615	0.495000	0.481481	0.493151	0.485030	0.436364	0.491071	0.492958	0.457627	0.448113	0.438095	0.473684	0.419355	0.454545	0.444444	0.431818	0.454976	0.399083	0.437209	0.473404	0.474419	0.466981	0.444444	0.458937	0.502392	0.468750	0.456731	0.424779	0.466063	0.422886	0.440000	0.482143	0.433790	0.415842	0.440909	0.472477	0.506024	0.460829	0.414414	
0.286408	0.229630	0.239044	0.242775	0.257261	0.194444	0.219917	0.242105	0.248031	0.264591	0.228464	0.220930	0.221277	0.251969	0.220974	0.240157	0.264925	0.223485	0.247191	0.244361	0.207729	0.000000	0.264706	0.213740	0.229323	0.250000	0.234848	0.228464	0.251029	0.255639	0.226667	0.219331	0.257384	0.276596	0.301676	0.247863	0.238281	0.248980	0.247664	0.285714	0.233962	0.226415	0.231707	0.250923	0.235741	0.197452	0.230000	0.250000	0.259091	0.258621	0.258621	0.273438	0.259542	0.258687	0.238095	0.252174	0.244898	0.187755	0.252788	0.273077	0.261364	0.240602	0.305785	0.246154	0.249057	0.252918	0.169492	0.253968	0.253731	0.283465	0.205993	0.249012	0.247748	0.245902	0.192771	0.254682	0.267925	0.256098	0.210526	0.227273	0.266129	0.216667	0.272727	0.298851	0.248889	0.260377	0.229167	0.253968	0.290323	0.270440	0.256831	0.519231	0.457692	0.474790	0.454976	0.482625	0.415094	0.365854	0.464135	0.466942	0.521277	0.444015	0.451613	0.412060	0.436214	0.441176	0.473881	0.484733	0.470270	0.465306	0.485830	0.457692	0.435798	0.400778	0.467925	0.460674	0.473282	0.440154	0.441558	0.489960	0.451737	0.488189	0.450382	0.498008	0.470370	0.454545	0.467181	0.502008	0.497908	0.484615	0.511538	0.527094	0.471698	0.475836	0.478764	0.486486	0.460938	0.445344	0.503968	0.441065	0.463519	0.408163	0.467925	0.458498	0.423077	0.484615	0.522321	0.509728	0.435294	0.478764	0.449799	0.486275	0.440299	0.472222	0.466165	0.473485	0.448718	0.449438	0.475836	0.444867	0.454545	0.444867	0.474903	0.482412	0.494253	0.408240	
0.288889	0.205357	0.218009	0.236111	0.278607	0.212121	0.261307	0.272189	0.273585	0.297170	0.247748	0.219512	0.253886	0.266055	0.225225	0.248826	0.238739	0.228311	0.245455	0.245455	0.230337	0.264706	0.000000	0.268182	0.257919	0.245455	0.236111	0.211009	0.235000	0.216216	0.231959	0.227679	0.248756	0.226891	0.264901	0.295238	0.264151	0.203980	0.235294	0.278261	0.246637	0.224215	0.263415	0.244344	0.262443	0.210938	0.188889	0.262443	0.245902	0.267677	0.224490	0.260274	0.224771	0.238318	0.225000	0.242268	0.255814	0.235577	0.286996	0.272727	0.254630	0.242009	0.226415	0.261682	0.256757	0.260274	0.178571	0.261905	0.262443	0.276498	0.256757	0.257009	0.209677	0.241546	0.253731	0.239819	0.260090	0.259434	0.246231	0.271845	0.273171	0.238579	0.207547	0.233766	0.239362	0.212670	0.279070	0.255924	0.306250	0.220588	0.245509	0.546512	0.446009	0.492063	0.514286	0.483412	0.414634	0.492754	0.474747	0.469697	0.560000	0.446009	0.455882	0.506250	0.445000	0.561404	0.438914	0.504630	0.457143	0.458128	0.467337	0.448598	0.466667	0.417840	0.449541	0.506787	0.438679	0.457944	0.392670	0.527363	0.448113	0.483092	0.444444	0.440594	0.482143	0.467890	0.457143	0.504950	0.487179	0.439252	0.495327	0.490683	0.436937	0.533937	0.506977	0.474576	0.490476	0.478049	0.487805	0.427230	0.462766	0.435644	0.467890	0.475962	0.428571	0.454128	0.484043	0.464455	0.448113	0.459716	0.426471	0.466667	0.461538	0.414634	0.468468	0.476852	0.438144	0.440000	0.513514	0.460829	0.469388	0.479263	0.464789	0.500000	0.486111	0.447489	
0.246637	0.259386	0.197080	0.206897	0.254826	0.189189	0.258687	0.252475	0.247273	0.265233	0.224138	0.200000	0.242063	0.267148	0.234483	0.210909	0.255172	0.248276	0.200000	0.244828	0.208145	0.213740	0.268182	0.000000	0.272727	0.251748	0.257042	0.242215	0.215385	0.252595	0.232068	0.219178	0.242063	0.244755	0.262032	0.270492	0.231884	0.234201	0.253333	0.229730	0.233677	0.246528	0.214286	0.246575	0.219081	0.228916	0.211009	0.256849	0.222707	0.261044	0.219512	0.220217	0.246479	0.212766	0.221374	0.219917	0.193878	0.219697	0.224490	0.264286	0.224561	0.235294	0.256198	0.244604	0.229167	0.239437	0.180328	0.240876	0.243986	0.250909	0.214533	0.237226	0.230769	0.201521	0.203488	0.238754	0.231034	0.241509	0.245968	0.214286	0.243446	0.220077	0.189655	0.255556	0.271967	0.272414	0.224490	0.220588	0.266332	0.266272	0.238806	0.518519	0.437722	0.496063	0.469565	0.456835	0.563636	0.428571	0.443137	0.450758	0.544554	0.473498	0.455224	0.465753	0.428571	0.500000	0.463918	0.475524	0.461538	0.464419	0.481343	0.452297	0.451613	0.412186	0.472222	0.468966	0.438163	0.448763	0.466135	0.518519	0.469751	0.463768	0.466667	0.446097	0.447099	0.442509	0.467857	0.472119	0.478927	0.483986	0.496454	0.504545	0.447917	0.477663	0.494662	0.503106	0.458484	0.425926	0.492701	0.441696	0.444444	0.444030	0.449477	0.447273	0.434629	0.411348	0.487603	0.469534	0.435252	0.428571	0.468401	0.469091	0.470790	0.463235	0.463668	0.475524	0.486381	0.502618	0.470790	0.440559	0.410646	0.475524	0.443262	0.474654	0.466431	0.420139	
0.226244	0.246622	0.253623	0.296089	0.247104	0.147059	0.250000	0.266010	0.241877	0.236559	0.242321	0.267442	0.253906	0.247312	0.231293	0.259928	0.248299	0.206897	0.263699	0.243151	0.243243	0.229323	0.257919	0.272727	0.000000	0.271478	0.258741	0.237931	0.260536	0.255973	0.236287	0.264407	0.217054	0.165517	0.267016	0.237288	0.215548	0.270677	0.308370	0.201342	0.230241	0.237113	0.230189	0.275510	0.270833	0.246988	0.188679	0.275510	0.270042	0.260000	0.285714	0.229391	0.259516	0.238434	0.215385	0.215447	0.195876	0.235955	0.268707	0.255245	0.264808	0.255172	0.213115	0.244604	0.264605	0.241135	0.237288	0.227106	0.187075	0.232975	0.251701	0.241007	0.260504	0.251880	0.290698	0.240550	0.277397	0.214815	0.244980	0.241509	0.260223	0.295019	0.245614	0.241379	0.234310	0.264605	0.170213	0.289377	0.252475	0.257485	0.206897	0.500000	0.434629	0.488281	0.508621	0.450000	0.465517	0.395604	0.500000	0.451128	0.567308	0.486014	0.477778	0.459091	0.451493	0.452055	0.457338	0.524306	0.505102	0.487085	0.487085	0.487719	0.462633	0.423488	0.448276	0.496575	0.498246	0.436620	0.450593	0.488971	0.480565	0.482014	0.484321	0.461255	0.467797	0.470588	0.478723	0.483395	0.480916	0.500000	0.498246	0.517857	0.486207	0.486395	0.498233	0.487654	0.469751	0.457565	0.500000	0.431579	0.454902	0.442379	0.486207	0.474820	0.473684	0.461268	0.504065	0.476868	0.467857	0.443262	0.445255	0.473118	0.433447	0.430657	0.486207	0.486111	0.461538	0.438776	0.510204	0.472222	0.475472	0.442907	0.482394	0.495455	0.491228	0.455172	
0.268182	0.225589	0.213768	0.265193	0.274131	0.277778	0.234848	0.205882	0.231884	0.267857	0.204778	0.235955	0.213178	0.279570	0.224490	0.257246	0.237288	0.195205	0.243151	0.261905	0.217778	0.250000	0.245455	0.251748	0.271478	0.000000	0.227273	0.254296	0.214559	0.242321	0.215190	0.256757	0.205426	0.267123	0.246073	0.233333	0.225000	0.168539	0.241228	0.284768	0.233677	0.236301	0.264925	0.230508	0.224561	0.238095	0.211009	0.214286	0.190678	0.226190	0.231076	0.200717	0.231834	0.255319	0.218045	0.191837	0.268041	0.209738	0.227891	0.255245	0.261324	0.232877	0.216000	0.230216	0.226027	0.255319	0.245902	0.277372	0.207483	0.224199	0.215017	0.226619	0.216102	0.232210	0.255814	0.226804	0.236301	0.274074	0.250000	0.233962	0.244444	0.192308	0.254237	0.219780	0.215190	0.250859	0.285714	0.232472	0.269608	0.288235	0.241546	0.605505	0.475352	0.490272	0.491379	0.469751	0.526316	0.510638	0.519231	0.464419	0.575472	0.491228	0.490775	0.468468	0.453532	0.640000	0.493197	0.482639	0.477157	0.490775	0.487085	0.498246	0.487633	0.453901	0.467354	0.498294	0.472028	0.454545	0.439216	0.505495	0.484211	0.500000	0.501730	0.477941	0.459459	0.457045	0.484099	0.542125	0.486692	0.463158	0.524476	0.508850	0.477663	0.532203	0.489437	0.533333	0.492908	0.461538	0.500000	0.440559	0.486381	0.435424	0.481100	0.485612	0.479021	0.473684	0.528455	0.464539	0.473310	0.464789	0.468864	0.471223	0.467797	0.492754	0.484536	0.482759	0.457692	0.528205	0.506803	0.467128	0.451128	0.475862	0.443662	0.500000	0.494774	0.431507	
