0.000000	0.250000	0.203125	0.375000	0.366667	0.444444	0.338710	0.404255	0.229508	0.384615	0.370968	0.347826	0.370968	0.306452	0.349206	0.288136	0.380952	0.306452	0.360656	0.369231	0.244898	0.310345	0.375000	0.218750	0.276923	0.285714	0.328125	0.296875	0.305085	0.380952	0.339286	0.403226	0.327869	0.388889	0.244898	0.361111	0.403226	0.365079	0.327586	0.289474	0.338462	0.312500	0.338710	0.301587	0.354839	0.352941	0.304348	0.281250	0.339286	0.316667	0.333333	0.323077	0.359375	0.390625	0.342105	0.389831	0.307692	0.359375	0.276923	0.265625	0.400000	0.296875	0.322581	0.328125	0.311475	0.322581	0.421053	0.333333	0.354839	0.406250	0.380952	0.292308	0.321429	0.311475	0.414634	0.250000	0.328125	0.327869	0.288136	0.365079	0.317460	0.317460	0.250000	0.238095	0.363636	0.323077	0.375000	0.172414	0.250000	0.422222	0.345455	0.583333	0.650794	0.596154	0.608696	0.557377	0.500000	0.458333	0.607143	0.606557	0.555556	0.627119	0.543860	0.645833	0.603448	0.636364	0.553846	0.561404	0.658537	0.661017	0.666667	0.523077	0.655172	0.557377	0.693548	0.571429	0.566667	0.596774	0.622642	0.548387	0.650000	0.610169	0.603448	0.550000	0.564516	0.564516	0.741935	0.562500	0.590164	0.696429	0.619048	0.678571	0.603175	0.523810	0.596774	0.733333	0.688525	0.586207	0.550000	0.661538	0.573770	0.580645	0.539683	0.576271	0.645161	0.557377	0.642857	0.593220	0.661290	0.571429	0.517241	0.655172	0.590164	0.561404	0.546875	0.576271	0.629630	0.555556	0.630769	0.600000	0.583333	0.587302	0.451613	0.632653	0.557377	0.627119	
0.250000	0.000000	0.304348	0.294118	0.419355	0.400000	0.338462	0.307692	0.292308	0.328571	0.352941	0.304348	0.333333	0.264706	0.338235	0.296875	0.352941	0.328358	0.333333	0.385714	0.339623	0.316667	0.327586	0.362319	0.314286	0.323529	0.318841	0.352941	0.317460	0.323529	0.442623	0.323529	0.384615	0.378378	0.442308	0.342105	0.402985	0.373134	0.278689	0.425000	0.371429	0.362319	0.353846	0.367647	0.393939	0.176471	0.434783	0.318841	0.237288	0.343750	0.365079	0.246377	0.318841	0.362319	0.300000	0.403226	0.407407	0.391304	0.314286	0.275362	0.342857	0.333333	0.343750	0.362319	0.343284	0.402985	0.526316	0.253731	0.393939	0.333333	0.343284	0.333333	0.440678	0.358209	0.380952	0.376812	0.289855	0.328358	0.311475	0.367647	0.328358	0.268657	0.230769	0.380952	0.310345	0.414286	0.375000	0.370968	0.285714	0.282609	0.254237	0.642857	0.617647	0.535714	0.588235	0.590909	0.833333	0.538462	0.666667	0.569231	0.650000	0.703125	0.516129	0.603774	0.677419	0.625000	0.600000	0.596774	0.688889	0.625000	0.661290	0.614286	0.634921	0.584615	0.621212	0.544118	0.584615	0.626866	0.631579	0.681818	0.692308	0.671875	0.629032	0.600000	0.560606	0.507463	0.686567	0.652174	0.681818	0.655738	0.617647	0.661017	0.632353	0.514706	0.626866	0.666667	0.615385	0.634921	0.515625	0.685714	0.484848	0.552239	0.558824	0.634921	0.582090	0.590909	0.566667	0.666667	0.590909	0.626866	0.539683	0.709677	0.569231	0.524590	0.588235	0.609375	0.677966	0.562500	0.571429	0.628571	0.646154	0.617647	0.567164	0.622642	0.606061	0.650794	
0.203125	0.304348	0.000000	0.333333	0.338710	0.100000	0.307692	0.352941	0.292308	0.371429	0.283582	0.454545	0.358209	0.223881	0.308824	0.338462	0.250000	0.283582	0.333333	0.357143	0.296296	0.233333	0.288136	0.275362	0.300000	0.323529	0.289855	0.294118	0.317460	0.323529	0.295082	0.388060	0.318182	0.297297	0.288462	0.421053	0.318182	0.313433	0.311475	0.325000	0.285714	0.318841	0.378788	0.279412	0.348485	0.323529	0.173913	0.318841	0.237288	0.343750	0.238095	0.318841	0.333333	0.304348	0.200000	0.301587	0.333333	0.275362	0.200000	0.347826	0.442857	0.289855	0.218750	0.231884	0.303030	0.298507	0.263158	0.298507	0.257576	0.304348	0.298507	0.449275	0.266667	0.318182	0.418605	0.260870	0.246377	0.318182	0.262295	0.308824	0.308824	0.283582	0.615385	0.285714	0.372881	0.328571	0.250000	0.322581	0.260000	0.361702	0.258621	0.703704	0.647059	0.642857	0.627451	0.575758	0.636364	0.615385	0.616667	0.692308	0.700000	0.656250	0.677419	0.653846	0.725806	0.791667	0.700000	0.629032	0.681818	0.671875	0.612903	0.628571	0.666667	0.538462	0.575758	0.573529	0.707692	0.567164	0.578947	0.575758	0.661538	0.593750	0.596774	0.492308	0.530303	0.552239	0.686567	0.608696	0.636364	0.622951	0.676471	0.661017	0.602941	0.500000	0.611940	0.696970	0.630769	0.593750	0.562500	0.657143	0.590909	0.537313	0.617647	0.634921	0.641791	0.530303	0.616667	0.587302	0.636364	0.716418	0.492063	0.629032	0.630769	0.524590	0.573529	0.671875	0.661017	0.666667	0.600000	0.528571	0.600000	0.632353	0.573529	0.622642	0.606061	0.650794	
0.375000	0.294118	0.333333	0.000000	0.333333	0.100000	0.352941	0.400000	0.367347	0.372549	0.346939	0.409091	0.294118	0.320000	0.387755	0.282609	0.367347	0.333333	0.319149	0.352941	0.409091	0.304348	0.222222	0.450980	0.450980	0.367347	0.372549	0.380000	0.208333	0.320000	0.489796	0.346939	0.326531	0.363636	0.363636	0.294118	0.333333	0.285714	0.326087	0.416667	0.411765	0.440000	0.510204	0.306122	0.458333	0.437500	0.318182	0.240000	0.255814	0.291667	0.437500	0.313725	0.411765	0.380000	0.297297	0.326531	0.347826	0.274510	0.392157	0.280000	0.333333	0.313725	0.344828	0.352941	0.265306	0.333333	0.210526	0.183673	0.437500	0.280000	0.408163	0.372549	0.404255	0.400000	0.400000	0.392157	0.260000	0.333333	0.312500	0.408163	0.360000	0.346939	0.461538	0.400000	0.369565	0.294118	0.500000	0.361702	0.285714	0.250000	0.354167	0.500000	0.540000	0.536585	0.500000	0.425532	0.750000	0.590909	0.577778	0.510204	0.705882	0.574468	0.510638	0.525000	0.533333	0.571429	0.549020	0.500000	0.606061	0.577778	0.522727	0.568627	0.604167	0.469388	0.540000	0.480000	0.617021	0.645833	0.500000	0.551020	0.702128	0.444444	0.553191	0.583333	0.645833	0.530612	0.571429	0.620000	0.583333	0.644444	0.469388	0.534884	0.607843	0.489796	0.571429	0.500000	0.583333	0.521739	0.478261	0.627451	0.428571	0.460000	0.509804	0.673913	0.562500	0.562500	0.380952	0.478261	0.458333	0.600000	0.444444	0.577778	0.604167	0.446809	0.607843	0.555556	0.714286	0.571429	0.549020	0.509804	0.574468	0.560000	0.632653	0.611111	0.541667	0.565217	
0.366667	0.419355	0.338710	0.333333	0.000000	0.300000	0.409836	0.531915	0.372881	0.380952	0.300000	0.454545	0.262295	0.300000	0.435484	0.456140	0.311475	0.400000	0.350000	0.317460	0.387755	0.310345	0.385965	0.370968	0.380952	0.322581	0.258065	0.475410	0.333333	0.426230	0.421053	0.383333	0.316667	0.277778	0.489796	0.333333	0.283333	0.409836	0.385965	0.228571	0.396825	0.370968	0.406780	0.377049	0.354839	0.258065	0.142857	0.338710	0.333333	0.409836	0.396552	0.396825	0.387097	0.451613	0.236842	0.250000	0.360000	0.354839	0.317460	0.306452	0.365079	0.403226	0.433333	0.412698	0.338983	0.366667	0.352941	0.409836	0.350000	0.354839	0.393443	0.396825	0.456140	0.383333	0.297297	0.322581	0.333333	0.288136	0.327273	0.278689	0.383333	0.400000	0.384615	0.368421	0.381818	0.365079	0.142857	0.385965	0.375000	0.422222	0.357143	0.708333	0.557377	0.470588	0.652174	0.426230	0.800000	0.565217	0.618182	0.568966	0.833333	0.543860	0.571429	0.604167	0.535714	0.500000	0.523810	0.596491	0.700000	0.593220	0.561404	0.507937	0.586207	0.603448	0.583333	0.573770	0.550000	0.564516	0.557692	0.616667	0.655172	0.508772	0.631579	0.500000	0.566667	0.550000	0.661290	0.596774	0.525424	0.607143	0.571429	0.547170	0.508197	0.483871	0.566667	0.551724	0.542373	0.689655	0.517241	0.571429	0.576271	0.583333	0.590164	0.508475	0.616667	0.627119	0.618182	0.525424	0.616667	0.622951	0.589286	0.614035	0.586207	0.410714	0.548387	0.586207	0.685185	0.613636	0.650794	0.507937	0.672414	0.508197	0.500000	0.583333	0.610169	0.465517	
0.444444	0.400000	0.100000	0.100000	0.300000	0.000000	0.300000	0.400000	0.600000	0.500000	0.000000	0.444444	0.300000	0.200000	0.500000	0.333333	0.222222	0.555556	0.300000	0.100000	0.500000	0.111111	0.300000	0.600000	0.400000	0.400000	0.400000	0.200000	0.300000	0.200000	0.400000	0.222222	0.200000	0.333333	0.400000	0.500000	0.555556	0.333333	0.500000	0.500000	0.500000	0.400000	0.700000	0.500000	0.500000	0.444444	0.375000	0.300000	0.200000	0.333333	0.300000	0.500000	0.400000	0.333333	0.222222	0.300000	0.600000	0.300000	0.200000	0.222222	0.400000	0.400000	0.300000	0.500000	0.400000	0.500000	0.222222	0.200000	0.200000	0.100000	0.333333	0.500000	0.300000	0.500000	0.222222	0.500000	0.100000	0.300000	0.300000	0.300000	0.300000	0.300000	0.500000	0.444444	0.333333	0.500000	0.333333	0.400000	0.500000	0.600000	0.300000	0.800000	0.500000	0.500000	0.285714	0.600000	0.333333	0.571429	0.555556	0.400000	0.400000	0.400000	0.600000	0.428571	0.777778	0.500000	0.700000	0.500000	0.875000	0.333333	0.285714	0.400000	0.400000	0.400000	0.500000	0.300000	0.600000	0.400000	0.222222	0.600000	0.375000	0.300000	0.400000	0.400000	0.285714	0.444444	0.500000	0.400000	0.600000	0.714286	0.500000	0.375000	0.500000	0.333333	0.500000	0.166667	0.444444	0.500000	0.444444	0.500000	0.700000	0.500000	0.400000	0.600000	0.625000	0.777778	0.250000	0.600000	0.600000	0.800000	0.333333	0.700000	0.750000	0.200000	0.600000	0.500000	0.571429	0.500000	0.500000	0.400000	0.375000	0.500000	0.666667	0.500000	0.714286	0.500000	
0.338710	0.338462	0.307692	0.352941	0.409836	0.300000	0.000000	0.380000	0.322581	0.242424	0.396825	0.260870	0.292308	0.390625	0.218750	0.316667	0.296875	0.269841	0.419355	0.348485	0.411765	0.333333	0.250000	0.303030	0.257576	0.328125	0.303030	0.250000	0.266667	0.296875	0.316667	0.317460	0.317460	0.351351	0.288462	0.263158	0.387097	0.218750	0.333333	0.225000	0.287879	0.323077	0.301587	0.343750	0.333333	0.333333	0.304348	0.353846	0.375000	0.311475	0.293103	0.303030	0.307692	0.323077	0.282051	0.316667	0.370370	0.307692	0.378788	0.261538	0.393939	0.230769	0.375000	0.272727	0.338710	0.349206	0.210526	0.281250	0.306452	0.323077	0.187500	0.348485	0.368421	0.301587	0.365854	0.292308	0.292308	0.193548	0.254237	0.375000	0.349206	0.365079	0.307692	0.428571	0.298246	0.212121	0.250000	0.362069	0.320000	0.311111	0.280702	0.708333	0.671875	0.634615	0.638298	0.564516	0.555556	0.500000	0.625000	0.590164	0.529412	0.583333	0.568966	0.458333	0.694915	0.523810	0.712121	0.568966	0.682927	0.616667	0.586207	0.651515	0.616667	0.590164	0.531250	0.593750	0.622951	0.603175	0.547170	0.580645	0.655738	0.550000	0.448276	0.557377	0.603175	0.650794	0.650794	0.676923	0.596774	0.655172	0.671875	0.571429	0.600000	0.609375	0.571429	0.586207	0.596774	0.627119	0.633333	0.621212	0.596774	0.587302	0.531250	0.616667	0.634921	0.500000	0.571429	0.666667	0.564516	0.734375	0.559322	0.586207	0.672131	0.561404	0.569231	0.766667	0.618182	0.590909	0.666667	0.636364	0.573770	0.625000	0.603175	0.673469	0.596774	0.593220	
0.404255	0.307692	0.352941	0.400000	0.531915	0.400000	0.380000	0.000000	0.361702	0.346154	0.480000	0.304348	0.460000	0.333333	0.320000	0.425532	0.340000	0.326531	0.306122	0.423077	0.363636	0.333333	0.333333	0.423077	0.384615	0.360000	0.307692	0.274510	0.306122	0.280000	0.360000	0.440000	0.510204	0.303030	0.369565	0.428571	0.408163	0.300000	0.346939	0.433333	0.480769	0.294118	0.437500	0.260000	0.437500	0.500000	0.380952	0.450980	0.441860	0.448980	0.306122	0.392157	0.294118	0.313725	0.371429	0.458333	0.370370	0.392157	0.346154	0.431373	0.307692	0.294118	0.357143	0.403846	0.265306	0.450980	0.473684	0.360000	0.326531	0.333333	0.400000	0.372549	0.319149	0.450980	0.294118	0.392157	0.372549	0.367347	0.340426	0.431373	0.440000	0.235294	0.384615	0.300000	0.250000	0.326923	0.375000	0.382979	0.238095	0.305556	0.391304	0.545455	0.431373	0.585366	0.512821	0.510204	0.600000	0.560000	0.674419	0.600000	0.588235	0.666667	0.600000	0.500000	0.553191	0.619048	0.673077	0.478261	0.666667	0.531915	0.613636	0.557692	0.434783	0.510204	0.530612	0.520000	0.591837	0.510204	0.511111	0.632653	0.617021	0.612245	0.577778	0.604167	0.562500	0.540000	0.571429	0.627451	0.551020	0.477273	0.600000	0.434783	0.549020	0.540000	0.571429	0.416667	0.541667	0.565217	0.645833	0.576923	0.500000	0.591837	0.500000	0.717391	0.551020	0.604167	0.604651	0.586957	0.489796	0.551020	0.630435	0.595745	0.541667	0.577778	0.580000	0.574468	0.651163	0.486486	0.403846	0.557692	0.531915	0.509804	0.530612	0.560976	0.562500	0.622222	
0.229508	0.292308	0.292308	0.367347	0.372881	0.600000	0.322581	0.361702	0.000000	0.272727	0.307692	0.318182	0.370968	0.312500	0.276923	0.327869	0.323077	0.218750	0.365079	0.333333	0.215686	0.403509	0.392857	0.200000	0.287879	0.261538	0.261538	0.353846	0.271186	0.359375	0.379310	0.269841	0.377049	0.485714	0.265306	0.216216	0.444444	0.269841	0.362069	0.179487	0.318182	0.292308	0.338710	0.242424	0.290323	0.272727	0.227273	0.348485	0.372881	0.283333	0.396552	0.242424	0.292308	0.323077	0.342105	0.338983	0.269231	0.261538	0.303030	0.323077	0.287879	0.246154	0.387097	0.292308	0.301587	0.406250	0.444444	0.343750	0.380952	0.287879	0.390625	0.338462	0.357143	0.322581	0.425000	0.276923	0.415385	0.338710	0.200000	0.430769	0.375000	0.349206	0.384615	0.300000	0.392857	0.272727	0.250000	0.366667	0.255319	0.377778	0.285714	0.500000	0.640625	0.641509	0.612245	0.548387	0.583333	0.520000	0.551724	0.612903	0.388889	0.661290	0.459016	0.549020	0.525424	0.708333	0.545455	0.516667	0.523810	0.622951	0.627119	0.575758	0.616667	0.557377	0.634921	0.523077	0.580645	0.507937	0.574074	0.619048	0.590164	0.516667	0.600000	0.467742	0.603175	0.444444	0.634921	0.600000	0.531250	0.551724	0.578125	0.589286	0.523077	0.421875	0.546875	0.625000	0.587302	0.491525	0.590164	0.621212	0.467742	0.531250	0.615385	0.655738	0.634921	0.564516	0.614035	0.524590	0.571429	0.515625	0.491525	0.672414	0.508197	0.500000	0.569231	0.650000	0.607143	0.533333	0.590909	0.606061	0.500000	0.692308	0.539683	0.666667	0.564516	0.540984	
0.384615	0.328571	0.371429	0.372549	0.380952	0.500000	0.242424	0.346154	0.272727	0.000000	0.308824	0.391304	0.313433	0.279412	0.260870	0.323077	0.246377	0.294118	0.298507	0.323944	0.296296	0.377049	0.288136	0.257143	0.295775	0.304348	0.314286	0.333333	0.312500	0.260870	0.419355	0.220588	0.393939	0.378378	0.346154	0.394737	0.343284	0.294118	0.354839	0.200000	0.366197	0.271429	0.242424	0.333333	0.358209	0.294118	0.260870	0.385714	0.300000	0.369231	0.365079	0.285714	0.357143	0.257143	0.350000	0.365079	0.370370	0.414286	0.394366	0.228571	0.352113	0.342857	0.312500	0.271429	0.313433	0.308824	0.421053	0.323529	0.358209	0.342857	0.338235	0.414286	0.400000	0.298507	0.325581	0.371429	0.271429	0.283582	0.322581	0.347826	0.323529	0.279412	0.153846	0.428571	0.322034	0.239437	0.125000	0.460317	0.360000	0.404255	0.322034	0.535714	0.536232	0.526316	0.538462	0.552239	0.500000	0.423077	0.573770	0.575758	0.400000	0.538462	0.555556	0.490566	0.587302	0.458333	0.563380	0.587302	0.533333	0.569231	0.523810	0.577465	0.687500	0.606061	0.567164	0.550725	0.575758	0.529412	0.517241	0.477612	0.651515	0.538462	0.492063	0.530303	0.611940	0.558824	0.647059	0.642857	0.582090	0.612903	0.594203	0.500000	0.463768	0.463768	0.573529	0.575758	0.515152	0.578125	0.569231	0.549296	0.492537	0.558824	0.594203	0.609375	0.588235	0.522388	0.573770	0.562500	0.507463	0.661765	0.546875	0.555556	0.500000	0.516129	0.521739	0.600000	0.633333	0.530612	0.605634	0.619718	0.515152	0.594203	0.455882	0.611111	0.611940	0.500000	
0.370968	0.352941	0.283582	0.346939	0.300000	0.000000	0.396825	0.480000	0.307692	0.308824	0.000000	0.409091	0.281250	0.283582	0.447761	0.317460	0.328358	0.409091	0.323077	0.367647	0.326923	0.362069	0.421053	0.283582	0.338235	0.373134	0.343284	0.358209	0.311475	0.348485	0.372881	0.242424	0.301587	0.472222	0.372549	0.394737	0.333333	0.369231	0.400000	0.256410	0.308824	0.298507	0.328125	0.397059	0.312500	0.333333	0.272727	0.323529	0.258621	0.290323	0.344262	0.402985	0.328358	0.313433	0.307692	0.393443	0.370370	0.283582	0.279412	0.328358	0.294118	0.358209	0.290323	0.313433	0.378788	0.348485	0.388889	0.257576	0.246154	0.220588	0.400000	0.343284	0.293103	0.323077	0.375000	0.313433	0.283582	0.323077	0.366667	0.343284	0.257576	0.307692	0.461538	0.450000	0.350877	0.367647	0.250000	0.344262	0.382979	0.511111	0.350877	0.678571	0.606061	0.592593	0.600000	0.578125	0.416667	0.400000	0.534483	0.555556	0.333333	0.571429	0.557377	0.576923	0.633333	0.500000	0.573529	0.655738	0.651163	0.555556	0.550000	0.514706	0.622951	0.539683	0.593750	0.560606	0.571429	0.569231	0.600000	0.593750	0.539683	0.500000	0.639344	0.492063	0.593750	0.476923	0.584615	0.611940	0.569231	0.593220	0.515152	0.508772	0.545455	0.439394	0.615385	0.437500	0.555556	0.459016	0.451613	0.514706	0.562500	0.569231	0.606061	0.540984	0.553846	0.625000	0.525424	0.580645	0.671875	0.600000	0.524590	0.633333	0.539683	0.423729	0.560606	0.596774	0.689655	0.608696	0.617647	0.455882	0.531250	0.621212	0.523077	0.538462	0.515625	0.639344	
0.347826	0.304348	0.454545	0.409091	0.454545	0.444444	0.260870	0.304348	0.318182	0.391304	0.409091	0.000000	0.409091	0.409091	0.227273	0.473684	0.318182	0.333333	0.476190	0.434783	0.285714	0.476190	0.450000	0.260870	0.391304	0.333333	0.434783	0.260870	0.272727	0.363636	0.130435	0.318182	0.619048	0.368421	0.272727	0.200000	0.272727	0.363636	0.304348	0.428571	0.260870	0.347826	0.318182	0.181818	0.227273	0.333333	0.285714	0.304348	0.260870	0.227273	0.190476	0.391304	0.260870	0.363636	0.428571	0.450000	0.375000	0.217391	0.391304	0.409091	0.347826	0.260870	0.550000	0.347826	0.391304	0.304348	0.333333	0.260870	0.318182	0.347826	0.409091	0.260870	0.227273	0.173913	0.250000	0.347826	0.363636	0.363636	0.173913	0.304348	0.318182	0.173913	0.400000	0.437500	0.476190	0.304348	0.285714	0.304348	0.380952	0.300000	0.363636	0.600000	0.565217	0.833333	0.666667	0.714286	0.571429	0.333333	0.571429	0.565217	0.454545	0.636364	0.333333	0.526316	0.500000	0.384615	0.695652	0.650000	0.736842	0.600000	0.611111	0.434783	0.500000	0.636364	0.500000	0.681818	0.500000	0.476190	0.476190	0.608696	0.550000	0.571429	0.428571	0.590909	0.650000	0.636364	0.636364	0.565217	0.545455	0.555556	0.727273	0.409091	0.652174	0.545455	0.681818	0.352941	0.727273	0.526316	0.523810	0.521739	0.478261	0.739130	0.521739	0.550000	0.550000	0.650000	0.578947	0.476190	0.545455	0.500000	0.578947	0.550000	0.400000	0.428571	0.434783	0.684211	0.666667	0.647059	0.478261	0.695652	0.500000	0.478261	0.650000	0.647059	0.500000	0.523810	
0.370968	0.333333	0.358209	0.294118	0.262295	0.300000	0.292308	0.460000	0.370968	0.313433	0.281250	0.409091	0.000000	0.281250	0.384615	0.370968	0.369231	0.265625	0.269841	0.388060	0.365385	0.316667	0.368421	0.303030	0.313433	0.369231	0.358209	0.430769	0.393443	0.307692	0.350000	0.265625	0.296875	0.351351	0.461538	0.421053	0.349206	0.384615	0.224138	0.350000	0.313433	0.287879	0.234375	0.353846	0.296875	0.333333	0.304348	0.287879	0.250000	0.370968	0.350000	0.227273	0.378788	0.303030	0.250000	0.306452	0.333333	0.318182	0.373134	0.333333	0.402985	0.409091	0.218750	0.268657	0.253968	0.406250	0.315789	0.276923	0.301587	0.272727	0.281250	0.343284	0.389831	0.312500	0.341463	0.287879	0.227273	0.269841	0.372881	0.307692	0.261538	0.375000	0.384615	0.333333	0.224138	0.313433	0.250000	0.322034	0.380000	0.369565	0.333333	0.708333	0.630769	0.603774	0.625000	0.507937	0.888889	0.520000	0.561404	0.580645	0.777778	0.573770	0.491525	0.693878	0.644068	0.500000	0.582090	0.610169	0.707317	0.573770	0.593220	0.507463	0.683333	0.516129	0.539683	0.553846	0.677419	0.718750	0.574074	0.571429	0.645161	0.540984	0.593220	0.596774	0.571429	0.500000	0.593750	0.696970	0.650794	0.586207	0.553846	0.625000	0.538462	0.569231	0.531250	0.533333	0.483871	0.688525	0.524590	0.597015	0.476190	0.609375	0.600000	0.550000	0.625000	0.634921	0.684211	0.650000	0.619048	0.625000	0.500000	0.542373	0.709677	0.431034	0.676923	0.606557	0.571429	0.688889	0.656716	0.537313	0.645161	0.476923	0.507692	0.600000	0.634921	0.550000	
0.306452	0.264706	0.223881	0.320000	0.300000	0.200000	0.390625	0.333333	0.312500	0.279412	0.283582	0.409091	0.281250	0.000000	0.393939	0.403226	0.348485	0.338462	0.218750	0.338235	0.326923	0.310345	0.285714	0.323529	0.367647	0.388060	0.343284	0.363636	0.344262	0.227273	0.433333	0.272727	0.437500	0.333333	0.470588	0.342105	0.353846	0.323077	0.338983	0.410256	0.441176	0.298507	0.390625	0.298507	0.468750	0.333333	0.318182	0.313433	0.228070	0.370968	0.311475	0.208955	0.373134	0.238806	0.342105	0.327869	0.444444	0.313433	0.279412	0.268657	0.338235	0.402985	0.225806	0.328358	0.323077	0.400000	0.333333	0.246154	0.343750	0.268657	0.323077	0.477612	0.368421	0.400000	0.292683	0.298507	0.164179	0.384615	0.366667	0.318182	0.230769	0.276923	0.538462	0.250000	0.267857	0.308824	0.375000	0.333333	0.395833	0.340909	0.333333	0.666667	0.560606	0.555556	0.591837	0.562500	0.818182	0.625000	0.586207	0.666667	0.777778	0.571429	0.606557	0.627451	0.666667	0.695652	0.647059	0.655738	0.720930	0.564516	0.633333	0.588235	0.741935	0.492063	0.630769	0.545455	0.587302	0.615385	0.563636	0.531250	0.634921	0.500000	0.721311	0.571429	0.625000	0.492308	0.676923	0.641791	0.640625	0.650000	0.621212	0.543860	0.522388	0.484848	0.538462	0.645161	0.603175	0.622951	0.548387	0.632353	0.578125	0.538462	0.590909	0.672131	0.661538	0.609375	0.655172	0.622951	0.593750	0.615385	0.524590	0.650000	0.571429	0.491525	0.545455	0.564516	0.614035	0.608696	0.602941	0.573529	0.593750	0.666667	0.538462	0.666667	0.625000	0.573770	
0.349206	0.338235	0.308824	0.387755	0.435484	0.500000	0.218750	0.320000	0.276923	0.260870	0.447761	0.227273	0.384615	0.393939	0.000000	0.281250	0.308824	0.179104	0.328358	0.318841	0.351852	0.338983	0.322034	0.294118	0.304348	0.338235	0.294118	0.308824	0.338710	0.298507	0.283333	0.318182	0.369231	0.270270	0.333333	0.324324	0.328358	0.333333	0.344262	0.282051	0.260870	0.250000	0.323077	0.220588	0.272727	0.272727	0.363636	0.391304	0.338983	0.365079	0.290323	0.294118	0.250000	0.294118	0.384615	0.338710	0.346154	0.352941	0.333333	0.338235	0.391304	0.308824	0.322581	0.235294	0.272727	0.298507	0.333333	0.313433	0.328358	0.347826	0.378788	0.352941	0.423729	0.292308	0.317073	0.382353	0.391304	0.292308	0.295082	0.323529	0.328358	0.272727	0.307692	0.400000	0.396552	0.304348	0.125000	0.354839	0.354167	0.347826	0.228070	0.607143	0.582090	0.678571	0.673077	0.545455	0.416667	0.440000	0.566667	0.609375	0.526316	0.650794	0.590164	0.509434	0.606557	0.541667	0.637681	0.612903	0.659091	0.569231	0.612903	0.666667	0.634921	0.562500	0.584615	0.567164	0.600000	0.626866	0.526316	0.646154	0.609375	0.634921	0.483871	0.640625	0.584615	0.590909	0.686567	0.661765	0.621212	0.639344	0.647059	0.620690	0.597015	0.597015	0.590909	0.545455	0.656250	0.555556	0.714286	0.594203	0.584615	0.545455	0.567164	0.555556	0.666667	0.461538	0.622951	0.609375	0.523077	0.636364	0.516129	0.596774	0.625000	0.590164	0.582090	0.750000	0.650000	0.583333	0.637681	0.565217	0.625000	0.656716	0.590909	0.574074	0.646154	0.587302	
0.288136	0.296875	0.338462	0.282609	0.456140	0.333333	0.316667	0.425532	0.327869	0.323077	0.317460	0.473684	0.370968	0.403226	0.281250	0.000000	0.359375	0.323077	0.301587	0.292308	0.392157	0.290909	0.290909	0.328125	0.353846	0.365079	0.343750	0.265625	0.300000	0.296875	0.438596	0.317460	0.229508	0.411765	0.326531	0.371429	0.322581	0.306452	0.333333	0.216216	0.184615	0.296875	0.274194	0.328125	0.278689	0.225806	0.285714	0.246154	0.232143	0.283333	0.327586	0.343750	0.375000	0.359375	0.378378	0.379310	0.375000	0.328125	0.276923	0.281250	0.307692	0.281250	0.321429	0.296875	0.370968	0.317460	0.470588	0.206349	0.338710	0.415385	0.435484	0.328125	0.375000	0.262295	0.435897	0.312500	0.390625	0.290323	0.315789	0.323077	0.328125	0.322581	0.363636	0.333333	0.375000	0.384615	0.166667	0.237288	0.260870	0.377778	0.320755	0.480000	0.634921	0.607843	0.520833	0.557377	0.222222	0.458333	0.527273	0.550000	0.470588	0.677966	0.561404	0.541667	0.561404	0.333333	0.523077	0.561404	0.475000	0.566667	0.543860	0.569231	0.620690	0.533333	0.606557	0.476190	0.600000	0.619048	0.538462	0.557377	0.666667	0.627119	0.508772	0.616667	0.677419	0.564516	0.661290	0.640625	0.516129	0.649123	0.555556	0.636364	0.587302	0.468750	0.587302	0.709677	0.616667	0.533333	0.573770	0.615385	0.459016	0.564516	0.555556	0.500000	0.629032	0.476190	0.482143	0.583333	0.590164	0.661290	0.457627	0.551724	0.566667	0.607143	0.523810	0.677966	0.571429	0.522727	0.615385	0.569231	0.533333	0.682540	0.555556	0.591837	0.606557	0.593220	
0.380952	0.352941	0.250000	0.367347	0.311475	0.222222	0.296875	0.340000	0.323077	0.246377	0.328358	0.318182	0.369231	0.348485	0.308824	0.359375	0.000000	0.283582	0.363636	0.217391	0.377358	0.237288	0.344828	0.352941	0.289855	0.283582	0.191176	0.308824	0.225806	0.358209	0.333333	0.333333	0.359375	0.361111	0.313725	0.378378	0.303030	0.333333	0.344262	0.256410	0.304348	0.323529	0.369231	0.308824	0.323077	0.303030	0.045455	0.362319	0.254237	0.317460	0.295082	0.308824	0.323529	0.279412	0.333333	0.278689	0.384615	0.397059	0.246377	0.294118	0.391304	0.294118	0.354839	0.323529	0.348485	0.313433	0.388889	0.283582	0.212121	0.289855	0.287879	0.426471	0.406780	0.323077	0.390244	0.426471	0.338235	0.369231	0.213115	0.411765	0.388060	0.363636	0.230769	0.550000	0.431034	0.289855	0.000000	0.467742	0.354167	0.391304	0.263158	0.777778	0.641791	0.563636	0.549020	0.507692	0.750000	0.520000	0.627119	0.578125	0.666667	0.650794	0.639344	0.596154	0.639344	0.565217	0.594203	0.639344	0.627907	0.687500	0.540984	0.579710	0.612903	0.593750	0.569231	0.582090	0.656250	0.560606	0.482143	0.615385	0.625000	0.619048	0.524590	0.500000	0.492308	0.560606	0.636364	0.617647	0.590909	0.666667	0.626866	0.603448	0.567164	0.567164	0.575758	0.656250	0.515625	0.677419	0.571429	0.550725	0.523077	0.621212	0.641791	0.580645	0.606061	0.584615	0.600000	0.476190	0.600000	0.712121	0.548387	0.573770	0.515625	0.600000	0.582090	0.603175	0.694915	0.595745	0.594203	0.536232	0.562500	0.582090	0.606061	0.622642	0.676923	0.451613	
0.306452	0.328358	0.283582	0.333333	0.400000	0.555556	0.269841	0.326531	0.218750	0.294118	0.409091	0.333333	0.265625	0.338462	0.179104	0.323077	0.283582	0.000000	0.353846	0.308824	0.230769	0.258621	0.350877	0.283582	0.279412	0.227273	0.253731	0.343284	0.274194	0.303030	0.288136	0.257576	0.333333	0.285714	0.320000	0.222222	0.307692	0.307692	0.200000	0.289474	0.294118	0.253731	0.343750	0.223881	0.218750	0.281250	0.181818	0.279412	0.310345	0.301587	0.350000	0.164179	0.208955	0.328358	0.368421	0.233333	0.280000	0.283582	0.338235	0.283582	0.397059	0.343284	0.333333	0.253731	0.169231	0.318182	0.277778	0.303030	0.307692	0.323529	0.369231	0.373134	0.362069	0.281250	0.275000	0.298507	0.328358	0.328125	0.233333	0.358209	0.287879	0.307692	0.250000	0.421053	0.315789	0.250000	0.000000	0.327869	0.340426	0.282609	0.303571	0.592593	0.666667	0.703704	0.720000	0.468750	0.636364	0.400000	0.534483	0.634921	0.611111	0.677419	0.516667	0.647059	0.633333	0.636364	0.544118	0.616667	0.666667	0.539683	0.650000	0.647059	0.639344	0.507937	0.625000	0.545455	0.666667	0.606061	0.563636	0.609375	0.682540	0.645161	0.583333	0.587302	0.600000	0.523077	0.615385	0.686567	0.615385	0.633333	0.575758	0.614035	0.606061	0.552239	0.545455	0.625000	0.571429	0.596774	0.640625	0.602941	0.453125	0.615385	0.606061	0.606557	0.692308	0.606061	0.610169	0.587302	0.562500	0.600000	0.467742	0.606557	0.682540	0.508475	0.636364	0.677419	0.644068	0.531915	0.691176	0.661765	0.619048	0.666667	0.600000	0.576923	0.625000	0.580645	
0.360656	0.333333	0.333333	0.319149	0.350000	0.300000	0.419355	0.306122	0.365079	0.298507	0.323077	0.476190	0.269841	0.218750	0.328358	0.301587	0.363636	0.353846	0.000000	0.223881	0.339623	0.298246	0.258621	0.348485	0.343284	0.333333	0.272727	0.393939	0.327869	0.215385	0.372881	0.250000	0.365079	0.405405	0.380000	0.500000	0.307692	0.281250	0.271186	0.289474	0.388060	0.181818	0.317460	0.257576	0.390625	0.424242	0.409091	0.313433	0.275862	0.393443	0.350000	0.272727	0.439394	0.227273	0.236842	0.350000	0.423077	0.318182	0.358209	0.318182	0.253731	0.333333	0.166667	0.227273	0.312500	0.353846	0.500000	0.246154	0.323077	0.253731	0.375000	0.348485	0.403509	0.301587	0.325000	0.272727	0.283582	0.333333	0.440678	0.298507	0.323077	0.312500	0.461538	0.150000	0.280702	0.328358	0.250000	0.295082	0.319149	0.466667	0.309091	0.714286	0.600000	0.592593	0.529412	0.609375	0.583333	0.583333	0.551724	0.629032	0.526316	0.606557	0.576271	0.725490	0.576271	0.565217	0.597015	0.533333	0.697674	0.603175	0.533333	0.552239	0.672131	0.500000	0.603175	0.476923	0.571429	0.630769	0.454545	0.571429	0.596774	0.540984	0.633333	0.564516	0.603175	0.546875	0.661538	0.636364	0.718750	0.677966	0.590909	0.666667	0.553846	0.476923	0.609375	0.593750	0.548387	0.557377	0.622951	0.671642	0.571429	0.578125	0.661538	0.672131	0.593750	0.650794	0.711864	0.596774	0.555556	0.578125	0.666667	0.633333	0.677419	0.491525	0.569231	0.580645	0.517241	0.565217	0.567164	0.492537	0.596774	0.553846	0.593750	0.538462	0.682540	0.622951	
0.369231	0.385714	0.357143	0.352941	0.317460	0.100000	0.348485	0.423077	0.333333	0.323944	0.367647	0.434783	0.388060	0.338235	0.318841	0.292308	0.217391	0.308824	0.223881	0.000000	0.351852	0.278689	0.271186	0.385714	0.253521	0.304348	0.228571	0.260870	0.203125	0.333333	0.387097	0.264706	0.303030	0.378378	0.346154	0.421053	0.313433	0.294118	0.322581	0.325000	0.380282	0.257143	0.378788	0.318841	0.358209	0.294118	0.217391	0.285714	0.266667	0.292308	0.365079	0.271429	0.342857	0.300000	0.375000	0.285714	0.481481	0.400000	0.352113	0.242857	0.309859	0.357143	0.343750	0.357143	0.283582	0.352941	0.421053	0.294118	0.268657	0.300000	0.367647	0.371429	0.416667	0.313433	0.395349	0.357143	0.328571	0.343284	0.225806	0.318841	0.338235	0.426471	0.307692	0.523810	0.355932	0.338028	0.125000	0.317460	0.400000	0.468085	0.288136	0.785714	0.637681	0.631579	0.596154	0.611940	0.666667	0.576923	0.540984	0.606061	0.600000	0.661538	0.650794	0.679245	0.555556	0.500000	0.549296	0.523810	0.733333	0.630769	0.539683	0.647887	0.625000	0.666667	0.641791	0.565217	0.590909	0.573529	0.431034	0.582090	0.590909	0.553846	0.587302	0.469697	0.522388	0.544118	0.691176	0.657143	0.611940	0.741935	0.652174	0.666667	0.608696	0.521739	0.588235	0.666667	0.545455	0.625000	0.661538	0.647887	0.552239	0.632353	0.695652	0.625000	0.691176	0.686567	0.606557	0.578125	0.611940	0.617647	0.593750	0.619048	0.636364	0.516129	0.594203	0.615385	0.633333	0.510204	0.619718	0.605634	0.545455	0.623188	0.676471	0.611111	0.671642	0.468750	
0.244898	0.339623	0.296296	0.409091	0.387755	0.500000	0.411765	0.363636	0.215686	0.296296	0.326923	0.285714	0.365385	0.326923	0.351852	0.392157	0.377358	0.230769	0.339623	0.351852	0.000000	0.326087	0.367347	0.185185	0.388889	0.264151	0.351852	0.388889	0.294118	0.358491	0.384615	0.235294	0.471698	0.411765	0.250000	0.294118	0.384615	0.326923	0.211538	0.342857	0.351852	0.245283	0.307692	0.283019	0.274510	0.437500	0.285714	0.277778	0.361702	0.300000	0.313725	0.283019	0.339623	0.358491	0.342857	0.313725	0.208333	0.296296	0.333333	0.320755	0.444444	0.358491	0.379310	0.358491	0.313725	0.326923	0.411765	0.403846	0.396226	0.388889	0.411765	0.339623	0.244898	0.254902	0.305556	0.185185	0.351852	0.360000	0.294118	0.333333	0.296296	0.250000	0.307692	0.315789	0.380000	0.370370	0.250000	0.313725	0.372093	0.375000	0.382979	0.476190	0.622642	0.636364	0.560976	0.529412	0.500000	0.347826	0.574468	0.596154	0.352941	0.700000	0.416667	0.738095	0.500000	0.636364	0.555556	0.520833	0.571429	0.540000	0.645833	0.518519	0.568627	0.509804	0.673077	0.528302	0.549020	0.442308	0.608696	0.490196	0.680000	0.562500	0.647059	0.440000	0.580000	0.557692	0.596154	0.528302	0.596154	0.583333	0.660377	0.586957	0.500000	0.403846	0.653846	0.555556	0.607843	0.540000	0.551020	0.611111	0.509804	0.500000	0.584906	0.591837	0.509804	0.705882	0.680851	0.530612	0.588235	0.461538	0.446809	0.612245	0.549020	0.480000	0.547170	0.551020	0.608696	0.461538	0.592593	0.611111	0.448980	0.566038	0.500000	0.642857	0.549020	0.612245	
0.310345	0.316667	0.233333	0.304348	0.310345	0.111111	0.333333	0.333333	0.403509	0.377049	0.362069	0.476190	0.316667	0.310345	0.338983	0.290909	0.237288	0.258621	0.298246	0.278689	0.326087	0.000000	0.301887	0.416667	0.278689	0.288136	0.278689	0.288136	0.303571	0.338983	0.351852	0.379310	0.298246	0.242424	0.304348	0.342857	0.280702	0.316667	0.333333	0.333333	0.344262	0.316667	0.385965	0.338983	0.322034	0.290323	0.136364	0.366667	0.250000	0.368421	0.314815	0.278689	0.283333	0.216667	0.270270	0.200000	0.333333	0.416667	0.262295	0.300000	0.360656	0.300000	0.275862	0.360656	0.245614	0.327586	0.352941	0.338983	0.245614	0.383333	0.350000	0.344262	0.415094	0.275862	0.297297	0.366667	0.300000	0.298246	0.240741	0.322034	0.379310	0.258621	0.333333	0.368421	0.320755	0.377049	0.142857	0.320755	0.391304	0.348837	0.211538	0.666667	0.677966	0.612245	0.558140	0.534483	0.666667	0.590909	0.576923	0.642857	0.777778	0.709091	0.703704	0.755556	0.666667	0.619048	0.622951	0.611111	0.783784	0.642857	0.555556	0.622951	0.545455	0.596491	0.637931	0.593220	0.701754	0.542373	0.560000	0.637931	0.678571	0.672727	0.648148	0.607143	0.568966	0.603448	0.666667	0.533333	0.614035	0.622642	0.583333	0.634615	0.627119	0.550000	0.637931	0.655172	0.596491	0.654545	0.660714	0.573770	0.614035	0.603448	0.542373	0.571429	0.620690	0.631579	0.622642	0.571429	0.534483	0.694915	0.481481	0.666667	0.696429	0.547170	0.633333	0.563636	0.588235	0.666667	0.590164	0.491803	0.678571	0.525424	0.603448	0.586957	0.631579	0.600000	
0.375000	0.327586	0.288136	0.222222	0.385965	0.300000	0.250000	0.333333	0.392857	0.288136	0.421053	0.450000	0.368421	0.285714	0.322034	0.290909	0.344828	0.350877	0.258621	0.271186	0.367347	0.301887	0.000000	0.344828	0.389831	0.293103	0.362069	0.338983	0.240741	0.263158	0.442308	0.357143	0.333333	0.400000	0.333333	0.342857	0.403509	0.157895	0.272727	0.382353	0.372881	0.258621	0.438596	0.310345	0.413793	0.387097	0.300000	0.288136	0.274510	0.298246	0.228070	0.254237	0.362069	0.275862	0.250000	0.368421	0.360000	0.310345	0.338983	0.310345	0.322034	0.327586	0.266667	0.258621	0.214286	0.333333	0.294118	0.293103	0.362069	0.389831	0.280702	0.440678	0.415094	0.381818	0.416667	0.327586	0.305085	0.163636	0.307692	0.396552	0.355932	0.315789	0.307692	0.473684	0.320755	0.322034	0.285714	0.277778	0.333333	0.302326	0.307692	0.739130	0.551724	0.625000	0.545455	0.578947	0.600000	0.545455	0.568627	0.672727	0.666667	0.584906	0.634615	0.622222	0.673077	0.500000	0.677966	0.547170	0.605263	0.589286	0.509434	0.728814	0.629630	0.636364	0.607143	0.561404	0.642857	0.603448	0.490196	0.500000	0.611111	0.547170	0.500000	0.537037	0.660714	0.578947	0.603448	0.724138	0.614035	0.653846	0.762712	0.640000	0.561404	0.517241	0.589286	0.592593	0.672727	0.527273	0.648148	0.711864	0.600000	0.571429	0.578947	0.714286	0.535714	0.600000	0.566038	0.535714	0.517857	0.684211	0.596154	0.555556	0.672727	0.528302	0.568966	0.629630	0.588235	0.425000	0.644068	0.559322	0.574074	0.655172	0.578947	0.531915	0.581818	0.537037	
0.218750	0.362319	0.275362	0.450980	0.370968	0.600000	0.303030	0.423077	0.200000	0.257143	0.283582	0.260870	0.303030	0.323529	0.294118	0.328125	0.352941	0.283582	0.348485	0.385714	0.185185	0.416667	0.344828	0.000000	0.328571	0.235294	0.376812	0.397059	0.301587	0.397059	0.290323	0.283582	0.333333	0.459459	0.269231	0.342105	0.348485	0.253731	0.278689	0.250000	0.300000	0.217391	0.196970	0.205882	0.272727	0.352941	0.260870	0.289855	0.338983	0.281250	0.290323	0.304348	0.347826	0.333333	0.307692	0.354839	0.185185	0.347826	0.300000	0.333333	0.371429	0.347826	0.281250	0.231884	0.333333	0.328358	0.315789	0.328358	0.363636	0.391304	0.328358	0.304348	0.288136	0.227273	0.325581	0.217391	0.362319	0.272727	0.322581	0.308824	0.328358	0.253731	0.307692	0.190476	0.396552	0.271429	0.250000	0.290323	0.320000	0.369565	0.379310	0.555556	0.691176	0.714286	0.627451	0.560606	0.545455	0.480000	0.566667	0.692308	0.473684	0.609375	0.483871	0.653846	0.612903	0.521739	0.571429	0.629032	0.613636	0.578125	0.677419	0.528571	0.687500	0.584615	0.656716	0.602941	0.600000	0.611940	0.666667	0.500000	0.569231	0.625000	0.612903	0.553846	0.651515	0.537313	0.671642	0.652174	0.606061	0.629032	0.691176	0.694915	0.536232	0.544118	0.671642	0.625000	0.615385	0.523810	0.625000	0.614286	0.606061	0.641791	0.632353	0.539683	0.611940	0.590909	0.700000	0.523810	0.651515	0.552239	0.523810	0.548387	0.523077	0.540984	0.558824	0.703125	0.661017	0.583333	0.614286	0.614286	0.507692	0.647059	0.477612	0.660377	0.560606	0.603175	
0.276923	0.314286	0.300000	0.450980	0.380952	0.400000	0.257576	0.384615	0.287879	0.295775	0.338235	0.391304	0.313433	0.367647	0.304348	0.353846	0.289855	0.279412	0.343284	0.253521	0.388889	0.278689	0.389831	0.328571	0.000000	0.362319	0.214286	0.347826	0.312500	0.420290	0.306452	0.250000	0.257576	0.351351	0.250000	0.421053	0.298507	0.308824	0.370968	0.200000	0.380282	0.357143	0.318182	0.333333	0.358209	0.294118	0.217391	0.371429	0.366667	0.415385	0.380952	0.285714	0.271429	0.300000	0.275000	0.317460	0.333333	0.342857	0.380282	0.328571	0.338028	0.285714	0.406250	0.328571	0.283582	0.352941	0.368421	0.352941	0.313433	0.300000	0.308824	0.228571	0.350000	0.343284	0.348837	0.328571	0.257143	0.328358	0.290323	0.347826	0.308824	0.367647	0.230769	0.428571	0.305085	0.309859	0.000000	0.317460	0.260000	0.361702	0.254237	0.678571	0.637681	0.614035	0.673077	0.507463	0.500000	0.384615	0.590164	0.606061	0.600000	0.600000	0.555556	0.547170	0.666667	0.583333	0.605634	0.571429	0.688889	0.646154	0.634921	0.619718	0.593750	0.651515	0.567164	0.521739	0.621212	0.647059	0.534483	0.567164	0.651515	0.646154	0.571429	0.545455	0.447761	0.573529	0.705882	0.642857	0.597015	0.612903	0.579710	0.583333	0.652174	0.550725	0.573529	0.636364	0.500000	0.546875	0.630769	0.507042	0.492537	0.676471	0.550725	0.578125	0.691176	0.567164	0.524590	0.671875	0.656716	0.602941	0.515625	0.634921	0.636364	0.483871	0.579710	0.676923	0.683333	0.571429	0.563380	0.605634	0.590909	0.579710	0.647059	0.518519	0.582090	0.578125	
0.285714	0.323529	0.323529	0.367347	0.322581	0.400000	0.328125	0.360000	0.261538	0.304348	0.373134	0.333333	0.369231	0.388060	0.338235	0.365079	0.283582	0.227273	0.333333	0.304348	0.264151	0.288136	0.293103	0.235294	0.362319	0.000000	0.308824	0.358209	0.274194	0.343284	0.383333	0.333333	0.307692	0.305556	0.340000	0.270270	0.333333	0.242424	0.233333	0.289474	0.347826	0.264706	0.328125	0.264706	0.242424	0.281250	0.142857	0.279412	0.327586	0.253968	0.306452	0.250000	0.352941	0.411765	0.315789	0.317460	0.423077	0.338235	0.275362	0.294118	0.318841	0.338235	0.433333	0.323529	0.230769	0.303030	0.294118	0.393939	0.363636	0.411765	0.318182	0.338235	0.344828	0.276923	0.243902	0.323529	0.333333	0.276923	0.283333	0.373134	0.454545	0.287879	0.384615	0.315789	0.403509	0.289855	0.125000	0.360656	0.270833	0.422222	0.368421	0.642857	0.716418	0.678571	0.588235	0.590909	0.666667	0.583333	0.533333	0.578125	0.526316	0.593750	0.580645	0.673077	0.622951	0.708333	0.521739	0.650794	0.636364	0.562500	0.645161	0.594203	0.571429	0.671875	0.615385	0.656716	0.630769	0.552239	0.631579	0.630769	0.656250	0.634921	0.603175	0.500000	0.630769	0.590909	0.701493	0.647059	0.615385	0.688525	0.632353	0.689655	0.537313	0.537313	0.727273	0.625000	0.593750	0.555556	0.603175	0.652174	0.600000	0.636364	0.641791	0.603175	0.530303	0.738462	0.616667	0.444444	0.630769	0.575758	0.612903	0.709677	0.609375	0.459016	0.641791	0.593750	0.677966	0.458333	0.681159	0.594203	0.676923	0.641791	0.560606	0.622642	0.615385	0.539683	
