0.000000	0.372093	0.317073	0.400000	0.325000	0.250000	0.250000	0.297297	0.476190	0.372093	0.452381	0.250000	0.289474	0.418605	0.279070	0.390244	0.357143	0.400000	0.380952	0.390244	0.447368	0.475000	0.404762	0.390244	0.476190	0.476190	0.395349	0.441860	0.450000	0.452381	0.300000	0.282051	0.414634	0.576923	0.264706	0.478261	0.275000	0.414634	0.378378	0.434783	0.439024	0.390244	0.428571	0.390244	0.395349	0.300000	0.363636	0.428571	0.384615	0.348837	0.384615	0.428571	0.441860	0.380952	0.320000	0.268293	0.400000	0.341463	0.404762	0.404762	0.357143	0.357143	0.473684	0.475000	0.418605	0.348837	0.357143	0.268293	0.404762	0.390244	0.243902	0.292683	0.475000	0.300000	0.500000	0.404762	0.395349	0.325000	0.375000	0.414634	0.309524	0.357143	0.333333	0.538462	0.444444	0.439024	0.200000	0.473684	0.411765	0.500000	0.363636	0.611111	0.690476	0.625000	0.588235	0.564103	0.600000	0.583333	0.650000	0.627907	0.375000	0.642857	0.634146	0.666667	0.560976	0.562500	0.523810	0.558140	0.516129	0.642857	0.789474	0.564103	0.619048	0.675000	0.534884	0.547619	0.547619	0.560976	0.609756	0.560976	0.658537	0.615385	0.634146	0.523810	0.476190	0.585366	0.547619	0.560976	0.418605	0.634146	0.511628	0.540541	0.604651	0.666667	0.642857	0.714286	0.575000	0.589744	0.604651	0.525000	0.525000	0.585366	0.604651	0.534884	0.595238	0.619048	0.564103	0.595238	0.604651	0.547619	0.700000	0.523810	0.571429	0.581395	0.756098	0.634146	0.736842	0.457143	0.581395	0.595238	0.600000	0.534884	0.564103	0.526316	0.575000	0.558140	
0.372093	0.000000	0.452381	0.533333	0.365854	0.625000	0.390244	0.552632	0.488372	0.340909	0.441860	0.375000	0.410256	0.386364	0.340909	0.380952	0.302326	0.317073	0.232558	0.428571	0.384615	0.390244	0.348837	0.380952	0.325581	0.441860	0.363636	0.454545	0.292683	0.418605	0.439024	0.400000	0.380952	0.518519	0.470588	0.541667	0.487805	0.357143	0.236842	0.478261	0.380952	0.357143	0.404762	0.404762	0.318182	0.450000	0.454545	0.325581	0.384615	0.386364	0.375000	0.348837	0.409091	0.488372	0.423077	0.452381	0.400000	0.452381	0.348837	0.488372	0.511628	0.372093	0.526316	0.390244	0.295455	0.250000	0.357143	0.285714	0.465116	0.285714	0.452381	0.476190	0.536585	0.439024	0.357143	0.348837	0.454545	0.317073	0.400000	0.404762	0.418605	0.441860	0.500000	0.307692	0.540541	0.357143	0.000000	0.342105	0.457143	0.555556	0.323529	0.473684	0.558140	0.487805	0.628571	0.575000	0.500000	0.461538	0.682927	0.613636	0.588235	0.627907	0.547619	0.594595	0.595238	0.705882	0.581395	0.590909	0.531250	0.627907	0.717949	0.500000	0.604651	0.658537	0.568182	0.674419	0.604651	0.595238	0.547619	0.690476	0.571429	0.525000	0.666667	0.581395	0.465116	0.666667	0.627907	0.690476	0.500000	0.547619	0.636364	0.500000	0.545455	0.558140	0.627907	0.636364	0.536585	0.475000	0.636364	0.634146	0.682927	0.500000	0.500000	0.522727	0.511628	0.604651	0.600000	0.604651	0.545455	0.651163	0.682927	0.488372	0.604651	0.613636	0.619048	0.642857	0.461538	0.583333	0.613636	0.627907	0.487805	0.477273	0.700000	0.615385	0.707317	0.545455	
0.317073	0.452381	0.000000	0.285714	0.307692	0.250000	0.358974	0.444444	0.292683	0.380952	0.428571	0.312500	0.459459	0.380952	0.452381	0.600000	0.439024	0.461538	0.390244	0.268293	0.567568	0.538462	0.487805	0.350000	0.341463	0.512195	0.500000	0.261905	0.435897	0.341463	0.410256	0.384615	0.375000	0.423077	0.343750	0.681818	0.307692	0.350000	0.388889	0.227273	0.300000	0.475000	0.450000	0.425000	0.380952	0.450000	0.400000	0.341463	0.351351	0.357143	0.512821	0.390244	0.452381	0.390244	0.200000	0.350000	0.285714	0.400000	0.365854	0.390244	0.414634	0.365854	0.411765	0.375000	0.380952	0.261905	0.307692	0.450000	0.463415	0.500000	0.463415	0.375000	0.375000	0.461538	0.346154	0.390244	0.404762	0.435897	0.342105	0.325000	0.463415	0.463415	0.416667	0.384615	0.416667	0.400000	0.400000	0.351351	0.181818	0.440000	0.375000	0.421053	0.609756	0.525000	0.575758	0.526316	0.166667	0.615385	0.575000	0.500000	0.588235	0.609756	0.575000	0.722222	0.550000	0.470588	0.560976	0.500000	0.516129	0.658537	0.605263	0.631579	0.512195	0.525000	0.595238	0.512195	0.414634	0.450000	0.550000	0.500000	0.650000	0.631579	0.550000	0.463415	0.487805	0.600000	0.585366	0.600000	0.523810	0.500000	0.666667	0.621622	0.619048	0.585366	0.658537	0.636364	0.538462	0.421053	0.571429	0.615385	0.564103	0.450000	0.571429	0.619048	0.463415	0.536585	0.461538	0.536585	0.547619	0.523810	0.564103	0.536585	0.682927	0.595238	0.525000	0.500000	0.621622	0.371429	0.476190	0.560976	0.512821	0.523810	0.526316	0.473684	0.538462	0.595238	
0.400000	0.533333	0.285714	0.000000	0.413793	0.250000	0.413793	0.321429	0.310345	0.500000	0.310345	0.533333	0.275862	0.466667	0.466667	0.379310	0.433333	0.407407	0.517241	0.357143	0.448276	0.413793	0.482759	0.482759	0.379310	0.344828	0.433333	0.266667	0.571429	0.400000	0.517241	0.481481	0.433333	0.363636	0.407407	0.500000	0.535714	0.300000	0.250000	0.428571	0.428571	0.379310	0.533333	0.413793	0.466667	0.588235	0.333333	0.275862	0.551724	0.500000	0.448276	0.366667	0.533333	0.400000	0.363636	0.366667	0.333333	0.344828	0.266667	0.433333	0.233333	0.517241	0.421053	0.500000	0.433333	0.266667	0.230769	0.379310	0.300000	0.464286	0.250000	0.366667	0.517241	0.413793	0.476190	0.500000	0.466667	0.533333	0.533333	0.428571	0.433333	0.433333	0.090909	0.416667	0.320000	0.464286	0.200000	0.448276	0.153846	0.333333	0.423077	0.538462	0.482759	0.666667	0.640000	0.592593	0.500000	0.600000	0.629630	0.500000	0.666667	0.433333	0.464286	0.640000	0.517241	0.583333	0.586207	0.433333	0.571429	0.724138	0.520000	0.592593	0.379310	0.777778	0.500000	0.433333	0.482759	0.551724	0.642857	0.535714	0.500000	0.629630	0.535714	0.551724	0.620690	0.428571	0.533333	0.500000	0.466667	0.428571	0.733333	0.680000	0.600000	0.620690	0.517241	0.600000	0.555556	0.461538	0.466667	0.655172	0.518519	0.642857	0.466667	0.700000	0.482759	0.482759	0.538462	0.586207	0.600000	0.482759	0.518519	0.620690	0.655172	0.500000	0.517241	0.571429	0.740741	0.695652	0.566667	0.482759	0.500000	0.500000	0.730769	0.384615	0.444444	0.600000	
0.325000	0.365854	0.307692	0.413793	0.000000	0.000000	0.358974	0.416667	0.450000	0.317073	0.475000	0.266667	0.378378	0.439024	0.439024	0.410256	0.292683	0.368421	0.300000	0.333333	0.333333	0.368421	0.425000	0.461538	0.525000	0.500000	0.414634	0.341463	0.384615	0.400000	0.435897	0.394737	0.325000	0.423077	0.312500	0.391304	0.315789	0.487179	0.388889	0.500000	0.435897	0.384615	0.384615	0.350000	0.439024	0.388889	0.181818	0.325000	0.297297	0.317073	0.394737	0.341463	0.512195	0.365854	0.280000	0.225000	0.357143	0.325000	0.300000	0.536585	0.292683	0.375000	0.277778	0.461538	0.439024	0.341463	0.214286	0.375000	0.463415	0.358974	0.512821	0.350000	0.435897	0.425000	0.280000	0.250000	0.414634	0.384615	0.368421	0.300000	0.350000	0.475000	0.272727	0.583333	0.470588	0.384615	0.000000	0.277778	0.454545	0.576923	0.333333	0.705882	0.650000	0.684211	0.484848	0.540541	0.500000	0.750000	0.605263	0.634146	0.666667	0.550000	0.641026	0.742857	0.564103	0.866667	0.575000	0.609756	0.533333	0.575000	0.555556	0.526316	0.650000	0.578947	0.707317	0.675000	0.500000	0.666667	0.564103	0.564103	0.589744	0.594595	0.666667	0.525000	0.575000	0.615385	0.525000	0.525000	0.536585	0.589744	0.682927	0.628571	0.707317	0.500000	0.650000	0.900000	0.605263	0.552632	0.756098	0.578947	0.631579	0.538462	0.658537	0.609756	0.550000	0.575000	0.621622	0.500000	0.585366	0.600000	0.631579	0.575000	0.675000	0.756098	0.641026	0.589744	0.621622	0.606061	0.634146	0.600000	0.552632	0.609756	0.710526	0.527778	0.605263	0.560976	
0.250000	0.625000	0.250000	0.250000	0.000000	0.000000	0.500000	0.285714	0.375000	0.500000	0.500000	0.285714	0.250000	0.625000	0.375000	0.250000	0.375000	0.428571	0.285714	0.428571	0.285714	0.428571	0.625000	0.125000	0.625000	0.625000	0.375000	0.125000	0.375000	0.125000	0.500000	0.500000	0.250000	0.285714	0.125000	0.375000	0.375000	0.500000	0.375000	0.500000	0.375000	0.375000	0.500000	0.375000	0.500000	0.375000	0.166667	0.375000	0.000000	0.500000	0.625000	0.500000	0.500000	0.250000	0.375000	0.250000	0.375000	0.000000	0.250000	0.625000	0.125000	0.285714	0.000000	0.500000	0.500000	0.500000	0.142857	0.375000	0.500000	0.428571	0.142857	0.125000	0.250000	0.285714	0.285714	0.250000	0.375000	0.500000	0.375000	0.428571	0.250000	0.625000	0.166667	0.625000	0.285714	0.285714	0.250000	0.375000	0.125000	0.500000	0.285714	0.750000	0.250000	0.666667	0.333333	0.571429	0.000000	0.750000	0.714286	0.500000	0.400000	0.125000	0.625000	0.333333	0.285714	0.800000	0.500000	0.500000	0.333333	0.428571	0.333333	0.285714	0.500000	0.571429	0.750000	0.500000	0.375000	0.750000	0.571429	0.125000	0.571429	0.571429	0.875000	0.375000	0.571429	0.428571	0.500000	0.285714	0.375000	0.571429	0.625000	0.571429	0.500000	0.625000	0.625000	0.666667	0.571429	0.600000	0.500000	0.500000	0.142857	0.500000	0.625000	0.625000	0.571429	0.428571	0.714286	0.625000	0.250000	0.500000	0.400000	0.625000	0.428571	0.750000	0.625000	0.714286	0.666667	0.666667	0.750000	0.375000	0.428571	0.500000	0.666667	0.166667	0.166667	0.625000	
0.250000	0.390244	0.358974	0.413793	0.358974	0.500000	0.000000	0.459459	0.450000	0.317073	0.375000	0.375000	0.342105	0.317073	0.292683	0.435897	0.475000	0.368421	0.425000	0.384615	0.486486	0.358974	0.275000	0.350000	0.475000	0.500000	0.414634	0.390244	0.384615	0.463415	0.375000	0.351351	0.365854	0.370370	0.323529	0.541667	0.342105	0.325000	0.416667	0.304348	0.358974	0.487179	0.400000	0.307692	0.317073	0.368421	0.363636	0.375000	0.459459	0.317073	0.459459	0.375000	0.268293	0.350000	0.346154	0.317073	0.533333	0.435897	0.300000	0.439024	0.325000	0.400000	0.315789	0.461538	0.292683	0.414634	0.285714	0.300000	0.375000	0.435897	0.333333	0.400000	0.435897	0.282051	0.346154	0.325000	0.390244	0.307692	0.384615	0.410256	0.300000	0.325000	0.333333	0.307692	0.371429	0.487179	0.000000	0.500000	0.428571	0.307692	0.500000	0.705882	0.625000	0.605263	0.606061	0.513514	0.600000	0.583333	0.657895	0.609756	0.666667	0.575000	0.615385	0.647059	0.641026	0.666667	0.650000	0.634146	0.700000	0.650000	0.675676	0.621622	0.625000	0.736842	0.634146	0.525000	0.550000	0.538462	0.425000	0.538462	0.666667	0.594595	0.538462	0.625000	0.500000	0.641026	0.550000	0.487179	0.439024	0.487179	0.634146	0.571429	0.682927	0.609756	0.750000	0.650000	0.684211	0.594595	0.585366	0.564103	0.538462	0.589744	0.512195	0.634146	0.525000	0.575000	0.567568	0.625000	0.658537	0.600000	0.710526	0.650000	0.650000	0.609756	0.641026	0.641026	0.621622	0.606061	0.658537	0.600000	0.589744	0.585366	0.513514	0.583333	0.657895	0.658537	
0.297297	0.552632	0.444444	0.321429	0.416667	0.285714	0.459459	0.000000	0.378378	0.342105	0.243243	0.437500	0.457143	0.526316	0.394737	0.388889	0.513514	0.277778	0.500000	0.540541	0.361111	0.486486	0.447368	0.486486	0.513514	0.324324	0.421053	0.500000	0.500000	0.342105	0.351351	0.264706	0.473684	0.461538	0.322581	0.409091	0.400000	0.432432	0.352941	0.571429	0.416667	0.361111	0.432432	0.444444	0.526316	0.562500	0.300000	0.378378	0.515152	0.473684	0.235294	0.351351	0.447368	0.351351	0.560000	0.473684	0.285714	0.333333	0.513514	0.342105	0.378378	0.368421	0.555556	0.388889	0.447368	0.394737	0.384615	0.351351	0.297297	0.486486	0.270270	0.324324	0.432432	0.333333	0.520000	0.405405	0.368421	0.444444	0.486486	0.388889	0.351351	0.432432	0.363636	0.583333	0.454545	0.444444	0.600000	0.424242	0.424242	0.320000	0.333333	0.588235	0.675676	0.657143	0.500000	0.500000	0.600000	0.583333	0.628571	0.578947	0.600000	0.540541	0.527778	0.548387	0.527778	0.466667	0.648649	0.578947	0.607143	0.513514	0.545455	0.571429	0.540541	0.628571	0.578947	0.594595	0.486486	0.583333	0.722222	0.583333	0.583333	0.735294	0.583333	0.459459	0.648649	0.500000	0.486486	0.583333	0.578947	0.702703	0.578947	0.687500	0.684211	0.675676	0.486486	0.555556	0.742857	0.558824	0.578947	0.611111	0.638889	0.638889	0.578947	0.631579	0.648649	0.594595	0.676471	0.486486	0.605263	0.567568	0.628571	0.594595	0.486486	0.578947	0.722222	0.777778	0.705882	0.516129	0.605263	0.621622	0.500000	0.473684	0.558824	0.515152	0.371429	0.578947	
0.476190	0.488372	0.292683	0.310345	0.450000	0.375000	0.450000	0.378378	0.000000	0.441860	0.380952	0.533333	0.342105	0.511628	0.465116	0.390244	0.523810	0.450000	0.452381	0.439024	0.447368	0.375000	0.452381	0.365854	0.333333	0.428571	0.441860	0.418605	0.500000	0.380952	0.400000	0.384615	0.414634	0.333333	0.454545	0.478261	0.500000	0.390244	0.378378	0.272727	0.219512	0.317073	0.341463	0.414634	0.511628	0.400000	0.454545	0.285714	0.473684	0.348837	0.435897	0.404762	0.418605	0.380952	0.440000	0.487805	0.133333	0.390244	0.380952	0.428571	0.380952	0.357143	0.421053	0.350000	0.465116	0.395349	0.428571	0.439024	0.428571	0.560976	0.463415	0.439024	0.400000	0.375000	0.259259	0.476190	0.418605	0.425000	0.512821	0.414634	0.452381	0.428571	0.250000	0.384615	0.472222	0.463415	0.600000	0.432432	0.294118	0.384615	0.484848	0.578947	0.547619	0.500000	0.558824	0.538462	0.500000	0.583333	0.625000	0.395349	0.588235	0.523810	0.390244	0.527778	0.536585	0.375000	0.571429	0.511628	0.451613	0.666667	0.473684	0.435897	0.452381	0.525000	0.627907	0.642857	0.404762	0.487805	0.560976	0.439024	0.585366	0.717949	0.536585	0.452381	0.595238	0.439024	0.523810	0.585366	0.558140	0.609756	0.581395	0.621622	0.627907	0.476190	0.595238	0.571429	0.575000	0.333333	0.511628	0.550000	0.575000	0.585366	0.558140	0.651163	0.523810	0.642857	0.461538	0.619048	0.581395	0.428571	0.500000	0.547619	0.547619	0.488372	0.585366	0.487805	0.526316	0.514286	0.558140	0.547619	0.500000	0.534884	0.538462	0.578947	0.450000	0.488372	
0.372093	0.340909	0.380952	0.500000	0.317073	0.500000	0.317073	0.342105	0.441860	0.000000	0.441860	0.250000	0.487179	0.363636	0.409091	0.309524	0.418605	0.219512	0.325581	0.452381	0.307692	0.292683	0.255814	0.452381	0.441860	0.348837	0.295455	0.477273	0.292683	0.348837	0.390244	0.350000	0.238095	0.407407	0.264706	0.541667	0.317073	0.476190	0.394737	0.608696	0.428571	0.333333	0.309524	0.380952	0.340909	0.450000	0.272727	0.325581	0.410256	0.272727	0.350000	0.418605	0.431818	0.279070	0.423077	0.309524	0.533333	0.500000	0.441860	0.395349	0.302326	0.511628	0.473684	0.414634	0.363636	0.318182	0.428571	0.333333	0.348837	0.404762	0.476190	0.452381	0.560976	0.365854	0.250000	0.325581	0.431818	0.341463	0.425000	0.380952	0.372093	0.418605	0.416667	0.307692	0.540541	0.428571	0.200000	0.289474	0.485714	0.333333	0.294118	0.526316	0.720930	0.585366	0.514286	0.550000	0.500000	0.461538	0.487805	0.545455	0.705882	0.558140	0.619048	0.621622	0.571429	0.411765	0.627907	0.568182	0.843750	0.558140	0.589744	0.675000	0.627907	0.609756	0.636364	0.604651	0.441860	0.571429	0.642857	0.714286	0.595238	0.500000	0.547619	0.604651	0.581395	0.619048	0.651163	0.571429	0.477273	0.595238	0.659091	0.552632	0.659091	0.604651	0.627907	0.545455	0.609756	0.600000	0.659091	0.658537	0.609756	0.500000	0.522727	0.681818	0.534884	0.581395	0.650000	0.581395	0.659091	0.558140	0.560976	0.651163	0.581395	0.727273	0.547619	0.619048	0.538462	0.472222	0.727273	0.674419	0.512195	0.454545	0.525000	0.538462	0.658537	0.613636	
0.452381	0.441860	0.428571	0.310345	0.475000	0.500000	0.375000	0.243243	0.380952	0.441860	0.000000	0.562500	0.368421	0.488372	0.465116	0.512195	0.452381	0.350000	0.476190	0.463415	0.447368	0.500000	0.309524	0.365854	0.452381	0.404762	0.488372	0.441860	0.475000	0.428571	0.475000	0.384615	0.439024	0.346154	0.454545	0.478261	0.400000	0.243902	0.297297	0.454545	0.414634	0.365854	0.487805	0.341463	0.441860	0.650000	0.500000	0.404762	0.605263	0.395349	0.358974	0.333333	0.302326	0.357143	0.520000	0.414634	0.333333	0.292683	0.404762	0.357143	0.428571	0.404762	0.444444	0.300000	0.279070	0.302326	0.500000	0.317073	0.380952	0.463415	0.268293	0.414634	0.317073	0.275000	0.518519	0.380952	0.395349	0.350000	0.461538	0.463415	0.404762	0.452381	0.333333	0.230769	0.361111	0.317073	0.400000	0.421053	0.382353	0.346154	0.454545	0.631579	0.571429	0.625000	0.735294	0.615385	0.666667	0.615385	0.675000	0.534884	0.705882	0.476190	0.536585	0.611111	0.512195	0.470588	0.714286	0.558140	0.625000	0.714286	0.552632	0.666667	0.500000	0.675000	0.604651	0.690476	0.523810	0.512195	0.682927	0.658537	0.658537	0.692308	0.634146	0.571429	0.738095	0.512195	0.523810	0.658537	0.581395	0.634146	0.627907	0.756757	0.581395	0.642857	0.547619	0.636364	0.750000	0.538462	0.534884	0.725000	0.675000	0.682927	0.627907	0.697674	0.500000	0.595238	0.717949	0.547619	0.674419	0.666667	0.675000	0.619048	0.595238	0.534884	0.634146	0.682927	0.684211	0.657143	0.627907	0.595238	0.600000	0.534884	0.589744	0.631579	0.500000	0.627907	
0.250000	0.375000	0.312500	0.533333	0.266667	0.285714	0.375000	0.437500	0.533333	0.250000	0.562500	0.000000	0.562500	0.375000	0.250000	0.400000	0.250000	0.333333	0.437500	0.375000	0.312500	0.187500	0.437500	0.533333	0.466667	0.466667	0.312500	0.375000	0.125000	0.375000	0.250000	0.437500	0.312500	0.333333	0.200000	0.357143	0.333333	0.533333	0.375000	0.533333	0.285714	0.400000	0.250000	0.437500	0.375000	0.090909	0.142857	0.400000	0.312500	0.375000	0.500000	0.437500	0.437500	0.437500	0.466667	0.250000	0.400000	0.466667	0.500000	0.375000	0.437500	0.312500	0.307692	0.437500	0.437500	0.500000	0.454545	0.437500	0.312500	0.466667	0.375000	0.250000	0.437500	0.333333	0.266667	0.533333	0.437500	0.312500	0.250000	0.066667	0.500000	0.437500	0.444444	0.454545	0.533333	0.600000	0.400000	0.437500	0.466667	0.357143	0.200000	0.444444	0.375000	0.571429	0.428571	0.428571	0.333333	0.250000	0.400000	0.625000	0.555556	0.437500	0.666667	0.571429	0.533333	0.444444	0.533333	0.750000	0.571429	0.400000	0.642857	0.714286	0.666667	0.466667	0.562500	0.437500	0.687500	0.600000	0.533333	0.428571	0.866667	0.428571	0.500000	0.687500	0.400000	0.500000	0.312500	0.600000	0.250000	0.666667	0.437500	0.466667	0.625000	0.687500	0.733333	0.583333	0.600000	0.538462	0.750000	0.600000	0.533333	0.375000	0.750000	0.562500	0.333333	0.533333	0.357143	0.437500	0.625000	0.500000	0.615385	0.562500	0.266667	0.687500	0.625000	0.600000	0.571429	0.461538	0.562500	0.666667	0.600000	0.562500	0.692308	0.769231	0.615385	0.562500	
0.289474	0.410256	0.459459	0.275862	0.378378	0.250000	0.342105	0.457143	0.342105	0.487179	0.368421	0.562500	0.000000	0.564103	0.410256	0.351351	0.263158	0.333333	0.447368	0.405405	0.457143	0.394737	0.368421	0.368421	0.368421	0.473684	0.358974	0.358974	0.432432	0.512821	0.394737	0.371429	0.358974	0.384615	0.468750	0.375000	0.378378	0.368421	0.314286	0.409091	0.486486	0.315789	0.368421	0.297297	0.461538	0.333333	0.400000	0.315789	0.500000	0.256410	0.388889	0.394737	0.410256	0.368421	0.360000	0.230769	0.357143	0.324324	0.230769	0.461538	0.236842	0.394737	0.277778	0.486486	0.384615	0.384615	0.500000	0.368421	0.473684	0.459459	0.270270	0.384615	0.378378	0.236842	0.461538	0.447368	0.410256	0.421053	0.513514	0.567568	0.282051	0.368421	0.250000	0.384615	0.437500	0.351351	0.200000	0.314286	0.424242	0.375000	0.500000	0.800000	0.578947	0.583333	0.633333	0.628571	0.500000	0.636364	0.638889	0.410256	0.428571	0.500000	0.567568	0.515152	0.540541	0.533333	0.605263	0.461538	0.518519	0.710526	0.529412	0.400000	0.500000	0.722222	0.564103	0.552632	0.500000	0.540541	0.540541	0.405405	0.540541	0.542857	0.648649	0.500000	0.552632	0.540541	0.564103	0.405405	0.435897	0.540541	0.564103	0.606061	0.615385	0.578947	0.552632	0.736842	0.583333	0.457143	0.487179	0.552632	0.472222	0.648649	0.512821	0.692308	0.578947	0.631579	0.685714	0.710526	0.564103	0.578947	0.583333	0.578947	0.684211	0.512821	0.648649	0.459459	0.571429	0.612903	0.564103	0.526316	0.648649	0.564103	0.571429	0.428571	0.500000	0.538462	
0.418605	0.386364	0.380952	0.466667	0.439024	0.625000	0.317073	0.526316	0.511628	0.363636	0.488372	0.375000	0.564103	0.000000	0.363636	0.452381	0.511628	0.414634	0.348837	0.380952	0.410256	0.390244	0.348837	0.500000	0.418605	0.418605	0.431818	0.431818	0.390244	0.465116	0.463415	0.525000	0.333333	0.555556	0.441176	0.500000	0.439024	0.357143	0.578947	0.521739	0.476190	0.547619	0.428571	0.452381	0.295455	0.400000	0.272727	0.418605	0.487179	0.409091	0.475000	0.558140	0.431818	0.418605	0.384615	0.500000	0.533333	0.547619	0.558140	0.279070	0.534884	0.581395	0.578947	0.365854	0.363636	0.409091	0.500000	0.404762	0.441860	0.357143	0.404762	0.500000	0.585366	0.463415	0.285714	0.511628	0.477273	0.365854	0.475000	0.500000	0.441860	0.441860	0.583333	0.230769	0.486486	0.547619	0.200000	0.421053	0.485714	0.481481	0.411765	0.473684	0.465116	0.536585	0.628571	0.500000	0.333333	0.307692	0.560976	0.545455	0.705882	0.674419	0.571429	0.567568	0.500000	0.588235	0.558140	0.568182	0.656250	0.558140	0.564103	0.675000	0.488372	0.585366	0.590909	0.534884	0.558140	0.500000	0.500000	0.547619	0.571429	0.375000	0.404762	0.488372	0.534884	0.571429	0.604651	0.690476	0.522727	0.547619	0.704545	0.684211	0.613636	0.604651	0.604651	0.454545	0.560976	0.650000	0.659091	0.585366	0.707317	0.476190	0.522727	0.545455	0.627907	0.395349	0.525000	0.511628	0.613636	0.651163	0.512195	0.534884	0.627907	0.636364	0.428571	0.571429	0.589744	0.611111	0.454545	0.558140	0.512195	0.590909	0.550000	0.641026	0.780488	0.568182	
0.279070	0.340909	0.452381	0.466667	0.439024	0.375000	0.292683	0.394737	0.465116	0.409091	0.465116	0.250000	0.410256	0.363636	0.000000	0.357143	0.418605	0.292683	0.302326	0.523810	0.384615	0.414634	0.465116	0.452381	0.418605	0.418605	0.250000	0.477273	0.219512	0.441860	0.439024	0.275000	0.428571	0.444444	0.470588	0.291667	0.390244	0.380952	0.421053	0.434783	0.404762	0.476190	0.404762	0.500000	0.386364	0.300000	0.454545	0.372093	0.461538	0.500000	0.350000	0.418605	0.340909	0.372093	0.500000	0.452381	0.400000	0.333333	0.441860	0.395349	0.488372	0.348837	0.421053	0.390244	0.363636	0.409091	0.357143	0.380952	0.395349	0.404762	0.309524	0.357143	0.487805	0.341463	0.285714	0.418605	0.477273	0.268293	0.475000	0.428571	0.372093	0.395349	0.666667	0.384615	0.513514	0.476190	0.200000	0.447368	0.371429	0.370370	0.294118	0.684211	0.651163	0.682927	0.685714	0.575000	0.833333	0.538462	0.780488	0.590909	0.411765	0.627907	0.571429	0.540541	0.642857	0.647059	0.604651	0.659091	0.531250	0.511628	0.589744	0.600000	0.581395	0.609756	0.500000	0.465116	0.581395	0.619048	0.571429	0.523810	0.738095	0.625000	0.571429	0.581395	0.488372	0.595238	0.558140	0.571429	0.522727	0.666667	0.522727	0.710526	0.568182	0.581395	0.697674	0.590909	0.634146	0.550000	0.659091	0.658537	0.560976	0.500000	0.568182	0.590909	0.488372	0.581395	0.525000	0.674419	0.613636	0.744186	0.609756	0.558140	0.534884	0.590909	0.714286	0.642857	0.589744	0.500000	0.590909	0.651163	0.609756	0.590909	0.500000	0.589744	0.682927	0.568182	
0.390244	0.380952	0.600000	0.379310	0.410256	0.250000	0.435897	0.388889	0.390244	0.309524	0.512195	0.400000	0.351351	0.452381	0.357143	0.000000	0.390244	0.384615	0.365854	0.525000	0.189189	0.230769	0.365854	0.450000	0.487805	0.292683	0.333333	0.500000	0.435897	0.365854	0.564103	0.358974	0.375000	0.400000	0.375000	0.260870	0.450000	0.414634	0.333333	0.545455	0.425000	0.300000	0.325000	0.325000	0.309524	0.315789	0.272727	0.317073	0.378378	0.476190	0.421053	0.341463	0.476190	0.414634	0.560000	0.375000	0.466667	0.400000	0.390244	0.487805	0.317073	0.463415	0.315789	0.589744	0.500000	0.452381	0.461538	0.365854	0.317073	0.375000	0.325000	0.350000	0.461538	0.461538	0.296296	0.380952	0.428571	0.410256	0.473684	0.500000	0.439024	0.390244	0.363636	0.538462	0.400000	0.550000	0.200000	0.361111	0.424242	0.440000	0.375000	0.722222	0.536585	0.589744	0.545455	0.684211	0.833333	0.583333	0.538462	0.595238	0.588235	0.536585	0.550000	0.571429	0.650000	0.470588	0.560976	0.642857	0.633333	0.536585	0.540541	0.500000	0.536585	0.615385	0.547619	0.560976	0.512195	0.675000	0.625000	0.575000	0.500000	0.589744	0.675000	0.585366	0.560976	0.500000	0.536585	0.525000	0.428571	0.550000	0.619048	0.486486	0.547619	0.585366	0.585366	0.476190	0.500000	0.684211	0.666667	0.615385	0.564103	0.575000	0.523810	0.619048	0.585366	0.682927	0.684211	0.682927	0.595238	0.512195	0.589744	0.585366	0.439024	0.571429	0.625000	0.650000	0.540541	0.657143	0.642857	0.609756	0.512821	0.547619	0.710526	0.540541	0.589744	0.595238	
0.357143	0.302326	0.439024	0.433333	0.292683	0.375000	0.475000	0.513514	0.523810	0.418605	0.452381	0.250000	0.263158	0.511628	0.418605	0.390244	0.000000	0.325000	0.380952	0.390244	0.500000	0.400000	0.380952	0.463415	0.428571	0.404762	0.465116	0.418605	0.400000	0.452381	0.450000	0.450000	0.463415	0.370370	0.424242	0.333333	0.325000	0.463415	0.351351	0.521739	0.512195	0.317073	0.390244	0.476190	0.441860	0.300000	0.272727	0.380952	0.410256	0.348837	0.425000	0.372093	0.511628	0.465116	0.307692	0.268293	0.600000	0.380952	0.404762	0.500000	0.395349	0.333333	0.526316	0.400000	0.511628	0.325581	0.357143	0.512195	0.441860	0.390244	0.390244	0.365854	0.400000	0.375000	0.481481	0.404762	0.488372	0.400000	0.410256	0.390244	0.452381	0.333333	0.500000	0.461538	0.555556	0.341463	0.200000	0.289474	0.470588	0.370370	0.411765	0.578947	0.619048	0.500000	0.571429	0.589744	0.500000	0.461538	0.525000	0.627907	0.529412	0.500000	0.560976	0.675676	0.609756	0.705882	0.619048	0.511628	0.531250	0.642857	0.552632	0.461538	0.523810	0.525000	0.534884	0.595238	0.500000	0.560976	0.512195	0.536585	0.585366	0.538462	0.536585	0.619048	0.500000	0.585366	0.571429	0.463415	0.395349	0.560976	0.511628	0.567568	0.534884	0.571429	0.476190	0.863636	0.525000	0.512821	0.558140	0.550000	0.550000	0.560976	0.558140	0.627907	0.547619	0.571429	0.615385	0.500000	0.651163	0.642857	0.525000	0.523810	0.547619	0.581395	0.585366	0.487805	0.589744	0.571429	0.441860	0.547619	0.625000	0.534884	0.666667	0.657895	0.575000	0.511628	
0.400000	0.317073	0.461538	0.407407	0.368421	0.428571	0.368421	0.277778	0.450000	0.219512	0.350000	0.333333	0.333333	0.414634	0.292683	0.384615	0.325000	0.000000	0.365854	0.525000	0.378378	0.384615	0.350000	0.461538	0.325000	0.375000	0.292683	0.463415	0.236842	0.425000	0.461538	0.351351	0.358974	0.400000	0.437500	0.476190	0.394737	0.461538	0.314286	0.650000	0.475000	0.282051	0.333333	0.487179	0.365854	0.352941	0.363636	0.325000	0.472222	0.390244	0.324324	0.350000	0.439024	0.325000	0.565217	0.384615	0.384615	0.487179	0.375000	0.425000	0.350000	0.463415	0.500000	0.315789	0.292683	0.390244	0.416667	0.333333	0.450000	0.425000	0.375000	0.512821	0.578947	0.342105	0.384615	0.400000	0.390244	0.368421	0.486486	0.410256	0.375000	0.450000	0.500000	0.272727	0.657143	0.384615	0.400000	0.285714	0.468750	0.230769	0.343750	0.666667	0.625000	0.578947	0.531250	0.486486	0.400000	0.500000	0.641026	0.512195	0.562500	0.550000	0.575000	0.457143	0.641026	0.533333	0.650000	0.512195	0.666667	0.550000	0.583333	0.567568	0.585366	0.615385	0.512195	0.600000	0.463415	0.575000	0.615385	0.589744	0.625000	0.578947	0.575000	0.500000	0.550000	0.564103	0.600000	0.487179	0.463415	0.589744	0.536585	0.628571	0.585366	0.650000	0.575000	0.666667	0.736842	0.432432	0.560976	0.641026	0.605263	0.487179	0.487805	0.682927	0.550000	0.500000	0.648649	0.560976	0.585366	0.750000	0.578947	0.585366	0.625000	0.731707	0.589744	0.615385	0.486486	0.588235	0.609756	0.625000	0.487179	0.512195	0.564103	0.500000	0.526316	0.536585	
0.380952	0.232558	0.390244	0.517241	0.300000	0.285714	0.425000	0.500000	0.452381	0.325581	0.476190	0.437500	0.447368	0.348837	0.302326	0.365854	0.380952	0.365854	0.000000	0.476190	0.282051	0.390244	0.309524	0.317073	0.357143	0.357143	0.395349	0.488372	0.250000	0.380952	0.425000	0.384615	0.439024	0.444444	0.393939	0.391304	0.300000	0.365854	0.351351	0.454545	0.292683	0.463415	0.365854	0.439024	0.279070	0.368421	0.272727	0.285714	0.394737	0.372093	0.435897	0.309524	0.418605	0.428571	0.280000	0.365854	0.428571	0.292683	0.380952	0.476190	0.452381	0.325581	0.444444	0.350000	0.441860	0.209302	0.384615	0.365854	0.476190	0.380952	0.404762	0.365854	0.475000	0.500000	0.285714	0.333333	0.325581	0.275000	0.333333	0.439024	0.333333	0.476190	0.636364	0.500000	0.432432	0.390244	0.200000	0.351351	0.382353	0.538462	0.235294	0.578947	0.666667	0.575000	0.735294	0.589744	0.500000	0.615385	0.625000	0.581395	0.588235	0.666667	0.512195	0.666667	0.634146	0.705882	0.619048	0.581395	0.516129	0.714286	0.605263	0.538462	0.571429	0.650000	0.674419	0.642857	0.595238	0.658537	0.560976	0.634146	0.560976	0.461538	0.634146	0.571429	0.547619	0.634146	0.738095	0.658537	0.627907	0.682927	0.720930	0.648649	0.627907	0.452381	0.619048	0.590909	0.475000	0.564103	0.674419	0.675000	0.650000	0.536585	0.581395	0.604651	0.619048	0.666667	0.615385	0.571429	0.488372	0.738095	0.550000	0.595238	0.738095	0.534884	0.585366	0.634146	0.578947	0.571429	0.627907	0.619048	0.575000	0.441860	0.666667	0.631579	0.700000	0.627907	
0.390244	0.428571	0.268293	0.357143	0.333333	0.428571	0.384615	0.540541	0.439024	0.452381	0.463415	0.375000	0.405405	0.380952	0.523810	0.525000	0.390244	0.525000	0.476190	0.000000	0.526316	0.425000	0.414634	0.400000	0.341463	0.365854	0.452381	0.214286	0.435897	0.341463	0.307692	0.384615	0.250000	0.296296	0.406250	0.590909	0.333333	0.325000	0.444444	0.181818	0.375000	0.375000	0.475000	0.400000	0.357143	0.315789	0.545455	0.487805	0.351351	0.285714	0.487179	0.487805	0.333333	0.439024	0.280000	0.425000	0.153846	0.400000	0.317073	0.390244	0.414634	0.380952	0.352941	0.450000	0.547619	0.357143	0.416667	0.400000	0.341463	0.268293	0.500000	0.375000	0.487179	0.384615	0.481481	0.390244	0.428571	0.487179	0.394737	0.400000	0.463415	0.365854	0.363636	0.250000	0.432432	0.350000	0.400000	0.333333	0.242424	0.400000	0.363636	0.526316	0.512195	0.525000	0.515152	0.421053	0.333333	0.384615	0.450000	0.500000	0.470588	0.536585	0.575000	0.694444	0.450000	0.470588	0.512195	0.619048	0.500000	0.658537	0.657895	0.552632	0.463415	0.575000	0.571429	0.536585	0.463415	0.600000	0.475000	0.500000	0.575000	0.578947	0.575000	0.560976	0.634146	0.450000	0.560976	0.550000	0.523810	0.575000	0.619048	0.594595	0.714286	0.487805	0.536585	0.681818	0.487179	0.552632	0.571429	0.641026	0.512821	0.575000	0.523810	0.619048	0.487805	0.512195	0.512821	0.487805	0.595238	0.547619	0.461538	0.585366	0.634146	0.595238	0.575000	0.550000	0.621622	0.457143	0.619048	0.731707	0.564103	0.619048	0.500000	0.552632	0.641026	0.500000	
0.447368	0.384615	0.567568	0.448276	0.333333	0.285714	0.486486	0.361111	0.447368	0.307692	0.447368	0.312500	0.457143	0.410256	0.384615	0.189189	0.500000	0.378378	0.282051	0.526316	0.000000	0.342105	0.315789	0.526316	0.552632	0.263158	0.256410	0.589744	0.333333	0.435897	0.513514	0.400000	0.368421	0.423077	0.375000	0.217391	0.500000	0.421053	0.411765	0.590909	0.378378	0.324324	0.263158	0.351351	0.282051	0.473684	0.272727	0.289474	0.400000	0.512821	0.388889	0.421053	0.487179	0.394737	0.583333	0.394737	0.285714	0.405405	0.447368	0.421053	0.394737	0.435897	0.222222	0.555556	0.410256	0.410256	0.461538	0.324324	0.447368	0.368421	0.447368	0.486486	0.513514	0.472222	0.259259	0.447368	0.333333	0.305556	0.432432	0.405405	0.394737	0.552632	0.454545	0.500000	0.428571	0.513514	0.200000	0.352941	0.437500	0.583333	0.281250	0.647059	0.473684	0.750000	0.566667	0.571429	0.800000	0.416667	0.583333	0.564103	0.466667	0.605263	0.486486	0.500000	0.567568	0.400000	0.500000	0.717949	0.555556	0.500000	0.529412	0.514286	0.552632	0.583333	0.538462	0.473684	0.473684	0.675676	0.648649	0.567568	0.567568	0.485714	0.621622	0.605263	0.631579	0.432432	0.421053	0.594595	0.512821	0.702703	0.641026	0.606061	0.538462	0.552632	0.605263	0.500000	0.555556	0.685714	0.794872	0.594595	0.638889	0.486486	0.692308	0.615385	0.605263	0.605263	0.657143	0.578947	0.538462	0.631579	0.527778	0.500000	0.500000	0.589744	0.567568	0.675676	0.514286	0.718750	0.666667	0.605263	0.540541	0.564103	0.685714	0.529412	0.583333	0.564103	
0.475000	0.390244	0.538462	0.413793	0.368421	0.428571	0.358974	0.486486	0.375000	0.292683	0.500000	0.187500	0.394737	0.390244	0.414634	0.230769	0.400000	0.384615	0.390244	0.425000	0.342105	0.000000	0.300000	0.450000	0.400000	0.425000	0.243902	0.341463	0.289474	0.414634	0.384615	0.432432	0.350000	0.222222	0.363636	0.304348	0.447368	0.400000	0.305556	0.636364	0.333333	0.410256	0.325000	0.384615	0.487805	0.263158	0.090909	0.375000	0.388889	0.341463	0.432432	0.325000	0.390244	0.400000	0.500000	0.300000	0.461538	0.461538	0.325000	0.550000	0.375000	0.390244	0.388889	0.526316	0.439024	0.414634	0.461538	0.358974	0.250000	0.350000	0.375000	0.282051	0.500000	0.394737	0.250000	0.525000	0.439024	0.447368	0.447368	0.358974	0.450000	0.425000	0.272727	0.416667	0.428571	0.512821	0.200000	0.388889	0.515152	0.280000	0.272727	0.555556	0.500000	0.552632	0.531250	0.594595	0.400000	0.272727	0.394737	0.487805	0.750000	0.425000	0.564103	0.588235	0.589744	0.625000	0.600000	0.658537	0.655172	0.575000	0.527778	0.567568	0.650000	0.684211	0.634146	0.650000	0.600000	0.641026	0.564103	0.512821	0.538462	0.459459	0.512821	0.625000	0.625000	0.512821	0.487805	0.512821	0.463415	0.538462	0.634146	0.514286	0.756098	0.500000	0.600000	0.523810	0.552632	0.594595	0.609756	0.675000	0.631579	0.641026	0.463415	0.634146	0.550000	0.600000	0.567568	0.575000	0.609756	0.475000	0.526316	0.650000	0.475000	0.560976	0.564103	0.564103	0.594595	0.636364	0.658537	0.675000	0.589744	0.585366	0.702703	0.638889	0.605263	0.560976	
0.404762	0.348837	0.487805	0.482759	0.425000	0.625000	0.275000	0.447368	0.452381	0.255814	0.309524	0.437500	0.368421	0.348837	0.465116	0.365854	0.380952	0.350000	0.309524	0.414634	0.315789	0.300000	0.000000	0.317073	0.523810	0.333333	0.348837	0.441860	0.350000	0.452381	0.375000	0.333333	0.317073	0.370370	0.303030	0.304348	0.375000	0.292683	0.432432	0.478261	0.390244	0.390244	0.292683	0.365854	0.279070	0.315789	0.272727	0.333333	0.500000	0.302326	0.384615	0.333333	0.209302	0.380952	0.346154	0.317073	0.533333	0.390244	0.452381	0.357143	0.428571	0.404762	0.368421	0.375000	0.372093	0.348837	0.500000	0.268293	0.357143	0.317073	0.365854	0.439024	0.450000	0.250000	0.370370	0.500000	0.372093	0.300000	0.435897	0.512195	0.309524	0.285714	0.500000	0.384615	0.361111	0.341463	0.200000	0.297297	0.485714	0.333333	0.382353	0.684211	0.595238	0.575000	0.735294	0.666667	0.666667	0.461538	0.525000	0.604651	0.647059	0.523810	0.512195	0.638889	0.585366	0.529412	0.547619	0.627907	0.750000	0.714286	0.578947	0.675000	0.595238	0.675000	0.558140	0.571429	0.547619	0.560976	0.585366	0.634146	0.609756	0.512821	0.560976	0.619048	0.642857	0.609756	0.619048	0.536585	0.534884	0.666667	0.674419	0.540541	0.674419	0.547619	0.619048	0.571429	0.525000	0.666667	0.627907	0.600000	0.634146	0.658537	0.534884	0.674419	0.642857	0.666667	0.692308	0.642857	0.651163	0.642857	0.600000	0.619048	0.690476	0.511628	0.585366	0.585366	0.578947	0.685714	0.651163	0.642857	0.625000	0.488372	0.641026	0.657895	0.625000	0.581395	
0.390244	0.380952	0.350000	0.482759	0.461538	0.125000	0.350000	0.486486	0.365854	0.452381	0.365854	0.533333	0.368421	0.500000	0.452381	0.450000	0.463415	0.461538	0.317073	0.400000	0.526316	0.450000	0.317073	0.000000	0.390244	0.487805	0.452381	0.261905	0.358974	0.380952	0.375000	0.315789	0.390244	0.423077	0.363636	0.541667	0.384615	0.292683	0.388889	0.181818	0.275000	0.400000	0.439024	0.425000	0.285714	0.400000	0.363636	0.439024	0.324324	0.404762	0.473684	0.414634	0.238095	0.341463	0.320000	0.463415	0.400000	0.275000	0.268293	0.512195	0.390244	0.317073	0.222222	0.307692	0.333333	0.404762	0.428571	0.375000	0.341463	0.350000	0.325000	0.300000	0.384615	0.358974	0.500000	0.341463	0.357143	0.307692	0.333333	0.550000	0.317073	0.365854	0.333333	0.692308	0.342857	0.250000	0.200000	0.405405	0.323529	0.307692	0.333333	0.611111	0.536585	0.461538	0.606061	0.589744	0.800000	0.750000	0.692308	0.547619	0.625000	0.487805	0.487805	0.571429	0.475000	0.625000	0.487805	0.666667	0.600000	0.658537	0.621622	0.447368	0.634146	0.615385	0.690476	0.609756	0.560976	0.625000	0.550000	0.550000	0.625000	0.605263	0.775000	0.560976	0.463415	0.600000	0.609756	0.600000	0.619048	0.625000	0.571429	0.500000	0.571429	0.560976	0.560976	0.500000	0.512821	0.578947	0.476190	0.550000	0.435897	0.625000	0.571429	0.642857	0.536585	0.682927	0.641026	0.658537	0.500000	0.585366	0.641026	0.682927	0.585366	0.500000	0.625000	0.575000	0.526316	0.600000	0.642857	0.536585	0.600000	0.547619	0.552632	0.578947	0.512821	0.619048	
0.476190	0.325581	0.341463	0.379310	0.525000	0.625000	0.475000	0.513514	0.333333	0.441860	0.452381	0.466667	0.368421	0.418605	0.418605	0.487805	0.428571	0.325000	0.357143	0.341463	0.552632	0.400000	0.523810	0.390244	0.000000	0.476190	0.395349	0.348837	0.400000	0.428571	0.450000	0.435897	0.463415	0.346154	0.545455	0.652174	0.325000	0.341463	0.270270	0.318182	0.317073	0.341463	0.414634	0.439024	0.395349	0.350000	0.454545	0.452381	0.394737	0.325581	0.410256	0.380952	0.488372	0.380952	0.360000	0.463415	0.333333	0.536585	0.261905	0.428571	0.428571	0.404762	0.500000	0.300000	0.348837	0.372093	0.571429	0.463415	0.428571	0.512195	0.463415	0.463415	0.425000	0.575000	0.518519	0.380952	0.395349	0.475000	0.307692	0.512195	0.476190	0.452381	0.416667	0.307692	0.500000	0.365854	0.400000	0.351351	0.323529	0.346154	0.424242	0.444444	0.547619	0.375000	0.529412	0.410256	0.166667	0.416667	0.550000	0.372093	0.647059	0.619048	0.463415	0.527778	0.585366	0.352941	0.666667	0.465116	0.516129	0.595238	0.578947	0.538462	0.476190	0.575000	0.581395	0.619048	0.500000	0.536585	0.439024	0.560976	0.463415	0.564103	0.585366	0.547619	0.428571	0.487805	0.642857	0.634146	0.558140	0.463415	0.511628	0.594595	0.604651	0.404762	0.523810	0.523810	0.625000	0.384615	0.441860	0.675000	0.525000	0.512195	0.441860	0.627907	0.523810	0.571429	0.512821	0.500000	0.465116	0.642857	0.500000	0.666667	0.571429	0.558140	0.487805	0.512195	0.552632	0.428571	0.534884	0.547619	0.450000	0.395349	0.538462	0.473684	0.675000	0.511628	
0.476190	0.441860	0.512195	0.344828	0.500000	0.625000	0.500000	0.324324	0.428571	0.348837	0.404762	0.466667	0.473684	0.418605	0.418605	0.292683	0.404762	0.375000	0.357143	0.365854	0.263158	0.425000	0.333333	0.487805	0.476190	0.000000	0.441860	0.511628	0.400000	0.333333	0.425000	0.384615	0.414634	0.346154	0.333333	0.391304	0.500000	0.439024	0.405405	0.409091	0.390244	0.341463	0.341463	0.439024	0.302326	0.421053	0.400000	0.333333	0.500000	0.534884	0.384615	0.428571	0.418605	0.452381	0.520000	0.487805	0.266667	0.341463	0.500000	0.309524	0.333333	0.428571	0.611111	0.400000	0.604651	0.372093	0.461538	0.365854	0.238095	0.357143	0.414634	0.414634	0.550000	0.425000	0.444444	0.404762	0.395349	0.400000	0.512821	0.414634	0.380952	0.309524	0.416667	0.333333	0.444444	0.439024	0.400000	0.405405	0.323529	0.307692	0.323529	0.473684	0.595238	0.575000	0.617647	0.538462	0.833333	0.307692	0.525000	0.604651	0.500000	0.547619	0.487805	0.666667	0.512195	0.470588	0.604651	0.627907	0.580645	0.690476	0.578947	0.550000	0.476190	0.650000	0.558140	0.452381	0.523810	0.682927	0.682927	0.595238	0.560976	0.564103	0.536585	0.619048	0.666667	0.536585	0.619048	0.609756	0.511628	0.756098	0.697674	0.648649	0.627907	0.595238	0.465116	0.545455	0.525000	0.615385	0.627907	0.650000	0.650000	0.609756	0.581395	0.697674	0.571429	0.595238	0.641026	0.523810	0.627907	0.642857	0.450000	0.619048	0.571429	0.488372	0.512195	0.658537	0.578947	0.600000	0.651163	0.604651	0.625000	0.558140	0.589744	0.578947	0.536585	0.558140	
