0.000000	0.424242	0.333333	0.357143	0.393939	0.375000	0.483871	0.344828	0.258065	0.363636	0.470588	0.538462	0.354839	0.515152	0.406250	0.411765	0.375000	0.531250	0.352941	0.352941	0.354839	0.281250	0.312500	0.323529	0.264706	0.441176	0.484848	0.393939	0.272727	0.363636	0.483871	0.333333	0.382353	0.333333	0.344828	0.277778	0.545455	0.382353	0.437500	0.368421	0.411765	0.181818	0.272727	0.484848	0.272727	0.388889	0.333333	0.441176	0.343750	0.411765	0.470588	0.363636	0.411765	0.393939	0.409091	0.484848	0.307692	0.312500	0.484848	0.333333	0.441176	0.352941	0.470588	0.406250	0.424242	0.382353	0.500000	0.411765	0.500000	0.411765	0.363636	0.470588	0.441176	0.500000	0.304348	0.352941	0.454545	0.424242	0.545455	0.382353	0.382353	0.294118	0.333333	0.545455	0.354839	0.406250	0.000000	0.363636	0.413793	0.363636	0.357143	0.545455	0.515152	0.642857	0.500000	0.645161	0.000000	0.125000	0.687500	0.709677	0.500000	0.558824	0.656250	0.551724	0.562500	0.375000	0.593750	0.558824	0.619048	0.580645	0.448276	0.687500	0.484848	0.656250	0.575758	0.558824	0.588235	0.558824	0.645161	0.500000	0.593750	0.625000	0.617647	0.588235	0.545455	0.575758	0.529412	0.666667	0.606061	0.612903	0.647059	0.642857	0.558824	0.575758	0.588235	0.533333	0.781250	0.437500	0.617647	0.500000	0.645161	0.558824	0.606061	0.545455	0.516129	0.593750	0.451613	0.575758	0.647059	0.588235	0.633333	0.705882	0.606061	0.696970	0.677419	0.606061	0.629630	0.307692	0.718750	0.470588	0.437500	0.575758	0.437500	0.551724	0.625000	0.606061	
0.424242	0.000000	0.361111	0.500000	0.441176	0.250000	0.531250	0.483871	0.424242	0.472222	0.405405	0.461538	0.484848	0.361111	0.352941	0.486486	0.400000	0.363636	0.351351	0.459459	0.606061	0.441176	0.285714	0.378378	0.270270	0.459459	0.416667	0.257143	0.457143	0.500000	0.393939	0.416667	0.378378	0.476190	0.333333	0.388889	0.314286	0.297297	0.428571	0.473684	0.351351	0.428571	0.428571	0.388889	0.583333	0.222222	0.333333	0.444444	0.406250	0.459459	0.459459	0.388889	0.351351	0.472222	0.416667	0.444444	0.500000	0.485714	0.500000	0.342857	0.486486	0.388889	0.500000	0.457143	0.333333	0.432432	0.272727	0.432432	0.432432	0.351351	0.514286	0.351351	0.459459	0.400000	0.304348	0.297297	0.567568	0.371429	0.571429	0.416667	0.297297	0.388889	0.444444	0.454545	0.451613	0.428571	0.000000	0.371429	0.433333	0.520000	0.566667	0.357143	0.621622	0.483871	0.551724	0.470588	0.500000	0.333333	0.617647	0.411765	0.642857	0.567568	0.571429	0.483871	0.514286	0.444444	0.485714	0.540541	0.240000	0.617647	0.612903	0.472222	0.472222	0.472222	0.555556	0.486486	0.540541	0.675676	0.484848	0.514286	0.600000	0.555556	0.540541	0.513514	0.472222	0.500000	0.648649	0.555556	0.388889	0.558824	0.675676	0.533333	0.594595	0.583333	0.540541	0.437500	0.485714	0.657143	0.648649	0.432432	0.441176	0.594595	0.666667	0.472222	0.676471	0.647059	0.500000	0.594595	0.594595	0.722222	0.575758	0.567568	0.583333	0.555556	0.657143	0.500000	0.548387	0.586207	0.444444	0.594595	0.571429	0.583333	0.514286	0.533333	0.457143	0.540541	
0.333333	0.361111	0.000000	0.321429	0.441176	0.285714	0.375000	0.451613	0.454545	0.513514	0.459459	0.307692	0.411765	0.527778	0.352941	0.378378	0.428571	0.393939	0.621622	0.378378	0.424242	0.342857	0.314286	0.351351	0.297297	0.432432	0.361111	0.428571	0.457143	0.555556	0.333333	0.388889	0.297297	0.350000	0.466667	0.388889	0.428571	0.459459	0.485714	0.450000	0.459459	0.371429	0.371429	0.388889	0.416667	0.470588	0.111111	0.333333	0.375000	0.459459	0.432432	0.388889	0.351351	0.472222	0.333333	0.555556	0.384615	0.428571	0.361111	0.285714	0.459459	0.361111	0.294118	0.428571	0.388889	0.567568	0.500000	0.405405	0.378378	0.405405	0.428571	0.513514	0.405405	0.400000	0.333333	0.459459	0.555556	0.428571	0.342857	0.277778	0.405405	0.250000	0.375000	0.500000	0.451613	0.428571	0.000000	0.371429	0.300000	0.333333	0.333333	0.500000	0.527778	0.600000	0.586207	0.588235	0.750000	0.444444	0.558824	0.558824	0.642857	0.405405	0.714286	0.500000	0.485714	0.300000	0.457143	0.594595	0.541667	0.764706	0.451613	0.514286	0.583333	0.685714	0.638889	0.513514	0.621622	0.621622	0.545455	0.342857	0.514286	0.571429	0.567568	0.486486	0.500000	0.666667	0.567568	0.611111	0.583333	0.647059	0.648649	0.655172	0.540541	0.611111	0.594595	0.625000	0.628571	0.628571	0.540541	0.648649	0.647059	0.405405	0.666667	0.527778	0.558824	0.558824	0.484848	0.500000	0.675676	0.638889	0.636364	0.540541	0.722222	0.444444	0.647059	0.527778	0.600000	0.571429	0.571429	0.648649	0.485714	0.583333	0.542857	0.666667	0.714286	0.583333	
0.357143	0.500000	0.321429	0.000000	0.392857	0.125000	0.296296	0.240000	0.370370	0.392857	0.551724	0.384615	0.333333	0.642857	0.461538	0.620690	0.444444	0.346154	0.517241	0.275862	0.178571	0.333333	0.370370	0.517241	0.448276	0.448276	0.357143	0.500000	0.464286	0.428571	0.500000	0.392857	0.413793	0.238095	0.444444	0.555556	0.555556	0.448276	0.357143	0.631579	0.413793	0.333333	0.310345	0.428571	0.285714	0.235294	0.500000	0.448276	0.464286	0.379310	0.413793	0.551724	0.413793	0.500000	0.347826	0.689655	0.333333	0.444444	0.448276	0.535714	0.482759	0.379310	0.333333	0.407407	0.642857	0.482759	0.636364	0.241379	0.448276	0.517241	0.428571	0.482759	0.482759	0.444444	0.400000	0.448276	0.464286	0.500000	0.392857	0.517241	0.379310	0.344828	0.333333	0.700000	0.560000	0.357143	0.000000	0.448276	0.440000	0.363636	0.346154	0.272727	0.428571	0.652174	0.416667	0.500000	0.333333	0.250000	0.423077	0.769231	0.363636	0.517241	0.629630	0.625000	0.370370	0.750000	0.592593	0.482759	0.388889	0.692308	0.521739	0.555556	0.500000	0.592593	0.535714	0.379310	0.620690	0.379310	0.440000	0.518519	0.500000	0.629630	0.413793	0.344828	0.357143	0.714286	0.482759	0.392857	0.535714	0.384615	0.517241	0.833333	0.551724	0.535714	0.517241	0.615385	0.555556	0.592593	0.517241	0.586207	0.615385	0.379310	0.500000	0.535714	0.576923	0.555556	0.360000	0.500000	0.517241	0.571429	0.538462	0.379310	0.500000	0.655172	0.576923	0.500000	0.521739	0.428571	0.666667	0.448276	0.555556	0.750000	0.555556	0.541667	0.629630	0.642857	
0.393939	0.441176	0.441176	0.392857	0.000000	0.500000	0.387097	0.344828	0.375000	0.529412	0.457143	0.461538	0.281250	0.529412	0.343750	0.428571	0.212121	0.437500	0.485714	0.428571	0.343750	0.437500	0.242424	0.400000	0.428571	0.428571	0.294118	0.545455	0.323529	0.411765	0.468750	0.500000	0.428571	0.250000	0.379310	0.333333	0.424242	0.428571	0.424242	0.421053	0.342857	0.393939	0.424242	0.323529	0.235294	0.333333	0.222222	0.485714	0.468750	0.342857	0.400000	0.382353	0.485714	0.441176	0.478261	0.411765	0.500000	0.303030	0.411765	0.411765	0.371429	0.457143	0.411765	0.545455	0.323529	0.400000	0.545455	0.428571	0.457143	0.400000	0.441176	0.371429	0.371429	0.323529	0.434783	0.457143	0.352941	0.441176	0.484848	0.257143	0.485714	0.228571	0.555556	0.454545	0.400000	0.323529	0.000000	0.294118	0.500000	0.478261	0.344828	0.583333	0.411765	0.535714	0.666667	0.468750	1.000000	0.777778	0.593750	0.531250	0.615385	0.657143	0.575758	0.586207	0.636364	0.333333	0.666667	0.571429	0.478261	0.531250	0.724138	0.545455	0.500000	0.696970	0.588235	0.600000	0.571429	0.628571	0.483871	0.575758	0.666667	0.484848	0.542857	0.657143	0.558824	0.617647	0.657143	0.617647	0.529412	0.562500	0.628571	0.571429	0.657143	0.558824	0.457143	0.562500	0.606061	0.545455	0.600000	0.571429	0.593750	0.628571	0.647059	0.588235	0.656250	0.656250	0.741935	0.558824	0.600000	0.676471	0.806452	0.542857	0.676471	0.647059	0.625000	0.705882	0.392857	0.576923	0.545455	0.542857	0.424242	0.647059	0.606061	0.600000	0.666667	0.617647	
0.375000	0.250000	0.285714	0.125000	0.500000	0.000000	0.375000	0.375000	0.142857	0.428571	0.500000	0.285714	0.714286	0.625000	0.285714	0.500000	0.500000	0.000000	0.375000	0.375000	0.375000	0.285714	0.375000	0.625000	0.250000	0.250000	0.500000	0.375000	0.750000	0.375000	0.750000	0.428571	0.375000	0.625000	0.375000	0.500000	0.500000	0.250000	0.500000	0.714286	0.500000	0.625000	0.250000	0.250000	0.500000	0.375000	0.600000	0.250000	0.500000	0.250000	0.250000	0.375000	0.375000	0.375000	0.500000	0.500000	0.375000	0.714286	0.625000	0.125000	0.375000	0.250000	0.428571	0.142857	0.375000	0.375000	0.428571	0.250000	0.250000	0.375000	0.625000	0.125000	0.500000	0.428571	0.285714	0.375000	0.500000	0.250000	0.375000	0.500000	0.250000	0.625000	0.333333	0.714286	0.375000	0.375000	0.000000	0.500000	0.750000	0.125000	0.375000	0.500000	0.250000	0.600000	0.166667	0.500000	1.000000	0.333333	0.666667	0.666667	0.200000	0.500000	0.625000	0.666667	0.428571	0.500000	0.500000	0.500000	0.166667	1.000000	0.250000	0.125000	0.714286	0.428571	0.625000	0.250000	0.625000	0.375000	0.285714	0.285714	0.571429	0.428571	0.375000	0.375000	0.142857	0.714286	0.500000	0.250000	0.428571	0.428571	0.500000	0.714286	0.250000	0.875000	0.500000	0.333333	0.571429	0.333333	0.375000	0.375000	0.142857	0.500000	0.625000	0.142857	0.833333	0.571429	0.285714	0.625000	0.500000	0.625000	0.400000	0.375000	0.285714	0.875000	0.428571	0.285714	0.666667	0.500000	0.500000	0.500000	0.500000	0.857143	0.166667	0.333333	0.666667	0.500000	
0.483871	0.531250	0.375000	0.296296	0.387097	0.375000	0.000000	0.344828	0.451613	0.281250	0.515152	0.538462	0.266667	0.562500	0.433333	0.484848	0.354839	0.400000	0.636364	0.454545	0.413793	0.266667	0.322581	0.575758	0.515152	0.363636	0.250000	0.437500	0.363636	0.312500	0.533333	0.500000	0.272727	0.476190	0.413793	0.388889	0.387097	0.484848	0.500000	0.450000	0.363636	0.483871	0.437500	0.406250	0.343750	0.277778	0.333333	0.424242	0.531250	0.424242	0.303030	0.515152	0.515152	0.343750	0.391304	0.515152	0.428571	0.161290	0.333333	0.406250	0.424242	0.363636	0.555556	0.516129	0.500000	0.575758	0.545455	0.151515	0.393939	0.424242	0.500000	0.484848	0.303030	0.419355	0.625000	0.393939	0.343750	0.343750	0.363636	0.424242	0.575758	0.303030	0.666667	0.363636	0.517241	0.343750	0.000000	0.484848	0.464286	0.434783	0.448276	0.750000	0.562500	0.481481	0.703704	0.566667	0.666667	0.500000	0.500000	0.500000	0.538462	0.454545	0.645161	0.607143	0.612903	0.555556	0.580645	0.666667	0.434783	0.645161	0.535714	0.451613	0.500000	0.677419	0.468750	0.515152	0.545455	0.545455	0.500000	0.593750	0.612903	0.580645	0.515152	0.606061	0.406250	0.687500	0.545455	0.468750	0.593750	0.500000	0.484848	0.629630	0.515152	0.562500	0.545455	0.733333	0.548387	0.483871	0.545455	0.515152	0.612903	0.393939	0.393939	0.468750	0.500000	0.600000	0.620690	0.468750	0.393939	0.468750	0.586207	0.545455	0.531250	0.593750	0.600000	0.531250	0.555556	0.541667	0.677419	0.575758	0.645161	0.562500	0.516129	0.571429	0.741935	0.625000	
0.344828	0.483871	0.451613	0.240000	0.344828	0.375000	0.344828	0.000000	0.428571	0.419355	0.375000	0.307692	0.357143	0.516129	0.448276	0.500000	0.333333	0.392857	0.468750	0.281250	0.321429	0.310345	0.468750	0.406250	0.406250	0.312500	0.322581	0.466667	0.322581	0.225806	0.517241	0.451613	0.593750	0.157895	0.269231	0.470588	0.466667	0.500000	0.300000	0.578947	0.343750	0.233333	0.322581	0.354839	0.258065	0.437500	0.500000	0.451613	0.500000	0.375000	0.375000	0.580645	0.343750	0.354839	0.272727	0.516129	0.571429	0.300000	0.612903	0.433333	0.343750	0.483871	0.294118	0.466667	0.516129	0.406250	0.545455	0.281250	0.406250	0.437500	0.366667	0.375000	0.437500	0.400000	0.454545	0.437500	0.290323	0.533333	0.354839	0.451613	0.437500	0.322581	0.333333	0.636364	0.571429	0.366667	0.000000	0.466667	0.444444	0.434783	0.384615	0.538462	0.419355	0.769231	0.640000	0.482759	0.000000	0.250000	0.517241	0.689655	0.500000	0.593750	0.500000	0.640000	0.548387	0.666667	0.633333	0.531250	0.458333	0.448276	0.576923	0.580645	0.451613	0.600000	0.516129	0.437500	0.500000	0.562500	0.428571	0.633333	0.633333	0.533333	0.406250	0.531250	0.516129	0.612903	0.531250	0.468750	0.419355	0.500000	0.625000	0.833333	0.625000	0.483871	0.531250	0.642857	0.633333	0.433333	0.656250	0.468750	0.633333	0.500000	0.500000	0.483871	0.500000	0.620690	0.571429	0.516129	0.531250	0.483871	0.535714	0.468750	0.612903	0.656250	0.586207	0.580645	0.640000	0.280000	0.709677	0.500000	0.566667	0.580645	0.466667	0.560000	0.633333	0.548387	
0.258065	0.424242	0.454545	0.370370	0.375000	0.142857	0.451613	0.428571	0.000000	0.393939	0.411765	0.363636	0.387097	0.411765	0.242424	0.352941	0.468750	0.354839	0.323529	0.382353	0.333333	0.290323	0.375000	0.470588	0.382353	0.411765	0.333333	0.393939	0.363636	0.424242	0.516129	0.382353	0.470588	0.368421	0.321429	0.666667	0.437500	0.352941	0.343750	0.333333	0.411765	0.375000	0.281250	0.484848	0.333333	0.312500	0.250000	0.470588	0.322581	0.323529	0.470588	0.294118	0.441176	0.363636	0.434783	0.352941	0.166667	0.363636	0.382353	0.264706	0.411765	0.294118	0.437500	0.323529	0.424242	0.235294	0.666667	0.411765	0.529412	0.411765	0.303030	0.264706	0.411765	0.333333	0.272727	0.264706	0.303030	0.272727	0.562500	0.382353	0.323529	0.470588	0.428571	0.666667	0.357143	0.303030	0.000000	0.323529	0.428571	0.260870	0.344828	0.545455	0.545455	0.586207	0.481481	0.580645	0.666667	0.428571	0.709677	0.593750	0.500000	0.764706	0.727273	0.733333	0.562500	0.777778	0.666667	0.470588	0.636364	0.580645	0.551724	0.562500	0.500000	0.687500	0.545455	0.558824	0.676471	0.470588	0.566667	0.515152	0.625000	0.625000	0.470588	0.558824	0.484848	0.575758	0.529412	0.636364	0.606061	0.562500	0.588235	0.571429	0.588235	0.515152	0.588235	0.642857	0.781250	0.562500	0.529412	0.529412	0.580645	0.647059	0.666667	0.515152	0.612903	0.677419	0.500000	0.696970	0.617647	0.666667	0.645161	0.617647	0.515152	0.606061	0.656250	0.696970	0.642857	0.520000	0.656250	0.529412	0.545455	0.606061	0.562500	0.482759	0.562500	0.666667	
0.363636	0.472222	0.513514	0.392857	0.529412	0.428571	0.281250	0.419355	0.393939	0.000000	0.432432	0.538462	0.235294	0.416667	0.529412	0.405405	0.485714	0.545455	0.378378	0.351351	0.424242	0.400000	0.428571	0.486486	0.486486	0.351351	0.361111	0.228571	0.314286	0.388889	0.484848	0.444444	0.324324	0.500000	0.366667	0.444444	0.400000	0.486486	0.400000	0.300000	0.378378	0.428571	0.342857	0.444444	0.444444	0.294118	0.444444	0.361111	0.406250	0.432432	0.351351	0.500000	0.378378	0.250000	0.458333	0.444444	0.230769	0.342857	0.416667	0.514286	0.432432	0.388889	0.588235	0.457143	0.500000	0.432432	0.300000	0.216216	0.567568	0.432432	0.428571	0.378378	0.432432	0.400000	0.541667	0.270270	0.333333	0.371429	0.457143	0.416667	0.486486	0.444444	0.375000	0.200000	0.516129	0.485714	0.333333	0.371429	0.366667	0.375000	0.500000	0.500000	0.638889	0.533333	0.551724	0.764706	0.250000	0.444444	0.617647	0.705882	0.642857	0.486486	0.685714	0.533333	0.542857	0.700000	0.542857	0.567568	0.458333	0.529412	0.516129	0.600000	0.583333	0.514286	0.583333	0.540541	0.594595	0.432432	0.575758	0.685714	0.542857	0.742857	0.648649	0.405405	0.527778	0.638889	0.540541	0.638889	0.611111	0.500000	0.513514	0.724138	0.513514	0.555556	0.567568	0.562500	0.600000	0.485714	0.567568	0.459459	0.647059	0.540541	0.416667	0.444444	0.411765	0.441176	0.545455	0.555556	0.486486	0.361111	0.454545	0.675676	0.527778	0.583333	0.647059	0.500000	0.733333	0.607143	0.685714	0.567568	0.600000	0.611111	0.457143	0.400000	0.628571	0.694444	
0.470588	0.405405	0.459459	0.551724	0.457143	0.500000	0.515152	0.375000	0.411765	0.432432	0.000000	0.307692	0.382353	0.297297	0.342857	0.368421	0.333333	0.294118	0.394737	0.447368	0.470588	0.457143	0.472222	0.315789	0.473684	0.263158	0.432432	0.472222	0.444444	0.351351	0.235294	0.486486	0.342105	0.428571	0.451613	0.473684	0.333333	0.447368	0.388889	0.400000	0.368421	0.444444	0.583333	0.378378	0.405405	0.555556	0.222222	0.378378	0.303030	0.447368	0.263158	0.540541	0.315789	0.405405	0.400000	0.270270	0.642857	0.361111	0.540541	0.361111	0.368421	0.432432	0.333333	0.333333	0.378378	0.263158	0.181818	0.394737	0.500000	0.394737	0.305556	0.447368	0.315789	0.222222	0.416667	0.342105	0.324324	0.388889	0.444444	0.324324	0.342105	0.513514	0.222222	0.363636	0.375000	0.416667	0.333333	0.388889	0.322581	0.480000	0.290323	0.571429	0.594595	0.580645	0.566667	0.571429	0.500000	0.666667	0.571429	0.514286	0.785714	0.578947	0.611111	0.612903	0.666667	0.700000	0.666667	0.447368	0.520000	0.514286	0.593750	0.527778	0.513514	0.500000	0.621622	0.447368	0.447368	0.578947	0.647059	0.555556	0.666667	0.638889	0.552632	0.526316	0.648649	0.567568	0.552632	0.567568	0.567568	0.542857	0.526316	0.566667	0.631579	0.486486	0.578947	0.625000	0.611111	0.583333	0.578947	0.473684	0.685714	0.657895	0.540541	0.675676	0.371429	0.485714	0.676471	0.675676	0.657895	0.513514	0.500000	0.578947	0.540541	0.513514	0.542857	0.513514	0.677419	0.620690	0.583333	0.631579	0.527778	0.432432	0.638889	0.451613	0.472222	0.567568	
0.538462	0.461538	0.307692	0.384615	0.461538	0.285714	0.538462	0.307692	0.363636	0.538462	0.307692	0.000000	0.538462	0.583333	0.181818	0.384615	0.454545	0.333333	0.384615	0.307692	0.384615	0.461538	0.692308	0.384615	0.307692	0.230769	0.416667	0.846154	0.384615	0.583333	0.461538	0.500000	0.538462	0.307692	0.416667	0.666667	0.250000	0.461538	0.384615	0.384615	0.692308	0.250000	0.384615	0.333333	0.538462	0.636364	0.285714	0.538462	0.307692	0.461538	0.307692	0.461538	0.307692	0.416667	0.384615	0.307692	0.500000	0.545455	0.538462	0.333333	0.461538	0.384615	0.181818	0.272727	0.416667	0.461538	0.333333	0.692308	0.615385	0.461538	0.333333	0.384615	0.538462	0.500000	0.307692	0.461538	0.538462	0.333333	0.230769	0.307692	0.307692	0.461538	0.142857	0.555556	0.461538	0.461538	0.333333	0.153846	0.384615	0.230769	0.307692	0.375000	0.230769	0.700000	0.272727	0.363636	0.500000	0.666667	0.545455	0.500000	0.571429	0.461538	0.500000	0.400000	0.333333	0.333333	0.545455	0.384615	0.600000	0.454545	0.666667	0.307692	0.333333	0.500000	0.583333	0.538462	0.692308	0.538462	0.583333	0.416667	0.666667	0.583333	0.461538	0.230769	0.666667	0.750000	0.307692	0.461538	0.583333	0.454545	0.538462	0.545455	0.538462	0.538462	0.615385	0.700000	0.666667	0.636364	0.461538	0.692308	0.416667	0.692308	0.846154	0.583333	0.454545	0.750000	0.500000	0.461538	0.692308	0.538462	0.700000	0.461538	0.416667	0.461538	0.545455	0.500000	0.777778	0.363636	0.538462	0.692308	0.272727	0.666667	0.727273	0.636364	0.636364	0.307692	
0.354839	0.484848	0.411765	0.333333	0.281250	0.714286	0.266667	0.357143	0.387097	0.235294	0.382353	0.538462	0.000000	0.424242	0.419355	0.382353	0.312500	0.387097	0.441176	0.352941	0.366667	0.363636	0.312500	0.382353	0.529412	0.323529	0.333333	0.375000	0.333333	0.424242	0.375000	0.424242	0.294118	0.250000	0.357143	0.388889	0.406250	0.411765	0.363636	0.210526	0.323529	0.343750	0.406250	0.303030	0.242424	0.312500	0.000000	0.441176	0.366667	0.294118	0.411765	0.424242	0.323529	0.303030	0.458333	0.545455	0.416667	0.281250	0.393939	0.484848	0.382353	0.500000	0.312500	0.593750	0.363636	0.441176	0.500000	0.235294	0.411765	0.323529	0.272727	0.352941	0.294118	0.281250	0.521739	0.294118	0.212121	0.424242	0.468750	0.323529	0.500000	0.323529	0.500000	0.300000	0.500000	0.343750	0.333333	0.363636	0.214286	0.391304	0.357143	0.500000	0.666667	0.555556	0.653846	0.580645	0.666667	0.555556	0.612903	0.677419	0.769231	0.588235	0.687500	0.678571	0.593750	0.700000	0.718750	0.617647	0.571429	0.612903	0.607143	0.625000	0.484848	0.625000	0.606061	0.529412	0.617647	0.500000	0.700000	0.625000	0.545455	0.781250	0.647059	0.588235	0.575758	0.666667	0.588235	0.666667	0.545455	0.580645	0.588235	0.703704	0.647059	0.606061	0.617647	0.733333	0.593750	0.593750	0.705882	0.617647	0.709677	0.558824	0.545455	0.666667	0.483871	0.593750	0.700000	0.696970	0.558824	0.545455	0.600000	0.735294	0.727273	0.575758	0.709677	0.636364	0.592593	0.640000	0.718750	0.529412	0.593750	0.636364	0.625000	0.607143	0.687500	0.696970	
0.515152	0.361111	0.527778	0.642857	0.529412	0.625000	0.562500	0.516129	0.411765	0.416667	0.297297	0.583333	0.424242	0.000000	0.314286	0.324324	0.485714	0.515152	0.270270	0.486486	0.515152	0.411765	0.514286	0.297297	0.513514	0.486486	0.472222	0.228571	0.400000	0.444444	0.333333	0.361111	0.459459	0.400000	0.333333	0.421053	0.371429	0.324324	0.314286	0.368421	0.432432	0.428571	0.514286	0.361111	0.527778	0.294118	0.333333	0.388889	0.500000	0.351351	0.378378	0.416667	0.378378	0.444444	0.458333	0.388889	0.307692	0.457143	0.500000	0.333333	0.432432	0.444444	0.411765	0.361111	0.305556	0.351351	0.400000	0.459459	0.405405	0.378378	0.371429	0.351351	0.432432	0.285714	0.391304	0.297297	0.305556	0.457143	0.457143	0.472222	0.324324	0.500000	0.625000	0.200000	0.451613	0.428571	0.333333	0.485714	0.333333	0.625000	0.466667	0.692308	0.777778	0.566667	0.517241	0.529412	0.333333	0.500000	0.441176	0.500000	0.846154	0.675676	0.666667	0.516129	0.628571	0.700000	0.666667	0.594595	0.541667	0.470588	0.580645	0.514286	0.555556	0.457143	0.583333	0.540541	0.513514	0.540541	0.515152	0.428571	0.514286	0.571429	0.459459	0.675676	0.666667	0.444444	0.648649	0.611111	0.527778	0.600000	0.594595	0.551724	0.594595	0.472222	0.459459	0.466667	0.571429	0.714286	0.513514	0.486486	0.676471	0.594595	0.555556	0.416667	0.500000	0.500000	0.545455	0.694444	0.621622	0.583333	0.515152	0.621622	0.472222	0.583333	0.588235	0.611111	0.533333	0.642857	0.514286	0.567568	0.685714	0.500000	0.600000	0.433333	0.342857	0.472222	
0.406250	0.352941	0.352941	0.461538	0.343750	0.285714	0.433333	0.448276	0.242424	0.529412	0.342857	0.181818	0.419355	0.314286	0.000000	0.400000	0.333333	0.437500	0.371429	0.542857	0.451613	0.303030	0.484848	0.428571	0.400000	0.371429	0.323529	0.470588	0.333333	0.500000	0.387097	0.428571	0.400000	0.263158	0.285714	0.611111	0.205882	0.285714	0.333333	0.352941	0.371429	0.323529	0.484848	0.411765	0.352941	0.375000	0.250000	0.382353	0.366667	0.285714	0.342857	0.323529	0.314286	0.500000	0.409091	0.470588	0.181818	0.352941	0.470588	0.176471	0.371429	0.323529	0.266667	0.314286	0.294118	0.400000	0.625000	0.428571	0.428571	0.400000	0.363636	0.285714	0.428571	0.235294	0.285714	0.285714	0.323529	0.363636	0.424242	0.294118	0.342857	0.441176	0.571429	0.555556	0.500000	0.303030	0.000000	0.272727	0.464286	0.363636	0.464286	0.666667	0.529412	0.600000	0.629630	0.468750	0.666667	0.571429	0.545455	0.393939	0.916667	0.685714	0.588235	0.566667	0.636364	0.555556	0.647059	0.571429	0.590909	0.500000	0.580645	0.484848	0.485714	0.666667	0.617647	0.685714	0.657143	0.628571	0.562500	0.441176	0.606061	0.484848	0.428571	0.600000	0.617647	0.588235	0.571429	0.647059	0.558824	0.666667	0.714286	0.571429	0.628571	0.470588	0.600000	0.357143	0.696970	0.696970	0.571429	0.628571	0.625000	0.628571	0.705882	0.500000	0.625000	0.666667	0.562500	0.647059	0.542857	0.685714	0.687500	0.571429	0.529412	0.558824	0.727273	0.617647	0.642857	0.555556	0.606061	0.542857	0.647059	0.529412	0.575758	0.620690	0.545455	0.529412	
0.411765	0.486486	0.378378	0.620690	0.428571	0.500000	0.484848	0.500000	0.352941	0.405405	0.368421	0.384615	0.382353	0.324324	0.400000	0.000000	0.388889	0.352941	0.394737	0.394737	0.470588	0.400000	0.416667	0.210526	0.368421	0.368421	0.405405	0.388889	0.305556	0.432432	0.441176	0.432432	0.342105	0.523810	0.483871	0.368421	0.333333	0.447368	0.333333	0.200000	0.473684	0.388889	0.416667	0.297297	0.459459	0.555556	0.222222	0.459459	0.333333	0.342105	0.315789	0.324324	0.368421	0.270270	0.600000	0.378378	0.357143	0.388889	0.378378	0.361111	0.421053	0.405405	0.277778	0.472222	0.297297	0.421053	0.363636	0.394737	0.500000	0.342105	0.361111	0.342105	0.315789	0.277778	0.416667	0.394737	0.351351	0.305556	0.388889	0.351351	0.394737	0.486486	0.555556	0.272727	0.250000	0.472222	0.333333	0.416667	0.387097	0.280000	0.387097	0.571429	0.621622	0.677419	0.533333	0.685714	0.750000	1.000000	0.657143	0.542857	0.642857	0.631579	0.638889	0.483871	0.694444	0.300000	0.666667	0.552632	0.760000	0.600000	0.437500	0.638889	0.621622	0.638889	0.594595	0.657895	0.605263	0.631579	0.558824	0.444444	0.500000	0.611111	0.605263	0.578947	0.648649	0.567568	0.710526	0.594595	0.621622	0.600000	0.631579	0.433333	0.631579	0.621622	0.631579	0.687500	0.611111	0.527778	0.526316	0.578947	0.714286	0.710526	0.648649	0.567568	0.514286	0.571429	0.735294	0.756757	0.763158	0.648649	0.705882	0.736842	0.756757	0.459459	0.628571	0.675676	0.548387	0.689655	0.583333	0.631579	0.527778	0.540541	0.527778	0.516129	0.527778	0.432432	
0.375000	0.400000	0.428571	0.444444	0.212121	0.500000	0.354839	0.333333	0.468750	0.485714	0.333333	0.454545	0.312500	0.485714	0.333333	0.388889	0.000000	0.343750	0.388889	0.444444	0.406250	0.303030	0.382353	0.361111	0.416667	0.388889	0.371429	0.529412	0.470588	0.342857	0.343750	0.542857	0.361111	0.263158	0.344828	0.294118	0.352941	0.277778	0.294118	0.500000	0.416667	0.352941	0.470588	0.342857	0.228571	0.312500	0.375000	0.400000	0.387097	0.361111	0.305556	0.400000	0.472222	0.400000	0.521739	0.457143	0.769231	0.352941	0.400000	0.382353	0.416667	0.457143	0.411765	0.588235	0.342857	0.388889	0.200000	0.333333	0.472222	0.194444	0.323529	0.361111	0.250000	0.352941	0.500000	0.472222	0.371429	0.485714	0.470588	0.314286	0.500000	0.400000	0.375000	0.400000	0.300000	0.470588	0.000000	0.411765	0.517241	0.478261	0.379310	0.461538	0.428571	0.655172	0.750000	0.454545	0.500000	0.750000	0.666667	0.515152	0.769231	0.555556	0.441176	0.448276	0.676471	0.444444	0.676471	0.583333	0.565217	0.484848	0.566667	0.500000	0.457143	0.558824	0.571429	0.638889	0.583333	0.638889	0.562500	0.558824	0.617647	0.500000	0.638889	0.694444	0.514286	0.514286	0.638889	0.571429	0.542857	0.545455	0.666667	0.571429	0.666667	0.657143	0.555556	0.642857	0.558824	0.558824	0.583333	0.611111	0.666667	0.611111	0.571429	0.657143	0.696970	0.575758	0.843750	0.571429	0.500000	0.628571	0.656250	0.611111	0.628571	0.657143	0.529412	0.485714	0.500000	0.592593	0.647059	0.583333	0.470588	0.571429	0.588235	0.586207	0.529412	0.571429	
0.531250	0.363636	0.393939	0.346154	0.437500	0.000000	0.400000	0.392857	0.354839	0.545455	0.294118	0.333333	0.387097	0.515152	0.437500	0.352941	0.343750	0.000000	0.470588	0.411765	0.419355	0.437500	0.375000	0.441176	0.411765	0.323529	0.363636	0.545455	0.606061	0.393939	0.387097	0.393939	0.382353	0.578947	0.518519	0.555556	0.454545	0.352941	0.375000	0.500000	0.352941	0.515152	0.406250	0.363636	0.454545	0.352941	0.333333	0.500000	0.333333	0.441176	0.411765	0.393939	0.382353	0.363636	0.521739	0.424242	0.666667	0.468750	0.454545	0.424242	0.411765	0.470588	0.312500	0.437500	0.424242	0.323529	0.333333	0.352941	0.323529	0.352941	0.393939	0.382353	0.323529	0.312500	0.318182	0.470588	0.424242	0.303030	0.468750	0.411765	0.382353	0.500000	0.250000	0.700000	0.310345	0.312500	0.000000	0.545455	0.464286	0.363636	0.310345	0.363636	0.484848	0.535714	0.423077	0.387097	0.750000	0.625000	0.625000	0.548387	0.461538	0.558824	0.593750	0.724138	0.593750	0.700000	0.718750	0.500000	0.428571	0.709677	0.620690	0.437500	0.484848	0.562500	0.515152	0.411765	0.588235	0.588235	0.548387	0.531250	0.593750	0.656250	0.588235	0.500000	0.515152	0.545455	0.647059	0.454545	0.515152	0.451613	0.558824	0.620690	0.617647	0.636364	0.676471	0.666667	0.575758	0.562500	0.529412	0.588235	0.516129	0.647059	0.666667	0.666667	0.709677	0.718750	0.645161	0.727273	0.647059	0.705882	0.600000	0.588235	0.606061	0.575758	0.548387	0.575758	0.592593	0.703704	0.562500	0.529412	0.562500	0.606061	0.687500	0.517241	0.500000	0.484848	
0.352941	0.351351	0.621622	0.517241	0.485714	0.375000	0.636364	0.468750	0.323529	0.378378	0.394737	0.384615	0.441176	0.270270	0.371429	0.394737	0.388889	0.470588	0.000000	0.315789	0.382353	0.457143	0.500000	0.394737	0.500000	0.394737	0.594595	0.388889	0.444444	0.513514	0.441176	0.405405	0.473684	0.380952	0.387097	0.578947	0.388889	0.210526	0.277778	0.400000	0.500000	0.305556	0.361111	0.378378	0.432432	0.333333	0.444444	0.459459	0.393939	0.368421	0.394737	0.459459	0.394737	0.351351	0.600000	0.351351	0.357143	0.527778	0.459459	0.500000	0.500000	0.351351	0.277778	0.305556	0.324324	0.289474	0.272727	0.526316	0.526316	0.368421	0.361111	0.315789	0.552632	0.472222	0.375000	0.421053	0.324324	0.416667	0.527778	0.459459	0.315789	0.594595	0.222222	0.363636	0.343750	0.388889	0.333333	0.361111	0.451613	0.440000	0.580645	0.285714	0.540541	0.516129	0.500000	0.400000	0.000000	0.444444	0.542857	0.571429	0.500000	0.605263	0.500000	0.548387	0.527778	0.600000	0.611111	0.578947	0.600000	0.428571	0.500000	0.416667	0.486486	0.388889	0.567568	0.526316	0.578947	0.447368	0.441176	0.555556	0.416667	0.694444	0.526316	0.500000	0.567568	0.486486	0.526316	0.540541	0.540541	0.457143	0.552632	0.533333	0.552632	0.513514	0.500000	0.500000	0.583333	0.555556	0.552632	0.500000	0.571429	0.684211	0.594595	0.540541	0.628571	0.628571	0.529412	0.621622	0.578947	0.594595	0.558824	0.710526	0.405405	0.702703	0.542857	0.486486	0.548387	0.586207	0.583333	0.500000	0.555556	0.621622	0.555556	0.322581	0.333333	0.513514	
0.352941	0.459459	0.378378	0.275862	0.428571	0.375000	0.454545	0.281250	0.382353	0.351351	0.447368	0.307692	0.352941	0.486486	0.542857	0.394737	0.444444	0.411765	0.315789	0.000000	0.264706	0.342857	0.472222	0.342105	0.394737	0.394737	0.378378	0.416667	0.388889	0.459459	0.470588	0.324324	0.526316	0.333333	0.322581	0.421053	0.472222	0.421053	0.333333	0.450000	0.500000	0.333333	0.138889	0.324324	0.405405	0.388889	0.444444	0.486486	0.424242	0.315789	0.394737	0.459459	0.394737	0.297297	0.280000	0.405405	0.571429	0.500000	0.459459	0.583333	0.394737	0.270270	0.277778	0.388889	0.432432	0.394737	0.454545	0.421053	0.421053	0.421053	0.333333	0.421053	0.447368	0.527778	0.458333	0.473684	0.432432	0.388889	0.361111	0.378378	0.421053	0.405405	0.333333	0.454545	0.375000	0.361111	0.000000	0.333333	0.290323	0.480000	0.419355	0.357143	0.486486	0.709677	0.533333	0.542857	0.250000	0.222222	0.571429	0.657143	0.357143	0.552632	0.638889	0.548387	0.527778	0.500000	0.722222	0.473684	0.520000	0.600000	0.500000	0.472222	0.459459	0.555556	0.621622	0.473684	0.684211	0.394737	0.500000	0.583333	0.527778	0.638889	0.526316	0.394737	0.513514	0.648649	0.578947	0.459459	0.540541	0.514286	0.657895	0.733333	0.605263	0.567568	0.500000	0.687500	0.638889	0.500000	0.552632	0.605263	0.628571	0.526316	0.621622	0.594595	0.542857	0.600000	0.470588	0.513514	0.631579	0.513514	0.588235	0.605263	0.621622	0.540541	0.571429	0.594595	0.516129	0.482759	0.722222	0.657895	0.527778	0.621622	0.611111	0.387097	0.611111	0.621622	
0.354839	0.606061	0.424242	0.178571	0.343750	0.375000	0.413793	0.321429	0.333333	0.424242	0.470588	0.384615	0.366667	0.515152	0.451613	0.470588	0.406250	0.419355	0.382353	0.264706	0.000000	0.387097	0.500000	0.352941	0.500000	0.500000	0.363636	0.562500	0.406250	0.454545	0.516129	0.393939	0.411765	0.200000	0.482759	0.578947	0.656250	0.411765	0.343750	0.650000	0.470588	0.281250	0.272727	0.424242	0.333333	0.333333	0.444444	0.333333	0.366667	0.382353	0.470588	0.393939	0.352941	0.545455	0.416667	0.515152	0.357143	0.406250	0.363636	0.562500	0.617647	0.363636	0.388889	0.406250	0.545455	0.470588	0.363636	0.352941	0.382353	0.617647	0.437500	0.352941	0.323529	0.468750	0.363636	0.470588	0.333333	0.406250	0.312500	0.424242	0.352941	0.393939	0.222222	0.454545	0.413793	0.437500	0.333333	0.500000	0.413793	0.434783	0.310345	0.416667	0.515152	0.740741	0.518519	0.612903	0.500000	0.555556	0.419355	0.774194	0.461538	0.558824	0.625000	0.666667	0.531250	0.888889	0.687500	0.441176	0.619048	0.612903	0.607143	0.562500	0.515152	0.656250	0.454545	0.529412	0.705882	0.352941	0.533333	0.500000	0.500000	0.593750	0.500000	0.500000	0.545455	0.575758	0.588235	0.454545	0.727273	0.516129	0.558824	0.750000	0.647059	0.454545	0.470588	0.687500	0.636364	0.531250	0.617647	0.764706	0.806452	0.441176	0.606061	0.545455	0.645161	0.516129	0.533333	0.515152	0.676471	0.575758	0.600000	0.558824	0.515152	0.696970	0.612903	0.636364	0.555556	0.481481	0.625000	0.529412	0.562500	0.757576	0.562500	0.518519	0.625000	0.666667	
0.281250	0.441176	0.342857	0.333333	0.437500	0.285714	0.266667	0.310345	0.290323	0.400000	0.457143	0.461538	0.363636	0.411765	0.303030	0.400000	0.303030	0.437500	0.457143	0.342857	0.387097	0.000000	0.363636	0.371429	0.314286	0.371429	0.352941	0.382353	0.333333	0.441176	0.468750	0.411765	0.457143	0.300000	0.172414	0.277778	0.411765	0.314286	0.411765	0.421053	0.428571	0.352941	0.333333	0.411765	0.352941	0.411765	0.444444	0.382353	0.533333	0.342857	0.428571	0.382353	0.457143	0.441176	0.478261	0.529412	0.454545	0.333333	0.411765	0.212121	0.342857	0.382353	0.375000	0.515152	0.529412	0.371429	0.555556	0.228571	0.457143	0.314286	0.272727	0.342857	0.314286	0.454545	0.608696	0.342857	0.411765	0.303030	0.363636	0.411765	0.371429	0.382353	0.500000	0.500000	0.500000	0.303030	0.000000	0.454545	0.357143	0.391304	0.321429	0.571429	0.558824	0.793103	0.703704	0.625000	0.250000	0.333333	0.575758	0.625000	0.642857	0.600000	0.575758	0.586207	0.757576	0.600000	0.727273	0.714286	0.545455	0.656250	0.566667	0.484848	0.558824	0.696970	0.588235	0.685714	0.628571	0.571429	0.593750	0.515152	0.588235	0.424242	0.514286	0.685714	0.441176	0.558824	0.628571	0.588235	0.676471	0.781250	0.800000	0.714286	0.571429	0.676471	0.600000	0.687500	0.727273	0.515152	0.542857	0.485714	0.687500	0.400000	0.558824	0.470588	0.562500	0.558824	0.593750	0.529412	0.428571	0.628571	0.612903	0.600000	0.647059	0.676471	0.625000	0.500000	0.642857	0.481481	0.666667	0.485714	0.666667	0.617647	0.606061	0.517241	0.666667	0.647059	
0.312500	0.285714	0.314286	0.370370	0.242424	0.375000	0.322581	0.468750	0.375000	0.428571	0.472222	0.692308	0.312500	0.514286	0.484848	0.416667	0.382353	0.375000	0.500000	0.472222	0.500000	0.363636	0.000000	0.416667	0.361111	0.333333	0.371429	0.352941	0.352941	0.400000	0.375000	0.457143	0.250000	0.500000	0.413793	0.333333	0.411765	0.361111	0.500000	0.300000	0.277778	0.470588	0.441176	0.400000	0.371429	0.277778	0.222222	0.485714	0.516129	0.500000	0.416667	0.428571	0.472222	0.400000	0.541667	0.485714	0.285714	0.294118	0.314286	0.382353	0.416667	0.371429	0.444444	0.441176	0.400000	0.416667	0.545455	0.305556	0.500000	0.361111	0.441176	0.472222	0.444444	0.382353	0.478261	0.333333	0.457143	0.323529	0.529412	0.342857	0.361111	0.200000	0.444444	0.272727	0.483871	0.323529	0.000000	0.352941	0.433333	0.400000	0.400000	0.500000	0.571429	0.400000	0.678571	0.545455	0.750000	0.555556	0.636364	0.545455	0.500000	0.555556	0.647059	0.655172	0.542857	0.500000	0.500000	0.722222	0.400000	0.727273	0.600000	0.600000	0.628571	0.676471	0.600000	0.472222	0.416667	0.694444	0.437500	0.588235	0.588235	0.588235	0.638889	0.611111	0.428571	0.600000	0.611111	0.666667	0.600000	0.617647	0.583333	0.607143	0.527778	0.685714	0.638889	0.625000	0.588235	0.500000	0.666667	0.361111	0.529412	0.527778	0.514286	0.542857	0.588235	0.636364	0.625000	0.571429	0.555556	0.657143	0.687500	0.638889	0.657143	0.657143	0.666667	0.571429	0.448276	0.689655	0.457143	0.555556	0.500000	0.600000	0.588235	0.517241	0.617647	0.714286	
0.323529	0.378378	0.351351	0.517241	0.400000	0.625000	0.575758	0.406250	0.470588	0.486486	0.315789	0.384615	0.382353	0.297297	0.428571	0.210526	0.361111	0.441176	0.394737	0.342105	0.352941	0.371429	0.416667	0.000000	0.263158	0.473684	0.459459	0.388889	0.277778	0.432432	0.382353	0.324324	0.342105	0.333333	0.419355	0.210526	0.444444	0.394737	0.333333	0.350000	0.421053	0.250000	0.416667	0.297297	0.432432	0.444444	0.333333	0.432432	0.363636	0.289474	0.368421	0.324324	0.263158	0.486486	0.440000	0.378378	0.571429	0.388889	0.486486	0.416667	0.473684	0.432432	0.333333	0.500000	0.351351	0.421053	0.181818	0.447368	0.394737	0.342105	0.277778	0.394737	0.315789	0.333333	0.333333	0.394737	0.405405	0.388889	0.277778	0.378378	0.289474	0.351351	0.333333	0.272727	0.312500	0.527778	0.333333	0.388889	0.322581	0.440000	0.290323	0.571429	0.675676	0.806452	0.500000	0.685714	0.500000	0.666667	0.600000	0.657143	0.785714	0.631579	0.611111	0.419355	0.638889	0.400000	0.694444	0.552632	0.640000	0.657143	0.562500	0.694444	0.567568	0.527778	0.648649	0.605263	0.605263	0.631579	0.676471	0.444444	0.555556	0.555556	0.657895	0.631579	0.648649	0.567568	0.657895	0.540541	0.621622	0.685714	0.736842	0.600000	0.789474	0.621622	0.526316	0.687500	0.611111	0.638889	0.631579	0.631579	0.771429	0.657895	0.702703	0.621622	0.514286	0.571429	0.676471	0.702703	0.815789	0.702703	0.588235	0.684211	0.756757	0.567568	0.685714	0.675676	0.612903	0.482759	0.638889	0.631579	0.527778	0.648649	0.583333	0.612903	0.472222	0.486486	
0.264706	0.270270	0.297297	0.448276	0.428571	0.250000	0.515152	0.406250	0.382353	0.486486	0.473684	0.307692	0.529412	0.513514	0.400000	0.368421	0.416667	0.411765	0.500000	0.394737	0.500000	0.314286	0.361111	0.263158	0.000000	0.526316	0.378378	0.416667	0.333333	0.405405	0.411765	0.297297	0.447368	0.476190	0.354839	0.315789	0.361111	0.447368	0.500000	0.400000	0.421053	0.333333	0.305556	0.378378	0.540541	0.444444	0.555556	0.405405	0.393939	0.500000	0.473684	0.297297	0.421053	0.405405	0.320000	0.405405	0.571429	0.500000	0.513514	0.277778	0.473684	0.405405	0.500000	0.416667	0.378378	0.368421	0.272727	0.447368	0.447368	0.394737	0.444444	0.394737	0.421053	0.527778	0.333333	0.342105	0.675676	0.361111	0.416667	0.405405	0.289474	0.324324	0.333333	0.545455	0.406250	0.500000	0.000000	0.388889	0.483871	0.320000	0.419355	0.571429	0.405405	0.677419	0.466667	0.628571	0.250000	0.444444	0.714286	0.542857	0.500000	0.578947	0.555556	0.483871	0.583333	0.300000	0.611111	0.500000	0.440000	0.628571	0.531250	0.638889	0.486486	0.527778	0.567568	0.552632	0.657895	0.684211	0.617647	0.527778	0.611111	0.444444	0.605263	0.578947	0.486486	0.513514	0.605263	0.540541	0.621622	0.628571	0.684211	0.600000	0.578947	0.621622	0.578947	0.562500	0.611111	0.472222	0.631579	0.473684	0.485714	0.657895	0.675676	0.459459	0.514286	0.628571	0.500000	0.540541	0.710526	0.756757	0.617647	0.631579	0.702703	0.567568	0.714286	0.567568	0.612903	0.413793	0.527778	0.578947	0.555556	0.594595	0.583333	0.612903	0.527778	0.486486	
0.441176	0.459459	0.432432	0.448276	0.428571	0.250000	0.363636	0.312500	0.411765	0.351351	0.263158	0.230769	0.323529	0.486486	0.371429	0.368421	0.388889	0.323529	0.394737	0.394737	0.500000	0.371429	0.333333	0.473684	0.526316	0.000000	0.432432	0.527778	0.388889	0.405405	0.441176	0.594595	0.342105	0.523810	0.354839	0.526316	0.277778	0.447368	0.416667	0.300000	0.421053	0.388889	0.472222	0.378378	0.378378	0.611111	0.222222	0.459459	0.424242	0.447368	0.263158	0.540541	0.315789	0.297297	0.600000	0.432432	0.428571	0.305556	0.540541	0.416667	0.315789	0.351351	0.222222	0.361111	0.432432	0.421053	0.454545	0.342105	0.500000	0.342105	0.388889	0.394737	0.421053	0.333333	0.458333	0.394737	0.324324	0.305556	0.361111	0.405405	0.500000	0.486486	0.333333	0.454545	0.593750	0.361111	0.333333	0.305556	0.387097	0.280000	0.387097	0.500000	0.540541	0.580645	0.633333	0.514286	0.750000	0.666667	0.628571	0.514286	0.642857	0.526316	0.527778	0.677419	0.611111	0.700000	0.527778	0.657895	0.480000	0.542857	0.562500	0.472222	0.567568	0.555556	0.621622	0.500000	0.394737	0.578947	0.500000	0.638889	0.611111	0.638889	0.552632	0.421053	0.594595	0.675676	0.500000	0.594595	0.513514	0.628571	0.578947	0.633333	0.578947	0.648649	0.684211	0.625000	0.638889	0.527778	0.631579	0.421053	0.542857	0.552632	0.459459	0.675676	0.514286	0.542857	0.617647	0.621622	0.447368	0.459459	0.617647	0.631579	0.540541	0.567568	0.542857	0.459459	0.677419	0.689655	0.500000	0.631579	0.583333	0.540541	0.583333	0.483871	0.638889	0.621622	
