0.000000	0.206897	0.164828	0.155113	0.175716	0.173506	0.172932	0.159024	0.187057	0.164251	0.172109	0.146018	0.159061	0.166096	0.151627	0.162433	0.176203	0.150850	0.165468	0.166884	0.164169	0.160365	0.170773	0.164819	0.192935	0.185910	0.156066	0.180092	0.168357	0.158211	0.149401	0.170812	0.163132	0.173857	0.183077	0.180049	0.161100	0.163866	0.177452	0.170397	0.162299	0.192525	0.164598	0.182781	0.162338	0.175702	0.168805	0.159018	0.151862	0.165692	0.155918	0.170606	0.166168	0.166323	0.168539	0.161616	0.163241	0.176517	0.174147	0.177098	0.170763	0.175197	0.184783	0.178782	0.172275	0.163223	0.360656	0.167002	0.169199	0.177215	0.182124	0.162686	0.183813	0.154646	0.177076	0.178771	0.163571	0.143141	0.163107	0.165375	0.171407	0.161972	0.159041	0.169242	0.177695	0.181818	0.173653	0.180445	0.176278	0.167213	0.172981	0.160750	0.180735	0.164007	0.400000	0.449568	0.450831	0.443243	0.461905	0.380952	0.474084	0.443069	0.413613	0.476190	0.470175	0.507837	0.471378	0.464260	0.461017	0.467977	0.432692	0.464309	0.480399	0.466599	0.453390	0.469837	0.468729	0.458530	0.465320	0.478548	0.469136	0.470393	0.409326	0.478632	0.459159	0.488178	0.470822	0.479339	0.472315	0.472543	0.476221	0.463303	0.424242	0.474385	0.490476	0.475986	0.491416	0.475871	0.495659	0.463061	0.459830	0.471333	0.517674	0.483382	0.467596	0.467041	0.475585	0.483492	0.482882	0.476808	0.461227	0.465901	0.467420	0.473846	0.472689	0.462937	0.477333	0.485337	0.472841	0.472296	0.473722	0.472498	0.472430	0.474589	0.455128	0.484273	0.487350	0.487127	0.469588	0.456640	0.459413	0.472441	0.485619	
0.206897	0.000000	0.146552	0.201835	0.182857	0.190244	0.222222	0.164384	0.206061	0.164384	0.171946	0.181818	0.189189	0.147826	0.135514	0.136564	0.133929	0.143519	0.157895	0.140969	0.170306	0.129464	0.164179	0.215311	0.127660	0.202586	0.130045	0.164502	0.161435	0.137778	0.154930	0.140969	0.164948	0.173160	0.219512	0.136054	0.203488	0.197368	0.169725	0.205742	0.178947	0.233766	0.164502	0.178571	0.159091	0.178261	0.175676	0.140940	0.190083	0.142241	0.162304	0.126904	0.165094	0.180995	0.178899	0.167401	0.193750	0.153061	0.180180	0.175926	0.153509	0.144105	0.161435	0.140271	0.237410	0.144796	0.285714	0.218750	0.182648	0.200000	0.173333	0.165217	0.172727	0.148472	0.148837	0.164103	0.200000	0.158824	0.191304	0.166667	0.242991	0.179487	0.163551	0.159624	0.186869	0.294118	0.160377	0.138095	0.182609	0.197531	0.226415	0.174699	0.223529	0.191860	0.200000	0.423077	0.481818	0.455446	0.446237	0.230769	0.509524	0.454545	0.387931	0.450980	0.433498	0.460870	0.479638	0.471963	0.443850	0.456311	0.391892	0.484716	0.468468	0.506667	0.422535	0.428571	0.443946	0.450000	0.427928	0.457399	0.482609	0.435556	0.357143	0.463636	0.459330	0.441315	0.449541	0.471963	0.441964	0.439614	0.515284	0.477876	0.437500	0.464912	0.461187	0.452381	0.484694	0.463636	0.519126	0.477679	0.438053	0.490741	0.584615	0.424084	0.504808	0.507246	0.463303	0.469388	0.426471	0.495238	0.429224	0.432558	0.479070	0.475936	0.430622	0.480769	0.472727	0.492462	0.454976	0.497738	0.466981	0.452489	0.467593	0.453659	0.455090	0.448889	0.433180	0.490991	0.440909	0.476636	0.438889	0.479452	0.490741	
0.164828	0.146552	0.000000	0.161683	0.172191	0.162418	0.181818	0.164979	0.166422	0.149611	0.170692	0.143911	0.149137	0.177650	0.153846	0.158485	0.167531	0.152762	0.150993	0.151706	0.166840	0.163627	0.164698	0.152913	0.170661	0.169199	0.151083	0.173047	0.151892	0.152578	0.150762	0.162134	0.160989	0.155039	0.170265	0.164813	0.151033	0.162946	0.165245	0.161516	0.158108	0.174748	0.169110	0.157979	0.157771	0.159269	0.166214	0.149565	0.148730	0.165889	0.156062	0.165472	0.156269	0.168601	0.164899	0.154756	0.154845	0.156073	0.164201	0.166001	0.159585	0.159748	0.159263	0.160377	0.147816	0.157953	0.261538	0.158180	0.155211	0.175000	0.173679	0.155556	0.156787	0.160000	0.166667	0.167964	0.170857	0.135579	0.174455	0.150543	0.163964	0.165601	0.162954	0.163192	0.161951	0.171806	0.151920	0.152956	0.160817	0.161804	0.157193	0.169558	0.156636	0.148718	0.407895	0.446136	0.459178	0.446331	0.454603	0.351852	0.485604	0.433269	0.396384	0.472009	0.468418	0.489975	0.465845	0.474691	0.460474	0.463542	0.427737	0.458854	0.468717	0.461102	0.455157	0.466254	0.466177	0.463141	0.460590	0.478100	0.465213	0.479045	0.418410	0.471421	0.461055	0.479467	0.465645	0.481644	0.470745	0.467170	0.469155	0.464155	0.470085	0.466455	0.485358	0.461451	0.489807	0.467165	0.482522	0.458595	0.455775	0.462360	0.512397	0.465942	0.470752	0.468179	0.475401	0.471171	0.472503	0.473456	0.446409	0.464804	0.469777	0.473782	0.473214	0.462008	0.469312	0.469706	0.460089	0.467615	0.468750	0.474129	0.473713	0.458482	0.438507	0.477534	0.472679	0.477862	0.465274	0.458378	0.455923	0.480126	0.479679	
0.155113	0.201835	0.161683	0.000000	0.186599	0.175361	0.158940	0.167298	0.178103	0.170213	0.169679	0.183521	0.176405	0.184848	0.177399	0.171786	0.187363	0.161271	0.170461	0.180804	0.176341	0.178135	0.180749	0.163239	0.195535	0.178135	0.168533	0.189415	0.181454	0.170249	0.179641	0.182934	0.171731	0.171240	0.190631	0.177419	0.172152	0.179697	0.168256	0.180805	0.190100	0.174163	0.187187	0.176471	0.155473	0.171016	0.176232	0.180734	0.141762	0.174201	0.166548	0.172762	0.158638	0.175882	0.179155	0.168661	0.159871	0.178073	0.163833	0.182314	0.168781	0.165363	0.191867	0.177060	0.173862	0.162573	0.323077	0.170115	0.164997	0.171963	0.176000	0.182418	0.174041	0.158564	0.178738	0.173077	0.177683	0.161765	0.170061	0.179023	0.168667	0.173234	0.158978	0.185372	0.179095	0.190367	0.177305	0.176071	0.174736	0.170391	0.168201	0.182047	0.184575	0.165496	0.430769	0.454088	0.454227	0.448701	0.466486	0.444444	0.491145	0.455102	0.407028	0.467426	0.475850	0.513333	0.467424	0.478443	0.469803	0.471931	0.450637	0.478647	0.479909	0.463918	0.462642	0.481370	0.470950	0.470353	0.462022	0.476137	0.478741	0.478849	0.427966	0.484123	0.460053	0.481065	0.475169	0.479813	0.480431	0.471207	0.472406	0.476906	0.476852	0.474930	0.495954	0.462010	0.484027	0.474644	0.484085	0.471508	0.468144	0.467577	0.524510	0.479804	0.472371	0.472057	0.478088	0.488545	0.485030	0.477207	0.466324	0.472748	0.472614	0.482166	0.474435	0.467771	0.475788	0.473878	0.460355	0.476164	0.475728	0.477234	0.468552	0.476341	0.453624	0.488605	0.478507	0.482759	0.476957	0.455536	0.461877	0.483296	0.495722	
0.175716	0.182857	0.172191	0.186599	0.000000	0.177180	0.150000	0.172227	0.186667	0.165665	0.188823	0.202128	0.173453	0.201258	0.168831	0.170370	0.177041	0.168865	0.182334	0.191212	0.186290	0.193209	0.173511	0.183099	0.198514	0.184553	0.183442	0.192182	0.174129	0.177778	0.174296	0.185971	0.187564	0.191165	0.179680	0.202050	0.173611	0.185008	0.180624	0.206012	0.189744	0.171854	0.179383	0.181893	0.176944	0.188103	0.181282	0.180026	0.164835	0.189363	0.180797	0.183562	0.199449	0.189258	0.193443	0.165695	0.193182	0.201528	0.181237	0.188646	0.183360	0.189853	0.208930	0.187500	0.178571	0.189030	0.313725	0.181667	0.185312	0.177378	0.176373	0.199681	0.184122	0.185784	0.193220	0.190287	0.197880	0.160248	0.185990	0.189103	0.201287	0.182721	0.165761	0.169675	0.166667	0.208861	0.193925	0.180020	0.195440	0.232472	0.178412	0.202079	0.188335	0.175419	0.431373	0.454219	0.465695	0.460886	0.466535	0.263158	0.486301	0.432665	0.392781	0.467666	0.469869	0.489945	0.463158	0.462356	0.468130	0.466606	0.442353	0.469487	0.477723	0.460199	0.457168	0.466726	0.457516	0.471429	0.453634	0.471170	0.465267	0.487907	0.376471	0.468344	0.450145	0.482343	0.468103	0.480342	0.473295	0.477626	0.489104	0.463851	0.454545	0.465787	0.479966	0.464968	0.482880	0.472666	0.478177	0.467267	0.473684	0.468491	0.510885	0.478886	0.478070	0.481970	0.455224	0.476147	0.481842	0.475827	0.455000	0.469064	0.463254	0.470703	0.462069	0.459930	0.476112	0.460562	0.464471	0.471605	0.465899	0.482305	0.467178	0.468261	0.443182	0.485667	0.461921	0.476549	0.474369	0.468619	0.455789	0.474715	0.483817	
0.173506	0.190244	0.162418	0.175361	0.177180	0.000000	0.197324	0.161636	0.178922	0.156131	0.163670	0.139241	0.168364	0.180818	0.167673	0.166361	0.173681	0.152858	0.164580	0.159905	0.166667	0.181926	0.169014	0.157064	0.191419	0.171633	0.156287	0.163363	0.181650	0.168594	0.160542	0.167266	0.153612	0.161843	0.178546	0.165708	0.153501	0.181013	0.162211	0.175613	0.170881	0.172827	0.165769	0.166063	0.166115	0.171921	0.168525	0.167473	0.167112	0.165089	0.159486	0.160510	0.169890	0.169918	0.175439	0.158896	0.163472	0.173008	0.174056	0.165251	0.156434	0.173653	0.181146	0.165171	0.152625	0.183125	0.300000	0.161710	0.163914	0.149194	0.186576	0.168433	0.179697	0.166271	0.178750	0.187454	0.168304	0.151794	0.159953	0.159600	0.181005	0.166070	0.153641	0.175593	0.171448	0.215827	0.176147	0.164621	0.161078	0.201754	0.180145	0.191928	0.175439	0.144040	0.376812	0.433912	0.459068	0.454292	0.472263	0.380000	0.487898	0.451193	0.411303	0.461850	0.474968	0.514620	0.481078	0.473104	0.471439	0.473161	0.419463	0.475312	0.479394	0.471243	0.459770	0.465116	0.465786	0.465686	0.460736	0.481862	0.472057	0.478235	0.438679	0.474221	0.453757	0.485406	0.473301	0.475110	0.470838	0.470745	0.480404	0.479067	0.483092	0.472793	0.484191	0.471010	0.492518	0.473006	0.483345	0.468187	0.457364	0.471733	0.501053	0.475313	0.458574	0.476433	0.471744	0.471457	0.485915	0.469603	0.457213	0.469753	0.472694	0.467184	0.472133	0.471746	0.475121	0.473338	0.477070	0.471789	0.471969	0.478839	0.467862	0.473505	0.450549	0.482676	0.486289	0.484511	0.465352	0.475186	0.465819	0.481481	0.488984	
0.172932	0.222222	0.181818	0.158940	0.150000	0.197324	0.000000	0.178694	0.192157	0.169611	0.199336	0.180723	0.201954	0.226950	0.176678	0.212121	0.184211	0.151515	0.193548	0.185065	0.186275	0.187097	0.165975	0.191781	0.234818	0.220779	0.170492	0.200647	0.183007	0.188925	0.197232	0.188119	0.200787	0.202572	0.227106	0.183908	0.170833	0.196721	0.194805	0.187075	0.250000	0.233645	0.176849	0.218954	0.184397	0.177419	0.143836	0.224299	0.206250	0.203883	0.193050	0.179931	0.207018	0.212838	0.220779	0.212418	0.184080	0.220217	0.205298	0.192857	0.193443	0.183607	0.221088	0.197368	0.170000	0.178082	0.275862	0.186667	0.159322	0.223140	0.188925	0.220447	0.190789	0.187500	0.205788	0.209738	0.217241	0.196507	0.200647	0.187097	0.176056	0.171533	0.187279	0.142857	0.197842	0.201681	0.175000	0.204461	0.198697	0.186275	0.152249	0.190083	0.205761	0.174089	0.352941	0.423358	0.465035	0.490119	0.432099	0.235294	0.438776	0.384615	0.400000	0.488889	0.447653	0.522523	0.436364	0.466667	0.455696	0.479401	0.474138	0.446602	0.475083	0.472637	0.460714	0.463768	0.457912	0.468966	0.439446	0.450331	0.457516	0.501695	0.481481	0.469256	0.450382	0.462633	0.479592	0.464286	0.486395	0.453846	0.471154	0.447712	0.543860	0.468013	0.461268	0.477444	0.483755	0.505226	0.465517	0.484536	0.437500	0.475862	0.533333	0.477612	0.447552	0.476190	0.486207	0.469697	0.451613	0.487633	0.448980	0.474747	0.467797	0.470817	0.507634	0.512195	0.494949	0.475285	0.474453	0.500000	0.433460	0.447099	0.465986	0.492647	0.453659	0.496644	0.475862	0.491228	0.453333	0.473498	0.438914	0.468439	0.476027	
0.159024	0.164384	0.164979	0.167298	0.172227	0.161636	0.178694	0.000000	0.168301	0.154724	0.162733	0.191406	0.156980	0.161983	0.160989	0.160509	0.163798	0.158301	0.167266	0.161695	0.158617	0.168947	0.158140	0.165301	0.183156	0.171225	0.154447	0.180614	0.155924	0.155015	0.150096	0.150030	0.153030	0.179078	0.171569	0.160323	0.161947	0.162762	0.156516	0.168659	0.166411	0.162080	0.170557	0.167171	0.148271	0.155635	0.171856	0.157534	0.163130	0.160947	0.148260	0.162144	0.155800	0.172630	0.171411	0.150092	0.160178	0.171408	0.158556	0.154948	0.166371	0.162874	0.176689	0.165368	0.149199	0.165315	0.238095	0.150955	0.156348	0.177645	0.165644	0.169923	0.167823	0.156491	0.175995	0.168367	0.174366	0.147032	0.161808	0.157303	0.166553	0.155022	0.163347	0.173064	0.155616	0.152582	0.163934	0.162690	0.164375	0.172107	0.152895	0.167109	0.159366	0.166802	0.415385	0.432000	0.457467	0.445455	0.455273	0.367347	0.484285	0.448430	0.385802	0.471698	0.475884	0.502171	0.459962	0.460143	0.459832	0.462827	0.428571	0.465033	0.471917	0.465310	0.465042	0.470741	0.462372	0.457055	0.464286	0.468807	0.469084	0.480535	0.389381	0.460337	0.448029	0.486607	0.475152	0.468887	0.466707	0.462963	0.471743	0.466987	0.436275	0.465538	0.484395	0.459816	0.478317	0.464176	0.471133	0.463253	0.469887	0.467968	0.489496	0.462706	0.470401	0.474857	0.460356	0.476861	0.477229	0.474407	0.455828	0.461491	0.482675	0.470339	0.467607	0.469010	0.476681	0.479497	0.461637	0.469560	0.461589	0.470054	0.471064	0.452055	0.442582	0.480574	0.479053	0.470515	0.472139	0.461300	0.458964	0.479304	0.479435	
0.187057	0.206061	0.166422	0.178103	0.186667	0.178922	0.192157	0.168301	0.000000	0.165490	0.170099	0.180488	0.162500	0.208897	0.174694	0.176602	0.172515	0.155751	0.176816	0.175775	0.173147	0.181085	0.174542	0.167635	0.184965	0.176254	0.174074	0.177515	0.169555	0.165672	0.160983	0.168382	0.157553	0.168122	0.172152	0.161247	0.167914	0.153046	0.187500	0.177184	0.194112	0.158568	0.175129	0.180535	0.165705	0.157509	0.157329	0.176545	0.171186	0.167634	0.167587	0.166113	0.176713	0.165902	0.162041	0.169428	0.154354	0.175711	0.193050	0.171838	0.180556	0.165563	0.180650	0.162739	0.147147	0.181677	0.222222	0.169300	0.170694	0.176072	0.187547	0.179693	0.163846	0.154072	0.173547	0.185349	0.170365	0.144457	0.179619	0.174071	0.180672	0.178919	0.186371	0.187705	0.187964	0.179348	0.182590	0.171608	0.174359	0.181495	0.163724	0.172043	0.159551	0.182099	0.600000	0.444089	0.443925	0.439381	0.454627	0.531915	0.473849	0.442049	0.410112	0.473640	0.465764	0.486486	0.453822	0.464711	0.437853	0.459192	0.419958	0.462786	0.453453	0.452103	0.448195	0.462580	0.458641	0.458459	0.454753	0.462575	0.455613	0.469663	0.429412	0.451327	0.445242	0.473934	0.468165	0.469804	0.476334	0.457752	0.471491	0.462222	0.419890	0.469539	0.480309	0.458333	0.489911	0.463581	0.465827	0.462742	0.463289	0.466114	0.504032	0.463651	0.462085	0.456849	0.458618	0.470392	0.468800	0.468003	0.442685	0.461246	0.463451	0.468887	0.460317	0.462145	0.476762	0.469909	0.446526	0.464736	0.453600	0.459520	0.450153	0.468936	0.441176	0.470155	0.474755	0.470407	0.457101	0.452326	0.448680	0.473333	0.468939	
0.164251	0.164384	0.149611	0.170213	0.165665	0.156131	0.169611	0.154724	0.165490	0.000000	0.163839	0.167939	0.164330	0.168675	0.163175	0.158676	0.165092	0.150635	0.163117	0.159347	0.162661	0.163687	0.167889	0.155039	0.189062	0.161889	0.156020	0.158784	0.165601	0.164672	0.145181	0.174648	0.166195	0.164262	0.170086	0.177540	0.149958	0.185407	0.167712	0.172457	0.166667	0.166988	0.156742	0.164009	0.151609	0.149103	0.152275	0.160403	0.143774	0.159444	0.143159	0.151729	0.152399	0.166667	0.177501	0.168675	0.172524	0.165439	0.165123	0.160682	0.156841	0.169854	0.169648	0.155143	0.148585	0.159157	0.222222	0.163100	0.158983	0.182692	0.168019	0.154017	0.153527	0.162946	0.166372	0.158362	0.167179	0.137961	0.173816	0.166019	0.179239	0.166552	0.161270	0.166134	0.166453	0.181614	0.170213	0.163912	0.156532	0.187151	0.163793	0.173547	0.155652	0.162226	0.410959	0.444304	0.466077	0.465789	0.460905	0.351852	0.477015	0.422505	0.429429	0.470102	0.472455	0.491979	0.468111	0.466384	0.466384	0.470551	0.434713	0.475924	0.477467	0.472807	0.456246	0.474196	0.472614	0.476410	0.451762	0.475975	0.472393	0.478013	0.389831	0.468433	0.450475	0.476219	0.466439	0.481985	0.481121	0.465044	0.473802	0.473832	0.439252	0.472727	0.487194	0.468557	0.488400	0.466053	0.483678	0.468962	0.465623	0.464983	0.511834	0.472359	0.473054	0.476703	0.472414	0.474175	0.476104	0.477551	0.460564	0.463584	0.478335	0.471024	0.467626	0.458977	0.482916	0.472603	0.463458	0.471655	0.467772	0.480091	0.469423	0.470026	0.442688	0.490460	0.479749	0.480858	0.469961	0.458406	0.461481	0.481752	0.481651	
0.172109	0.171946	0.170692	0.169679	0.188823	0.163670	0.199336	0.162733	0.170099	0.163839	0.000000	0.210526	0.163998	0.184733	0.167395	0.168356	0.183607	0.160981	0.151265	0.168415	0.164195	0.167398	0.170537	0.177511	0.180228	0.177250	0.160000	0.169520	0.174036	0.164891	0.158303	0.166207	0.163036	0.178552	0.175211	0.171642	0.165420	0.179606	0.170225	0.166156	0.159348	0.185257	0.170813	0.164246	0.170043	0.152365	0.172018	0.152233	0.176545	0.176310	0.167711	0.167395	0.168582	0.178010	0.175585	0.169875	0.147368	0.173942	0.169184	0.170966	0.163399	0.175885	0.176871	0.166942	0.171192	0.170520	0.269841	0.174531	0.172574	0.188991	0.170551	0.178844	0.164918	0.161732	0.170040	0.174863	0.180072	0.132520	0.167579	0.176214	0.174733	0.162775	0.169753	0.164684	0.169289	0.185520	0.175747	0.172740	0.162162	0.201072	0.174863	0.186427	0.177029	0.157613	0.415385	0.462392	0.454020	0.453316	0.468456	0.369565	0.477419	0.451613	0.412202	0.466791	0.476696	0.493369	0.469715	0.471395	0.466339	0.469113	0.444270	0.463146	0.475630	0.462916	0.457024	0.466031	0.467367	0.475761	0.458664	0.473860	0.466338	0.484323	0.424242	0.469061	0.453218	0.492128	0.464804	0.479492	0.482875	0.463892	0.472359	0.474642	0.493151	0.469672	0.476218	0.472508	0.484141	0.468891	0.486220	0.465078	0.465129	0.466140	0.506317	0.480363	0.472727	0.475939	0.469261	0.476895	0.484542	0.475185	0.450958	0.461800	0.475897	0.480656	0.478774	0.460141	0.480737	0.471664	0.472759	0.475264	0.473241	0.475181	0.470790	0.458020	0.444188	0.489537	0.479821	0.490017	0.471594	0.460444	0.458696	0.481481	0.481690	
0.146018	0.181818	0.143911	0.183521	0.202128	0.139241	0.180723	0.191406	0.180488	0.167939	0.210526	0.000000	0.187970	0.171429	0.170635	0.172932	0.199248	0.154135	0.150735	0.123596	0.159851	0.219331	0.186957	0.133858	0.215311	0.165441	0.171642	0.160920	0.198473	0.174074	0.187251	0.166667	0.175439	0.162362	0.176230	0.175000	0.189573	0.180124	0.174242	0.188976	0.231441	0.187500	0.193309	0.148699	0.171315	0.177358	0.172285	0.204188	0.183007	0.187266	0.189300	0.201681	0.199187	0.206107	0.211896	0.157895	0.175000	0.130435	0.241135	0.175781	0.181818	0.176471	0.192308	0.169173	0.179487	0.184314	0.260870	0.184615	0.151852	0.196581	0.182836	0.150735	0.232210	0.170370	0.200787	0.185345	0.243346	0.141463	0.171642	0.175373	0.169291	0.183333	0.179688	0.182573	0.195122	0.194175	0.191667	0.169421	0.218045	0.146341	0.132000	0.202899	0.151515	0.169565	0.272727	0.375000	0.455939	0.404651	0.446903	0.153846	0.443089	0.409836	0.351562	0.478632	0.489960	0.480315	0.460938	0.487705	0.502347	0.448276	0.400000	0.475655	0.485944	0.460123	0.453441	0.471311	0.463320	0.465385	0.437500	0.475096	0.484962	0.474104	0.428571	0.456929	0.452174	0.453125	0.441065	0.458498	0.484962	0.441176	0.451128	0.456604	0.437500	0.440154	0.466403	0.440000	0.500000	0.474903	0.456522	0.484375	0.430712	0.460076	0.490196	0.467532	0.448133	0.451613	0.426357	0.481328	0.477366	0.453441	0.445783	0.458167	0.472868	0.461187	0.448560	0.439024	0.435798	0.456897	0.470339	0.467181	0.491597	0.459144	0.438247	0.477477	0.458537	0.482490	0.442231	0.480469	0.455598	0.444000	0.443850	0.482890	0.482072	
0.159061	0.189189	0.149137	0.176405	0.173453	0.168364	0.201954	0.156980	0.162500	0.164330	0.163998	0.187970	0.000000	0.171554	0.170966	0.178495	0.168142	0.158134	0.173753	0.171850	0.155579	0.175853	0.171647	0.172266	0.170571	0.176160	0.156582	0.175198	0.154976	0.161584	0.163451	0.167368	0.174176	0.158442	0.178261	0.181725	0.162162	0.151927	0.168991	0.171546	0.154317	0.168807	0.169831	0.172912	0.161860	0.176285	0.176245	0.177293	0.147741	0.167015	0.159704	0.170174	0.168807	0.172318	0.164624	0.174431	0.148893	0.173831	0.153619	0.172394	0.161542	0.179704	0.175381	0.166931	0.170621	0.165006	0.278689	0.165033	0.161272	0.179024	0.179891	0.166667	0.173333	0.170846	0.182575	0.167318	0.193772	0.137960	0.170936	0.168229	0.171809	0.172768	0.166765	0.174565	0.168792	0.178022	0.165829	0.161935	0.171850	0.173797	0.161894	0.180080	0.167630	0.161646	0.428571	0.468339	0.459923	0.453879	0.463712	0.351852	0.479643	0.440777	0.383191	0.474747	0.471019	0.482544	0.463277	0.467083	0.466711	0.464912	0.438806	0.466177	0.473544	0.448078	0.462838	0.462061	0.461985	0.461290	0.458468	0.470276	0.459488	0.475174	0.420833	0.469721	0.459171	0.481564	0.465141	0.475401	0.481243	0.468110	0.473135	0.465472	0.446809	0.466489	0.482796	0.465785	0.488306	0.468498	0.473981	0.461945	0.462546	0.466165	0.493075	0.467742	0.463866	0.472890	0.465229	0.475603	0.482426	0.477644	0.449057	0.466486	0.469017	0.470698	0.467116	0.460167	0.482409	0.467055	0.459565	0.463376	0.469376	0.475305	0.472192	0.460896	0.444526	0.486586	0.482906	0.481502	0.465825	0.462249	0.452083	0.468388	0.479526	
0.166096	0.147826	0.177650	0.184848	0.201258	0.180818	0.226950	0.161983	0.208897	0.168675	0.184733	0.171429	0.171554	0.000000	0.171654	0.160237	0.166667	0.176744	0.173913	0.180636	0.185345	0.179856	0.182994	0.159350	0.190661	0.182085	0.180617	0.172714	0.158055	0.165689	0.179845	0.169320	0.159930	0.174785	0.171329	0.197917	0.163022	0.157143	0.169867	0.187005	0.185383	0.185355	0.169784	0.178571	0.196850	0.187228	0.188707	0.154709	0.200000	0.164502	0.169611	0.158238	0.181524	0.191950	0.188873	0.156297	0.192214	0.193717	0.185065	0.178626	0.161383	0.175953	0.186364	0.167883	0.201102	0.157270	0.363636	0.188988	0.160902	0.170124	0.177347	0.177905	0.169925	0.161383	0.183486	0.182444	0.189573	0.142570	0.158273	0.152299	0.175698	0.181976	0.198718	0.169545	0.183706	0.219731	0.161049	0.188153	0.167883	0.179487	0.179567	0.183794	0.195652	0.163148	0.205128	0.434524	0.445300	0.408547	0.437828	0.181818	0.456522	0.385027	0.359259	0.470684	0.462848	0.462898	0.462016	0.462025	0.433892	0.433172	0.364754	0.464183	0.451183	0.434389	0.438291	0.438679	0.440233	0.449775	0.429421	0.453608	0.455072	0.455882	0.319588	0.462990	0.428319	0.471229	0.454545	0.453560	0.450000	0.437097	0.445731	0.438416	0.413462	0.433234	0.458647	0.444811	0.455414	0.459215	0.469072	0.428783	0.439416	0.434524	0.486486	0.455139	0.451664	0.440495	0.447761	0.449111	0.459069	0.464724	0.439878	0.438543	0.452522	0.442568	0.445652	0.454545	0.446777	0.459069	0.449686	0.446244	0.443396	0.443953	0.450617	0.442953	0.418838	0.484581	0.469970	0.460270	0.438596	0.413273	0.428295	0.443642	0.470149	
0.151627	0.135514	0.153846	0.177399	0.168831	0.167673	0.176678	0.160989	0.174694	0.163175	0.167395	0.170635	0.170966	0.171654	0.000000	0.165851	0.165677	0.156028	0.161968	0.161155	0.160906	0.171531	0.159073	0.162551	0.179636	0.172722	0.131197	0.172787	0.183107	0.165960	0.164516	0.162874	0.154780	0.170124	0.182075	0.180253	0.177477	0.178439	0.178615	0.166887	0.173210	0.159715	0.149550	0.162424	0.160428	0.157297	0.160050	0.150339	0.137748	0.166370	0.163812	0.162144	0.164948	0.171895	0.178788	0.166258	0.155329	0.172020	0.182867	0.166992	0.168646	0.164466	0.163580	0.167668	0.165217	0.160948	0.303571	0.169671	0.165190	0.159449	0.178065	0.166963	0.165718	0.164392	0.164676	0.179808	0.171559	0.138308	0.175563	0.161329	0.172603	0.145818	0.161745	0.171662	0.170501	0.190255	0.147330	0.158086	0.172847	0.172840	0.161184	0.173605	0.164977	0.163501	0.380952	0.462252	0.465658	0.469803	0.477656	0.440000	0.492104	0.463529	0.403877	0.485054	0.483933	0.515108	0.482603	0.486084	0.477769	0.473826	0.432292	0.474910	0.482132	0.470752	0.466753	0.483724	0.476506	0.487148	0.472649	0.496661	0.480357	0.493001	0.386473	0.480457	0.468931	0.489186	0.483617	0.488693	0.481028	0.482781	0.485101	0.479928	0.451923	0.474289	0.499069	0.466798	0.496099	0.486785	0.500358	0.476478	0.485663	0.479755	0.534908	0.484468	0.485568	0.474825	0.483415	0.482943	0.492595	0.497811	0.469501	0.481779	0.486585	0.483178	0.476252	0.485951	0.488131	0.485752	0.484157	0.477341	0.478375	0.484517	0.486940	0.475635	0.467742	0.501794	0.484775	0.484886	0.478104	0.470479	0.479365	0.489784	0.485574	
0.162433	0.136564	0.158485	0.171786	0.170370	0.166361	0.212121	0.160509	0.176602	0.158676	0.168356	0.172932	0.178495	0.160237	0.165851	0.000000	0.166312	0.158232	0.172118	0.172859	0.164530	0.172985	0.176638	0.153511	0.185158	0.170614	0.168204	0.179418	0.158625	0.165848	0.156304	0.173633	0.152957	0.170021	0.179975	0.171665	0.161943	0.177201	0.162931	0.172043	0.165746	0.165103	0.170497	0.159869	0.159664	0.172912	0.164621	0.153777	0.142322	0.171095	0.166092	0.163203	0.169439	0.178268	0.171553	0.168317	0.162051	0.163882	0.193787	0.171345	0.165869	0.172078	0.180355	0.166308	0.160920	0.170429	0.343750	0.167685	0.161948	0.157706	0.183934	0.178590	0.171769	0.160192	0.171558	0.176587	0.177817	0.156330	0.168887	0.159490	0.168305	0.169637	0.166667	0.176220	0.178242	0.199125	0.170648	0.185161	0.168630	0.188679	0.175876	0.186699	0.166526	0.168889	0.366197	0.426190	0.457818	0.459057	0.465314	0.358491	0.480068	0.447154	0.408309	0.464005	0.468085	0.486452	0.473594	0.467667	0.466621	0.462864	0.428571	0.472163	0.472162	0.465617	0.451613	0.472801	0.457728	0.465640	0.457599	0.475392	0.471246	0.477929	0.425532	0.468498	0.449518	0.484330	0.462581	0.483343	0.474576	0.463007	0.476849	0.473118	0.434211	0.465041	0.486893	0.474956	0.486014	0.464912	0.484596	0.464440	0.457464	0.457080	0.516556	0.474765	0.465409	0.465222	0.472588	0.469106	0.475173	0.473304	0.457347	0.471594	0.471133	0.466161	0.474168	0.463026	0.481502	0.467417	0.467879	0.478355	0.461941	0.475855	0.460724	0.458637	0.443615	0.484182	0.467575	0.478889	0.471880	0.458935	0.453579	0.473939	0.479715	
0.176203	0.133929	0.167531	0.187363	0.177041	0.173681	0.184211	0.163798	0.172515	0.165092	0.183607	0.199248	0.168142	0.166667	0.165677	0.166312	0.000000	0.160543	0.179834	0.161358	0.167876	0.170643	0.178744	0.178033	0.167988	0.171622	0.167718	0.181818	0.179570	0.178496	0.158132	0.172576	0.160321	0.171296	0.175709	0.177846	0.162461	0.199100	0.166843	0.174520	0.173854	0.160994	0.178311	0.173913	0.160047	0.175858	0.175448	0.168265	0.165652	0.172769	0.155645	0.161424	0.169287	0.168229	0.178892	0.152244	0.185185	0.177945	0.189706	0.168750	0.179619	0.178721	0.172953	0.168662	0.166105	0.183060	0.245902	0.170982	0.171728	0.172973	0.180548	0.177743	0.160882	0.158303	0.167855	0.180052	0.176739	0.147351	0.175375	0.165553	0.173939	0.185705	0.178258	0.184634	0.170659	0.212121	0.184433	0.172547	0.177697	0.187166	0.167921	0.188189	0.175554	0.164114	0.444444	0.445487	0.463428	0.455643	0.463245	0.440000	0.486203	0.446394	0.391608	0.478261	0.473274	0.496887	0.471277	0.471380	0.472021	0.475751	0.425220	0.466009	0.475738	0.453741	0.458751	0.475309	0.467675	0.475759	0.468199	0.485310	0.473630	0.484945	0.417355	0.480188	0.455285	0.484530	0.468421	0.479803	0.484367	0.465318	0.477789	0.474178	0.446352	0.480274	0.488108	0.466970	0.489589	0.469182	0.469021	0.471816	0.469917	0.472399	0.511861	0.473804	0.469873	0.473278	0.476064	0.477707	0.484323	0.479268	0.449707	0.470053	0.480232	0.480296	0.468698	0.461963	0.477895	0.475862	0.466667	0.475642	0.466667	0.481384	0.471953	0.466981	0.448802	0.492204	0.472046	0.484962	0.470954	0.461084	0.456357	0.477604	0.478492	
0.150850	0.143519	0.152762	0.161271	0.168865	0.152858	0.151515	0.158301	0.155751	0.150635	0.160981	0.154135	0.158134	0.176744	0.156028	0.158232	0.160543	0.000000	0.153890	0.152968	0.150142	0.160136	0.156203	0.149351	0.170313	0.156606	0.151585	0.167429	0.160683	0.152375	0.158633	0.161455	0.147588	0.158338	0.173620	0.152838	0.156710	0.187275	0.161927	0.168454	0.171072	0.160000	0.153276	0.167149	0.156788	0.159181	0.154748	0.163551	0.131854	0.159142	0.151146	0.154045	0.163238	0.167069	0.173663	0.160023	0.151323	0.170882	0.160991	0.170610	0.165537	0.154592	0.181979	0.157053	0.156174	0.156361	0.237288	0.159976	0.149335	0.171154	0.174091	0.163944	0.153382	0.150142	0.174699	0.175018	0.174938	0.134380	0.164129	0.162055	0.174139	0.158840	0.166242	0.169799	0.177124	0.195402	0.147748	0.160110	0.169704	0.162011	0.152926	0.176871	0.183111	0.169316	0.414286	0.445019	0.449016	0.449034	0.454355	0.320755	0.477231	0.461207	0.402157	0.461290	0.467033	0.507524	0.465770	0.461255	0.449495	0.472117	0.438907	0.457907	0.467246	0.466607	0.442131	0.452425	0.455275	0.458844	0.454971	0.470927	0.461190	0.471578	0.388889	0.465636	0.437931	0.468693	0.465975	0.467742	0.467246	0.452878	0.457886	0.457453	0.422727	0.466897	0.480142	0.450722	0.482972	0.461270	0.466304	0.461538	0.460317	0.465427	0.501508	0.464640	0.455433	0.460558	0.473961	0.470325	0.473264	0.465364	0.444769	0.466549	0.458020	0.466039	0.460414	0.457831	0.458478	0.458097	0.450636	0.460035	0.453698	0.474654	0.457447	0.460000	0.432197	0.474914	0.471611	0.471943	0.460354	0.454277	0.444195	0.464837	0.471995	
0.165468	0.157895	0.150993	0.170461	0.182334	0.164580	0.193548	0.167266	0.176816	0.163117	0.151265	0.150735	0.173753	0.173913	0.161968	0.172118	0.179834	0.153890	0.000000	0.144357	0.171101	0.160481	0.168056	0.166363	0.186773	0.160611	0.157029	0.183878	0.169832	0.158204	0.175199	0.162913	0.158741	0.161307	0.179503	0.171079	0.163104	0.160674	0.171658	0.182827	0.177069	0.189289	0.171669	0.164179	0.162448	0.161865	0.171319	0.159408	0.168911	0.171176	0.159517	0.169258	0.175182	0.188889	0.180075	0.169903	0.147557	0.158920	0.192140	0.176875	0.164071	0.167987	0.180488	0.174737	0.159955	0.156938	0.359375	0.168930	0.154146	0.199275	0.174973	0.170555	0.159645	0.169102	0.184080	0.190136	0.179207	0.144159	0.167187	0.172987	0.183624	0.164419	0.170000	0.183832	0.165359	0.200436	0.153457	0.172126	0.174278	0.223404	0.165891	0.179365	0.164589	0.166299	0.394737	0.443654	0.454796	0.455820	0.464446	0.351852	0.481646	0.445736	0.389281	0.473622	0.471051	0.484355	0.466817	0.471986	0.462401	0.467094	0.416048	0.468341	0.468833	0.449264	0.454699	0.469457	0.465508	0.465091	0.453958	0.476948	0.464546	0.477357	0.417355	0.469753	0.447601	0.480512	0.465499	0.477398	0.472000	0.473776	0.463300	0.471113	0.470085	0.467691	0.479826	0.464635	0.484969	0.466202	0.481203	0.466035	0.457158	0.466202	0.498165	0.477612	0.470325	0.461496	0.471789	0.475939	0.480813	0.471996	0.444922	0.463823	0.466986	0.464552	0.462402	0.464147	0.472621	0.471512	0.462396	0.468783	0.466058	0.482247	0.472539	0.453571	0.440118	0.480063	0.477636	0.471514	0.456214	0.465872	0.456747	0.473712	0.482277	
0.166884	0.140969	0.151706	0.180804	0.191212	0.159905	0.185065	0.161695	0.175775	0.159347	0.168415	0.123596	0.171850	0.180636	0.161155	0.172859	0.161358	0.152968	0.144357	0.000000	0.167975	0.176316	0.172006	0.163315	0.192587	0.182250	0.157363	0.183210	0.170479	0.156736	0.158495	0.168249	0.164209	0.165973	0.170292	0.167695	0.166933	0.186230	0.173469	0.165100	0.168493	0.169569	0.176533	0.162567	0.178107	0.155345	0.164654	0.142361	0.143552	0.169191	0.172414	0.163167	0.173065	0.176536	0.170224	0.170190	0.161290	0.161578	0.204978	0.165037	0.166493	0.180614	0.176663	0.173982	0.174353	0.171745	0.265625	0.161941	0.153546	0.182815	0.185084	0.166059	0.163880	0.158639	0.172949	0.174738	0.180980	0.140133	0.163180	0.180729	0.172937	0.182111	0.169031	0.188179	0.174757	0.206140	0.172589	0.161061	0.167371	0.171958	0.168907	0.181384	0.171141	0.164068	0.368421	0.454762	0.460687	0.452876	0.469152	0.396226	0.470885	0.453488	0.406425	0.477408	0.478579	0.482368	0.469791	0.469852	0.471372	0.471621	0.423929	0.471361	0.474050	0.456770	0.453469	0.467045	0.461660	0.459591	0.466234	0.484300	0.474097	0.482888	0.431535	0.475159	0.461685	0.478431	0.475200	0.481748	0.479100	0.468695	0.474399	0.469657	0.478070	0.465921	0.472419	0.467435	0.486610	0.475498	0.490613	0.470122	0.466142	0.469892	0.502308	0.477181	0.462360	0.472004	0.476268	0.477366	0.487252	0.472101	0.450324	0.466920	0.471123	0.474111	0.480563	0.461969	0.477309	0.470041	0.459172	0.472901	0.470757	0.476571	0.475123	0.457759	0.449446	0.486045	0.474585	0.487473	0.469194	0.451824	0.456507	0.479156	0.480323	
0.164169	0.170306	0.166840	0.176341	0.186290	0.166667	0.186275	0.158617	0.173147	0.162661	0.164195	0.159851	0.155579	0.185345	0.160906	0.164530	0.167876	0.150142	0.171101	0.167975	0.000000	0.170224	0.165398	0.170821	0.177151	0.173662	0.153805	0.169811	0.168285	0.174283	0.158550	0.164921	0.160535	0.165891	0.193329	0.184024	0.175159	0.169473	0.166755	0.164240	0.174474	0.156881	0.171294	0.167464	0.159906	0.159624	0.163310	0.149215	0.170732	0.168737	0.156166	0.173031	0.161622	0.165468	0.176284	0.165414	0.149402	0.164890	0.182353	0.162100	0.168824	0.166316	0.168381	0.167103	0.158427	0.162177	0.276923	0.171723	0.171476	0.168157	0.169546	0.161074	0.170272	0.164419	0.169791	0.168073	0.179634	0.134822	0.164852	0.165631	0.168769	0.175000	0.162353	0.172928	0.169880	0.186551	0.153457	0.158098	0.174346	0.160000	0.167828	0.177725	0.175642	0.158242	0.358974	0.467685	0.462171	0.466343	0.464286	0.481481	0.490294	0.448276	0.393557	0.473684	0.483799	0.511920	0.478431	0.474099	0.468212	0.470725	0.445748	0.480188	0.482997	0.451535	0.465247	0.478041	0.470927	0.477285	0.466488	0.475513	0.477155	0.479045	0.439834	0.475616	0.456140	0.487507	0.475661	0.484649	0.482979	0.476467	0.475376	0.473849	0.436441	0.466173	0.484570	0.470521	0.493492	0.470368	0.493151	0.474292	0.471875	0.473825	0.517874	0.479954	0.476031	0.475264	0.480193	0.482477	0.487928	0.471800	0.459561	0.478238	0.476923	0.472446	0.479620	0.461538	0.489407	0.465587	0.470067	0.481560	0.474702	0.477573	0.479393	0.472371	0.458333	0.495298	0.478007	0.484865	0.474399	0.464575	0.464187	0.486656	0.490647	
0.160365	0.129464	0.163627	0.178135	0.193209	0.181926	0.187097	0.168947	0.181085	0.163687	0.167398	0.219331	0.175853	0.179856	0.171531	0.172985	0.170643	0.160136	0.160481	0.176316	0.170224	0.000000	0.178794	0.174970	0.178211	0.176471	0.157672	0.178947	0.165316	0.161530	0.161108	0.167364	0.160080	0.171503	0.176580	0.171107	0.171451	0.183857	0.170667	0.181607	0.172065	0.169414	0.172342	0.173497	0.156782	0.165449	0.169760	0.177138	0.164835	0.177386	0.168570	0.173088	0.166667	0.178848	0.180902	0.175108	0.156469	0.174703	0.171554	0.172748	0.174793	0.177028	0.171630	0.170949	0.177329	0.161344	0.312500	0.173724	0.162521	0.176577	0.185065	0.175830	0.155469	0.163287	0.168874	0.172280	0.166284	0.165975	0.176379	0.174250	0.196997	0.167846	0.165788	0.163778	0.171155	0.188312	0.162207	0.184278	0.175916	0.185484	0.173938	0.183690	0.180314	0.169355	0.389610	0.444836	0.461200	0.459196	0.467391	0.444444	0.481914	0.456311	0.412831	0.479549	0.482333	0.500000	0.468768	0.465800	0.473510	0.471238	0.432792	0.475967	0.480043	0.465323	0.456742	0.473476	0.466106	0.475603	0.465091	0.474657	0.466181	0.479787	0.432653	0.477690	0.463722	0.492479	0.470588	0.477974	0.474667	0.472335	0.475572	0.475066	0.476596	0.474047	0.493747	0.471871	0.487514	0.478307	0.500313	0.469227	0.470496	0.466274	0.519301	0.477011	0.475154	0.470490	0.484442	0.478667	0.480541	0.475828	0.456989	0.472522	0.479255	0.470807	0.478747	0.466704	0.478769	0.479420	0.456111	0.469377	0.474044	0.484656	0.477717	0.464604	0.447619	0.483246	0.472901	0.484011	0.469388	0.463415	0.452974	0.482415	0.481501	
0.170773	0.164179	0.164698	0.180749	0.173511	0.169014	0.165975	0.158140	0.174542	0.167889	0.170537	0.186957	0.171647	0.182994	0.159073	0.176638	0.178744	0.156203	0.168056	0.172006	0.165398	0.178794	0.000000	0.158019	0.197318	0.172342	0.165266	0.181250	0.169771	0.171449	0.171875	0.153097	0.160980	0.173434	0.181296	0.181937	0.164980	0.158640	0.164413	0.179784	0.195633	0.166274	0.179219	0.174929	0.167178	0.167944	0.173188	0.154882	0.174923	0.169082	0.175593	0.168232	0.158109	0.185240	0.167842	0.180199	0.175373	0.167078	0.197802	0.168302	0.173702	0.167015	0.170043	0.166899	0.183876	0.179061	0.346154	0.171100	0.169479	0.178174	0.197425	0.181818	0.168860	0.161246	0.176771	0.195708	0.179082	0.150052	0.181005	0.158402	0.173606	0.181063	0.170015	0.177125	0.173811	0.218579	0.164271	0.169687	0.173305	0.188312	0.158864	0.188832	0.178533	0.152896	0.385965	0.452188	0.461595	0.467490	0.475786	0.348837	0.484039	0.437500	0.397412	0.480032	0.484940	0.480519	0.471247	0.479182	0.475850	0.459608	0.447876	0.486430	0.490043	0.461290	0.468006	0.484894	0.476761	0.476395	0.466811	0.487977	0.485852	0.493933	0.382353	0.483264	0.463104	0.503346	0.483369	0.478708	0.496454	0.470316	0.485774	0.480084	0.491429	0.475317	0.490607	0.470588	0.504935	0.485612	0.491582	0.476157	0.483983	0.480687	0.528485	0.490031	0.480180	0.475764	0.481429	0.496100	0.485327	0.478166	0.456631	0.486311	0.486582	0.479866	0.468843	0.476615	0.481902	0.480530	0.477391	0.469590	0.486983	0.498231	0.479740	0.464088	0.445545	0.498953	0.481192	0.486795	0.470383	0.476812	0.467847	0.488079	0.492109	
0.164819	0.215311	0.152913	0.163239	0.183099	0.157064	0.191781	0.165301	0.167635	0.155039	0.177511	0.133858	0.172266	0.159350	0.162551	0.153511	0.178033	0.149351	0.166363	0.163315	0.170821	0.174970	0.158019	0.000000	0.209106	0.161622	0.166049	0.181929	0.169823	0.154180	0.156658	0.172435	0.160796	0.165563	0.187857	0.184971	0.172919	0.164541	0.176288	0.167003	0.179348	0.177660	0.172561	0.163064	0.169595	0.163228	0.163304	0.165000	0.155705	0.172310	0.158136	0.158511	0.160537	0.173745	0.166873	0.166250	0.183946	0.162554	0.176568	0.174142	0.175439	0.172372	0.166144	0.152108	0.169884	0.160963	0.206897	0.168025	0.158435	0.188119	0.177764	0.170187	0.164313	0.164143	0.168575	0.180254	0.182119	0.149197	0.160920	0.165359	0.166781	0.174265	0.176312	0.177486	0.183544	0.208232	0.173004	0.172161	0.170806	0.183976	0.168005	0.184441	0.152174	0.159468	0.430769	0.466125	0.478567	0.469621	0.468703	0.354167	0.488357	0.438178	0.416804	0.477901	0.486148	0.512894	0.488860	0.486433	0.469451	0.483959	0.432624	0.483283	0.485750	0.487179	0.470472	0.478463	0.473006	0.482154	0.472205	0.493227	0.483323	0.493474	0.376682	0.485034	0.468889	0.503551	0.482716	0.500968	0.491294	0.479238	0.486699	0.476773	0.460000	0.476543	0.496823	0.481506	0.501979	0.482456	0.502174	0.476103	0.474833	0.468378	0.516060	0.490994	0.477524	0.475943	0.499373	0.486798	0.492409	0.477904	0.465000	0.477687	0.493490	0.490883	0.473238	0.480881	0.484191	0.477996	0.482803	0.474106	0.472594	0.480591	0.478261	0.483217	0.461933	0.493895	0.491326	0.494949	0.485366	0.473354	0.465097	0.480828	0.495945	
0.192935	0.127660	0.170661	0.195535	0.198514	0.191419	0.234818	0.183156	0.184965	0.189062	0.180228	0.215311	0.170571	0.190661	0.179636	0.185158	0.167988	0.170313	0.186773	0.192587	0.177151	0.178211	0.197318	0.209106	0.000000	0.171178	0.175258	0.185266	0.175019	0.174041	0.181818	0.183406	0.180900	0.181556	0.187658	0.175272	0.187954	0.209440	0.182685	0.174400	0.202196	0.156553	0.189443	0.181684	0.174447	0.184249	0.188537	0.182809	0.182125	0.190510	0.183486	0.175224	0.179487	0.186402	0.190370	0.182222	0.193151	0.169521	0.181298	0.177708	0.181028	0.173850	0.189148	0.186404	0.180180	0.177419	0.120000	0.190760	0.185042	0.174825	0.180389	0.193525	0.174543	0.181556	0.201807	0.174912	0.183863	0.159420	0.180706	0.177233	0.185458	0.191901	0.182343	0.188168	0.159072	0.207547	0.190871	0.168589	0.195652	0.175676	0.190552	0.198083	0.183190	0.205051	0.389831	0.439063	0.435015	0.442869	0.430061	0.477273	0.463893	0.408269	0.387273	0.434385	0.451104	0.489831	0.441732	0.442353	0.461538	0.437601	0.430712	0.440813	0.454545	0.435268	0.425136	0.431062	0.438917	0.440149	0.441948	0.446165	0.442029	0.447605	0.403226	0.444689	0.436426	0.459119	0.433556	0.449309	0.439791	0.445545	0.449202	0.460641	0.431694	0.445022	0.458015	0.435304	0.460863	0.439189	0.453826	0.437363	0.444687	0.437407	0.473684	0.452724	0.437163	0.442520	0.447270	0.441917	0.462803	0.443598	0.426537	0.437359	0.441809	0.441941	0.443656	0.441628	0.449778	0.453150	0.432767	0.453343	0.444444	0.454078	0.452616	0.440132	0.424121	0.460469	0.446998	0.443439	0.442575	0.423780	0.428571	0.448352	0.448689	
