0.000000	0.000000	0.388060	0.292308	0.352941	0.257576	0.227273	0.343284	0.392857	0.470588	0.402985	0.050000	0.467742	0.416667	0.500000	0.372549	0.360000	0.400000	0.358209	0.515152	0.323077	0.477612	0.352941	0.354839	0.460000	0.348485	0.415385	0.397059	0.362319	0.373134	0.432836	0.437500	0.551020	0.318182	0.587302	0.243902	0.377358	0.333333	0.424242	0.519231	0.477273	0.620000	0.411765	0.540000	0.612245	0.411765	0.417910	0.666667	0.588235	0.584906	0.565217	0.430769	0.560606	0.477612	0.454545	0.558824	0.403846	0.500000	0.444444	0.500000	0.489796	0.453125	0.395833	0.458333	0.333333	0.540000	0.600000	0.500000	0.588235	0.642857	0.597015	0.544118	0.468750	0.579710	0.671642	0.524590	0.540984	0.500000	0.423729	0.571429	0.586207	0.593750	0.590909	0.441176	0.373134	0.680000	0.647059	0.365079	0.596774	0.083333	0.526316	0.351852	0.596154	0.475410	
0.000000	0.000000	0.083333	0.086957	0.045455	0.086957	0.227273	0.125000	0.333333	0.434783	0.041667	0.045455	0.263158	0.375000	0.000000	0.400000	0.333333	0.222222	0.086957	0.181818	0.210526	0.416667	0.166667	0.157895	0.434783	0.181818	0.047619	0.291667	0.125000	0.083333	0.250000	0.105263	0.750000	0.136364	0.782609	0.173913	0.166667	0.272727	0.125000	0.384615	0.428571	0.772727	0.291667	0.285714	0.000000	0.333333	0.173913	0.636364	0.652174	0.375000	0.333333	0.409091	0.708333	0.347826	0.391304	0.750000	0.125000	0.333333	0.347826	0.000000	0.666667	0.350000	0.000000	0.333333	0.260870	0.000000	0.545455	0.200000	0.739130	0.583333	0.652174	0.608696	0.545455	0.695652	0.772727	0.666667	0.736842	0.375000	0.142857	0.666667	0.722222	0.869565	0.782609	0.217391	0.083333	0.750000	0.666667	0.166667	0.722222	0.083333	0.769231	0.208333	0.750000	0.583333	
0.388060	0.083333	0.000000	0.323529	0.365385	0.373134	0.250000	0.362319	0.466667	0.514286	0.338028	0.000000	0.454545	0.435897	0.519231	0.442308	0.470588	0.578947	0.300000	0.376812	0.417910	0.414286	0.422535	0.421875	0.377358	0.411765	0.298507	0.361111	0.424658	0.380282	0.352113	0.411765	0.480769	0.352941	0.716418	0.318182	0.363636	0.400000	0.300000	0.482143	0.533333	0.425926	0.450704	0.425926	0.510204	0.416667	0.408451	0.521739	0.631579	0.421053	0.553191	0.470588	0.521739	0.380282	0.422535	0.555556	0.350877	0.510204	0.421053	0.520000	0.384615	0.492537	0.392157	0.500000	0.414634	0.528302	0.636364	0.442308	0.535211	0.451613	0.571429	0.577465	0.492537	0.638889	0.628571	0.593750	0.590909	0.423729	0.344262	0.480769	0.564516	0.686567	0.571429	0.333333	0.385714	0.678571	0.594595	0.272727	0.636364	0.074074	0.557377	0.403509	0.535714	0.546875	
0.292308	0.086957	0.323529	0.000000	0.326531	0.265625	0.304348	0.328358	0.375000	0.485294	0.371429	0.095238	0.396825	0.472222	0.540000	0.392157	0.612245	0.500000	0.358209	0.384615	0.400000	0.455882	0.382353	0.442623	0.392157	0.353846	0.375000	0.362319	0.385714	0.449275	0.382353	0.469697	0.500000	0.373134	0.656250	0.309524	0.339623	0.365854	0.382353	0.545455	0.418605	0.588235	0.411765	0.500000	0.416667	0.449275	0.405797	0.558140	0.666667	0.490909	0.511111	0.492308	0.560606	0.441176	0.417910	0.594203	0.377358	0.510638	0.444444	0.520833	0.551020	0.523077	0.604167	0.553191	0.421053	0.450980	0.636364	0.460000	0.573529	0.517241	0.632353	0.558824	0.531250	0.521739	0.500000	0.548387	0.435484	0.482143	0.406780	0.489796	0.442623	0.590909	0.573529	0.411765	0.376812	0.703704	0.588235	0.333333	0.578125	0.115385	0.403509	0.444444	0.537037	0.590164	
0.352941	0.045455	0.365385	0.326531	0.000000	0.380000	0.227273	0.274510	0.456522	0.470588	0.320000	0.050000	0.391304	0.428571	0.424242	0.588235	0.424242	0.394737	0.372549	0.313725	0.428571	0.440000	0.442308	0.340426	0.441860	0.420000	0.326531	0.411765	0.423077	0.392157	0.411765	0.340426	0.500000	0.400000	0.489796	0.358974	0.292683	0.378378	0.274510	0.384615	0.437500	0.571429	0.326923	0.545455	0.484848	0.372549	0.392157	0.625000	0.620690	0.583333	0.468750	0.500000	0.666667	0.470588	0.580000	0.627451	0.318182	0.545455	0.375000	0.606061	0.454545	0.489362	0.406250	0.468750	0.441176	0.575758	0.600000	0.515152	0.640000	0.500000	0.576923	0.588235	0.591837	0.557692	0.560000	0.630435	0.521739	0.466667	0.476190	0.454545	0.619048	0.640000	0.660000	0.403846	0.320000	0.730769	0.656250	0.408163	0.695652	0.160000	0.585366	0.382979	0.627907	0.530612	
0.257576	0.086957	0.373134	0.265625	0.380000	0.000000	0.217391	0.303030	0.428571	0.558824	0.373134	0.047619	0.451613	0.368421	0.530612	0.469388	0.551020	0.462963	0.367647	0.409091	0.375000	0.477612	0.323529	0.387097	0.480000	0.400000	0.359375	0.382353	0.405797	0.328358	0.343284	0.406250	0.500000	0.307692	0.603175	0.166667	0.264151	0.340909	0.343284	0.538462	0.454545	0.600000	0.405797	0.460000	0.510638	0.411765	0.358209	0.534884	0.638889	0.528302	0.600000	0.492308	0.545455	0.492537	0.552239	0.602941	0.351852	0.361702	0.388889	0.468085	0.583333	0.468750	0.520833	0.489362	0.333333	0.520000	0.727273	0.458333	0.602941	0.620690	0.656716	0.521739	0.406250	0.536232	0.656716	0.590164	0.596774	0.462963	0.389831	0.437500	0.637931	0.587302	0.492537	0.470588	0.348485	0.592593	0.583333	0.375000	0.516129	0.076923	0.473684	0.277778	0.557692	0.451613	
0.227273	0.227273	0.250000	0.304348	0.227273	0.217391	0.000000	0.208333	0.333333	0.521739	0.208333	0.181818	0.210526	0.347826	0.666667	0.600000	0.666667	0.444444	0.217391	0.227273	0.263158	0.333333	0.291667	0.315789	0.521739	0.181818	0.142857	0.208333	0.291667	0.125000	0.333333	0.315789	0.000000	0.181818	0.739130	0.173913	0.208333	0.227273	0.291667	0.384615	0.142857	0.772727	0.250000	0.285714	0.666667	0.291667	0.434783	0.909091	0.761905	0.500000	0.333333	0.409091	0.666667	0.391304	0.521739	0.583333	0.166667	0.666667	0.347826	0.666667	0.000000	0.315789	0.666667	0.666667	0.227273	0.250000	0.636364	0.400000	0.708333	0.416667	0.608696	0.565217	0.636364	0.565217	0.727273	0.714286	0.842105	0.625000	0.357143	0.333333	0.777778	0.826087	0.782609	0.347826	0.333333	0.608696	0.625000	0.333333	0.722222	0.227273	0.692308	0.250000	0.708333	0.625000	
0.343284	0.125000	0.362319	0.328358	0.274510	0.303030	0.208333	0.000000	0.508475	0.434783	0.362319	0.045455	0.307692	0.394737	0.420000	0.529412	0.540000	0.545455	0.382353	0.287879	0.415385	0.420290	0.328571	0.412698	0.403846	0.363636	0.384615	0.385714	0.408451	0.478261	0.405797	0.318182	0.469388	0.343284	0.609375	0.302326	0.388889	0.279070	0.338235	0.611111	0.465116	0.588235	0.400000	0.557692	0.612245	0.380282	0.463768	0.613636	0.567568	0.472727	0.666667	0.469697	0.602941	0.478261	0.426471	0.557143	0.309091	0.375000	0.447368	0.479167	0.387755	0.476923	0.541667	0.408163	0.390244	0.490196	0.636364	0.540000	0.623188	0.451613	0.632353	0.536232	0.584615	0.500000	0.617647	0.587302	0.523810	0.500000	0.406780	0.551020	0.566667	0.575758	0.500000	0.521739	0.304348	0.678571	0.611111	0.246154	0.531250	0.185185	0.542373	0.392857	0.537037	0.539683	
0.392857	0.333333	0.466667	0.375000	0.456522	0.428571	0.333333	0.508475	0.000000	0.465517	0.372881	0.363636	0.375000	0.567568	0.575000	0.550000	0.461538	0.543478	0.362069	0.403509	0.509091	0.586207	0.508475	0.490909	0.420000	0.491228	0.446429	0.491803	0.442623	0.457627	0.508197	0.464286	0.500000	0.473684	0.508475	0.428571	0.392157	0.428571	0.465517	0.500000	0.473684	0.644444	0.525424	0.619048	0.526316	0.475410	0.525424	0.631579	0.533333	0.533333	0.513514	0.500000	0.600000	0.457627	0.508475	0.433333	0.437500	0.615385	0.500000	0.500000	0.575000	0.545455	0.461538	0.410256	0.461538	0.414634	0.636364	0.476190	0.457627	0.387097	0.413793	0.508475	0.517857	0.550000	0.482759	0.518519	0.537037	0.470588	0.387755	0.425000	0.431373	0.625000	0.465517	0.366667	0.534483	0.428571	0.666667	0.500000	0.518519	0.407407	0.510204	0.400000	0.500000	0.428571	
0.470588	0.434783	0.514286	0.485294	0.470588	0.558824	0.521739	0.434783	0.465517	0.000000	0.436620	0.428571	0.446154	0.378378	0.461538	0.442308	0.538462	0.491228	0.457143	0.455882	0.447761	0.492958	0.464789	0.406250	0.461538	0.382353	0.507463	0.464789	0.458333	0.514286	0.400000	0.477612	0.607843	0.492754	0.492308	0.534884	0.500000	0.522727	0.521739	0.509091	0.488889	0.538462	0.450704	0.518519	0.460000	0.366197	0.514286	0.500000	0.583333	0.428571	0.500000	0.426471	0.521739	0.514286	0.521739	0.492958	0.454545	0.540000	0.552632	0.540000	0.549020	0.441176	0.580000	0.500000	0.425000	0.471698	0.454545	0.549020	0.428571	0.413793	0.528571	0.535211	0.492537	0.444444	0.521127	0.546875	0.484375	0.375000	0.467742	0.450980	0.451613	0.530303	0.478261	0.492958	0.385714	0.481481	0.400000	0.415385	0.507692	0.461538	0.600000	0.464286	0.481481	0.500000	
0.402985	0.041667	0.338028	0.371429	0.320000	0.373134	0.208333	0.362319	0.372881	0.436620	0.000000	0.000000	0.454545	0.394737	0.442308	0.452830	0.470588	0.543860	0.357143	0.338235	0.432836	0.549296	0.380282	0.359375	0.566038	0.352941	0.358209	0.361111	0.506849	0.436620	0.408451	0.411765	0.607843	0.376812	0.626866	0.325581	0.290909	0.363636	0.371429	0.473684	0.555556	0.528302	0.408451	0.454545	0.306122	0.458333	0.408451	0.555556	0.648649	0.578947	0.586957	0.441176	0.623188	0.478873	0.514286	0.597222	0.303571	0.510204	0.394737	0.520000	0.588235	0.485294	0.420000	0.530612	0.425000	0.471698	0.636364	0.365385	0.464789	0.466667	0.628571	0.591549	0.492537	0.597222	0.633803	0.538462	0.630769	0.448276	0.322581	0.529412	0.468750	0.597015	0.571429	0.352113	0.492958	0.678571	0.472222	0.353846	0.636364	0.111111	0.633333	0.438596	0.589286	0.484375	
0.050000	0.045455	0.000000	0.095238	0.050000	0.047619	0.181818	0.045455	0.363636	0.428571	0.000000	0.000000	0.117647	0.318182	0.000000	0.000000	0.000000	0.285714	0.047619	0.150000	0.058824	0.409091	0.090909	0.117647	0.476190	0.150000	0.105263	0.181818	0.136364	0.136364	0.181818	0.058824	1.000000	0.150000	0.857143	0.142857	0.090909	0.150000	0.090909	0.272727	0.400000	0.750000	0.318182	0.400000	0.000000	0.318182	0.238095	0.777778	0.761905	0.333333	0.000000	0.400000	0.772727	0.380952	0.476190	0.681818	0.045455	0.000000	0.285714	0.000000	1.000000	0.333333	0.000000	0.000000	0.285714	0.000000	0.636364	0.000000	0.818182	0.500000	0.714286	0.571429	0.650000	0.666667	0.850000	0.789474	0.823529	0.409091	0.083333	0.000000	0.750000	0.857143	0.809524	0.190476	0.090909	0.727273	0.636364	0.090909	0.750000	0.045455	0.818182	0.227273	0.727273	0.590909	
0.467742	0.263158	0.454545	0.396825	0.391304	0.451613	0.210526	0.307692	0.375000	0.446154	0.454545	0.117647	0.000000	0.545455	0.538462	0.461538	0.470588	0.421053	0.461538	0.365079	0.467742	0.538462	0.439394	0.459016	0.420000	0.507937	0.460317	0.402985	0.397059	0.454545	0.424242	0.338462	0.509804	0.406250	0.500000	0.394737	0.340000	0.250000	0.400000	0.481481	0.511111	0.638298	0.530303	0.444444	0.600000	0.411765	0.462687	0.681818	0.666667	0.571429	0.565217	0.460317	0.593750	0.484848	0.507692	0.507463	0.400000	0.408163	0.545455	0.480000	0.470588	0.437500	0.580000	0.480000	0.444444	0.509434	0.500000	0.603774	0.560606	0.384615	0.538462	0.560606	0.564516	0.417910	0.523077	0.550000	0.524590	0.555556	0.440678	0.509804	0.603448	0.580645	0.600000	0.545455	0.415385	0.565217	0.516129	0.426230	0.491803	0.318182	0.620690	0.471698	0.627451	0.583333	
0.416667	0.375000	0.435897	0.472222	0.428571	0.368421	0.347826	0.394737	0.567568	0.378378	0.394737	0.318182	0.545455	0.000000	0.500000	0.300000	0.555556	0.541667	0.405405	0.405405	0.333333	0.421053	0.358974	0.411765	0.484848	0.277778	0.529412	0.435897	0.282051	0.421053	0.263158	0.500000	0.777778	0.529412	0.567568	0.371429	0.314286	0.388889	0.342105	0.538462	0.600000	0.600000	0.358974	0.600000	0.444444	0.500000	0.378378	0.400000	0.464286	0.565217	0.444444	0.432432	0.589744	0.394737	0.368421	0.500000	0.410256	0.500000	0.281250	0.388889	0.722222	0.484848	0.444444	0.764706	0.400000	0.473684	0.454545	0.631579	0.578947	0.500000	0.648649	0.578947	0.472222	0.552632	0.583333	0.588235	0.529412	0.342105	0.535714	0.388889	0.562500	0.378378	0.513514	0.368421	0.394737	0.461538	0.484848	0.461538	0.437500	0.333333	0.642857	0.315789	0.473684	0.473684	
0.500000	0.000000	0.519231	0.540000	0.424242	0.530612	0.666667	0.420000	0.575000	0.461538	0.442308	0.000000	0.538462	0.500000	0.000000	0.480769	0.584906	0.509434	0.384615	0.529412	0.471698	0.490196	0.442308	0.440000	0.514286	0.333333	0.411765	0.584906	0.425926	0.461538	0.519231	0.351852	0.500000	0.529412	0.437500	0.375000	0.514286	0.423077	0.431373	0.562500	0.441860	0.514286	0.538462	0.403846	0.529412	0.547170	0.396226	0.512821	0.444444	0.537037	0.479167	0.450980	0.500000	0.566038	0.307692	0.509434	0.555556	0.450980	0.500000	0.576923	0.566038	0.519231	0.461538	0.490196	0.619048	0.370370	-nan	0.461538	0.480769	0.300000	0.576923	0.339623	0.440000	0.370370	0.452830	0.500000	0.411765	0.526316	0.500000	0.509434	0.408163	0.530612	0.500000	0.433962	0.411765	0.857143	0.500000	0.282609	0.452830	0.000000	0.461538	0.394737	0.527778	0.377778	
0.372549	0.400000	0.442308	0.392157	0.588235	0.469388	0.600000	0.529412	0.550000	0.442308	0.452830	0.000000	0.461538	0.300000	0.480769	0.000000	0.529412	0.396226	0.346154	0.568627	0.377358	0.666667	0.461538	0.420000	0.628571	0.509804	0.568627	0.377358	0.462963	0.423077	0.403846	0.528302	0.549020	0.490196	0.551020	0.500000	0.594595	0.333333	0.529412	0.530612	0.523810	0.500000	0.538462	0.615385	0.440000	0.452830	0.433962	0.512821	0.650000	0.509434	0.489362	0.509804	0.440000	0.433962	0.384615	0.452830	0.486486	0.408163	0.400000	0.640000	0.450980	0.403846	0.540000	0.714286	0.434783	0.576923	-nan	0.460000	0.461538	0.250000	0.538462	0.566038	0.510204	0.444444	0.500000	0.541667	0.580000	0.400000	0.423077	0.450980	0.489796	0.428571	0.568627	0.452830	0.576923	0.555556	0.333333	0.489362	0.480769	0.375000	0.549020	0.447368	0.594595	0.488889	
0.360000	0.333333	0.470588	0.612245	0.424242	0.551020	0.666667	0.540000	0.461538	0.538462	0.470588	0.000000	0.470588	0.555556	0.584906	0.529412	0.000000	0.500000	0.529412	0.580000	0.519231	0.490196	0.519231	0.510204	0.558824	0.520000	0.580000	0.403846	0.547170	0.509804	0.470588	0.528302	0.647059	0.500000	0.510638	0.541667	0.428571	0.538462	0.520000	0.404255	0.642857	0.352941	0.480769	0.470588	0.588235	0.442308	0.480769	0.631579	0.277778	0.622642	0.489362	0.480000	0.600000	0.500000	0.509804	0.519231	0.583333	0.490196	0.611111	0.509804	0.480769	0.470588	0.333333	0.450980	0.476190	0.622642	-nan	0.549020	0.549020	0.900000	0.411765	0.500000	0.448980	0.584906	0.634615	0.541667	0.540000	0.513514	0.450980	0.615385	0.729167	0.458333	0.470588	0.442308	0.480000	0.285714	0.687500	0.500000	0.596154	0.500000	0.615385	0.540541	0.600000	0.333333	
0.400000	0.222222	0.578947	0.500000	0.394737	0.462963	0.444444	0.545455	0.543478	0.491228	0.543860	0.285714	0.421053	0.541667	0.509434	0.396226	0.500000	0.000000	0.456140	0.464286	0.482759	0.500000	0.456140	0.500000	0.450000	0.578947	0.517857	0.448276	0.389831	0.438596	0.473684	0.421053	0.557692	0.446429	0.433962	0.400000	0.414634	0.468750	0.428571	0.469388	0.511628	0.538462	0.491228	0.433962	0.560000	0.500000	0.448276	0.500000	0.625000	0.574074	0.446809	0.464286	0.454545	0.448276	0.456140	0.482759	0.357143	0.560000	0.458333	0.627451	0.461538	0.403509	0.588235	0.580000	0.444444	0.584906	0.333333	0.490196	0.473684	0.437500	0.438596	0.568966	0.472727	0.474576	0.543860	0.538462	0.444444	0.465116	0.446429	0.615385	0.588235	0.452830	0.642857	0.568966	0.446429	0.538462	0.454545	0.450980	0.537037	0.416667	0.490566	0.488372	0.619048	0.580000	
0.358209	0.086957	0.300000	0.358209	0.372549	0.367647	0.217391	0.382353	0.362069	0.457143	0.357143	0.047619	0.461538	0.405405	0.384615	0.346154	0.529412	0.456140	0.000000	0.352941	0.432836	0.463768	0.357143	0.421875	0.519231	0.382353	0.338235	0.464789	0.416667	0.242857	0.371429	0.402985	0.607843	0.397059	0.692308	0.333333	0.452830	0.232558	0.362319	0.490909	0.422222	0.538462	0.422535	0.547170	0.530612	0.436620	0.371429	0.500000	0.594595	0.446429	0.608696	0.485294	0.500000	0.428571	0.420290	0.563380	0.351852	0.489796	0.416667	0.600000	0.450980	0.358209	0.500000	0.489796	0.410256	0.471698	0.545455	0.352941	0.485714	0.413793	0.542857	0.492958	0.552239	0.625000	0.571429	0.492063	0.538462	0.500000	0.327869	0.352941	0.590164	0.651515	0.623188	0.394366	0.333333	0.740741	0.571429	0.343750	0.476923	0.160000	0.559322	0.321429	0.574074	0.428571	
0.515152	0.181818	0.376812	0.384615	0.313725	0.409091	0.227273	0.287879	0.403509	0.455882	0.338235	0.150000	0.365079	0.405405	0.529412	0.568627	0.580000	0.464286	0.352941	0.000000	0.469697	0.507463	0.411765	0.468750	0.372549	0.447761	0.378788	0.405797	0.385714	0.441176	0.382353	0.384615	0.450980	0.388060	0.609375	0.418605	0.365385	0.318182	0.343284	0.433962	0.545455	0.576923	0.323529	0.470588	0.520833	0.463768	0.455882	0.545455	0.685714	0.518519	0.565217	0.537313	0.590909	0.455882	0.544118	0.565217	0.327273	0.562500	0.527778	0.420000	0.431373	0.415385	0.520000	0.510204	0.410256	0.490196	0.600000	0.428571	0.623188	0.392857	0.608696	0.608696	0.636364	0.614286	0.558824	0.606557	0.571429	0.418182	0.524590	0.509804	0.559322	0.671875	0.597015	0.457143	0.417910	0.730769	0.514286	0.468750	0.603175	0.280000	0.603448	0.481481	0.566038	0.622951	
0.323077	0.210526	0.417910	0.400000	0.428571	0.375000	0.263158	0.415385	0.509091	0.447761	0.432836	0.058824	0.467742	0.333333	0.471698	0.377358	0.519231	0.482759	0.432836	0.469697	0.000000	0.469697	0.373134	0.333333	0.420000	0.303030	0.400000	0.382353	0.420290	0.426471	0.388060	0.406250	0.433962	0.373134	0.596774	0.425000	0.400000	0.425000	0.507463	0.500000	0.478261	0.673469	0.477612	0.433962	0.560000	0.426471	0.411765	0.590909	0.636364	0.472727	0.425532	0.446154	0.538462	0.417910	0.484848	0.485294	0.490196	0.400000	0.454545	0.529412	0.519231	0.406250	0.372549	0.440000	0.444444	0.509434	0.428571	0.490196	0.611940	0.576923	0.514706	0.470588	0.500000	0.521739	0.522388	0.666667	0.557377	0.433962	0.516667	0.596154	0.440678	0.531250	0.537313	0.455882	0.378788	0.695652	0.612903	0.393443	0.661538	0.181818	0.385965	0.339623	0.500000	0.466667	
0.477612	0.416667	0.414286	0.455882	0.440000	0.477612	0.333333	0.420290	0.586207	0.492958	0.549296	0.409091	0.538462	0.421053	0.490196	0.666667	0.490196	0.500000	0.463768	0.507463	0.469697	0.000000	0.464789	0.492063	0.423077	0.447761	0.469697	0.436620	0.430556	0.514286	0.485714	0.522388	0.520000	0.426471	0.553846	0.428571	0.370370	0.511628	0.420290	0.527273	0.466667	0.538462	0.394366	0.481481	0.591837	0.422535	0.385714	0.444444	0.432432	0.517857	0.444444	0.462687	0.521739	0.371429	0.478261	0.591549	0.490909	0.489796	0.394737	0.530612	0.440000	0.462687	0.489796	0.408163	0.500000	0.461538	0.363636	0.529412	0.528571	0.500000	0.463768	0.500000	0.393939	0.577465	0.557143	0.515625	0.406250	0.526316	0.475410	0.500000	0.548387	0.439394	0.565217	0.471429	0.338028	0.571429	0.638889	0.353846	0.430769	0.407407	0.400000	0.421053	0.581818	0.593750	
0.352941	0.166667	0.422535	0.382353	0.442308	0.323529	0.291667	0.328571	0.508475	0.464789	0.380282	0.090909	0.439394	0.358974	0.442308	0.461538	0.519231	0.456140	0.357143	0.411765	0.373134	0.464789	0.000000	0.328125	0.388889	0.347826	0.432836	0.402778	0.397260	0.366197	0.394366	0.441176	0.568627	0.411765	0.575758	0.318182	0.345455	0.244444	0.422535	0.403509	0.444444	0.679245	0.513889	0.462963	0.500000	0.444444	0.478873	0.444444	0.657895	0.473684	0.456522	0.500000	0.542857	0.478873	0.514286	0.611111	0.375000	0.560000	0.342105	0.480000	0.509804	0.417910	0.620000	0.420000	0.350000	0.490566	0.545455	0.384615	0.605634	0.580645	0.557143	0.563380	0.522388	0.555556	0.614286	0.553846	0.600000	0.508772	0.442623	0.549020	0.650794	0.582090	0.642857	0.507042	0.328571	0.678571	0.594595	0.393939	0.454545	0.185185	0.573770	0.344828	0.517857	0.600000	
0.354839	0.157895	0.421875	0.442623	0.340426	0.387097	0.315789	0.412698	0.490909	0.406250	0.359375	0.117647	0.459016	0.411765	0.440000	0.420000	0.510204	0.500000	0.421875	0.468750	0.333333	0.492063	0.328125	0.000000	0.458333	0.406250	0.312500	0.384615	0.424242	0.359375	0.468750	0.516129	0.428571	0.349206	0.542373	0.300000	0.408163	0.390244	0.492063	0.440000	0.477273	0.630435	0.500000	0.480000	0.479167	0.353846	0.437500	0.571429	0.645161	0.442308	0.522727	0.419355	0.532258	0.468750	0.507937	0.569231	0.470588	0.340426	0.363636	0.500000	0.571429	0.442623	0.562500	0.510638	0.333333	0.460000	0.625000	0.367347	0.569231	0.560000	0.546875	0.476923	0.435484	0.545455	0.593750	0.655172	0.620690	0.500000	0.389831	0.530612	0.578947	0.633333	0.634921	0.492308	0.428571	0.608696	0.656250	0.400000	0.593220	0.227273	0.500000	0.288462	0.627451	0.534483	
0.460000	0.434783	0.377358	0.392157	0.441860	0.480000	0.521739	0.403846	0.420000	0.461538	0.566038	0.476190	0.420000	0.484848	0.514286	0.628571	0.558824	0.450000	0.519231	0.372549	0.420000	0.423077	0.388889	0.458333	0.000000	0.431373	0.360000	0.537037	0.400000	0.454545	0.490909	0.500000	0.371429	0.450980	0.450980	0.410256	0.444444	0.447368	0.481481	0.581395	0.424242	0.525000	0.471698	0.526316	0.636364	0.351852	0.490909	0.562500	0.360000	0.500000	0.419355	0.452830	0.547170	0.462963	0.423077	0.537037	0.522727	0.558824	0.555556	0.514286	0.441176	0.620000	0.606061	0.437500	0.424242	0.555556	0.300000	0.540541	0.490566	0.500000	0.462963	0.566038	0.450980	0.481481	0.442308	0.553191	0.479167	0.441860	0.545455	0.647059	0.468085	0.615385	0.433962	0.547170	0.326923	0.555556	0.514286	0.469388	0.530612	0.400000	0.428571	0.431373	0.530612	0.666667	
0.348485	0.181818	0.411765	0.353846	0.420000	0.400000	0.181818	0.363636	0.491228	0.382353	0.352941	0.150000	0.507937	0.277778	0.333333	0.509804	0.520000	0.578947	0.382353	0.447761	0.303030	0.447761	0.347826	0.406250	0.431373	0.000000	0.388060	0.420290	0.428571	0.426471	0.294118	0.476923	0.600000	0.432836	0.603175	0.309524	0.346154	0.418605	0.367647	0.481481	0.454545	0.653846	0.382353	0.392157	0.520833	0.434783	0.397059	0.547619	0.583333	0.518519	0.466667	0.363636	0.666667	0.441176	0.447761	0.608696	0.396226	0.562500	0.472222	0.469388	0.540000	0.492308	0.387755	0.500000	0.487179	0.392157	0.600000	0.510204	0.632353	0.517241	0.617647	0.463768	0.545455	0.542857	0.573529	0.524590	0.532258	0.444444	0.516667	0.540000	0.508197	0.562500	0.537313	0.376812	0.238806	0.730769	0.588235	0.306452	0.555556	0.160000	0.438596	0.381818	0.537037	0.442623	
0.415385	0.047619	0.298507	0.375000	0.326531	0.359375	0.142857	0.384615	0.446429	0.507463	0.358209	0.105263	0.460317	0.529412	0.411765	0.568627	0.580000	0.517857	0.338235	0.378788	0.400000	0.469697	0.432836	0.312500	0.360000	0.388060	0.000000	0.397059	0.521739	0.283582	0.447761	0.453125	0.340000	0.348485	0.596774	0.225000	0.372549	0.414634	0.515152	0.538462	0.488889	0.520000	0.343284	0.372549	0.387755	0.485294	0.313433	0.627907	0.617647	0.314815	0.533333	0.415385	0.523077	0.432836	0.469697	0.691176	0.352941	0.458333	0.500000	0.489796	0.400000	0.421875	0.448980	0.500000	0.368421	0.411765	0.666667	0.340000	0.492537	0.518519	0.537313	0.485294	0.515625	0.536232	0.507463	0.533333	0.606557	0.555556	0.383333	0.500000	0.568966	0.746032	0.560606	0.455882	0.363636	0.560000	0.625000	0.370968	0.596774	0.086957	0.535714	0.333333	0.519231	0.557377	
0.397059	0.291667	0.361111	0.362319	0.411765	0.382353	0.208333	0.385714	0.491803	0.464789	0.361111	0.181818	0.402985	0.435897	0.584906	0.377358	0.403846	0.448276	0.464789	0.405797	0.382353	0.436620	0.402778	0.384615	0.537037	0.420290	0.397059	0.000000	0.594595	0.555556	0.375000	0.463768	0.538462	0.362319	0.558824	0.386364	0.196429	0.400000	0.478873	0.543860	0.531915	0.528302	0.555556	0.509091	0.420000	0.438356	0.458333	0.695652	0.648649	0.482759	0.446809	0.434783	0.535211	0.416667	0.577465	0.520548	0.446429	0.440000	0.473684	0.568627	0.557692	0.514706	0.529412	0.480000	0.463415	0.555556	0.727273	0.528302	0.666667	0.580645	0.492958	0.652778	0.500000	0.575342	0.676056	0.696970	0.651515	0.500000	0.370968	0.442308	0.571429	0.558824	0.647887	0.472222	0.492958	0.607143	0.675676	0.393939	0.641791	0.222222	0.557377	0.413793	0.571429	0.646154	
0.362319	0.125000	0.424658	0.385714	0.423077	0.405797	0.291667	0.408451	0.442623	0.458333	0.506849	0.136364	0.397059	0.282051	0.425926	0.462963	0.547170	0.389831	0.416667	0.385714	0.420290	0.430556	0.397260	0.424242	0.400000	0.428571	0.521739	0.594595	0.000000	0.342466	0.438356	0.400000	0.528302	0.400000	0.500000	0.409091	0.375000	0.333333	0.375000	0.431034	0.553191	0.685185	0.438356	0.446429	0.607843	0.364865	0.465753	0.404255	0.657895	0.525424	0.479167	0.471429	0.605634	0.424658	0.347222	0.472973	0.350877	0.529412	0.342105	0.423077	0.603774	0.420290	0.576923	0.588235	0.365854	0.418182	0.454545	0.611111	0.589041	0.483871	0.583333	0.547945	0.565217	0.527027	0.486111	0.621212	0.462687	0.372881	0.507937	0.547170	0.546875	0.608696	0.500000	0.438356	0.347222	0.714286	0.594595	0.388060	0.500000	0.259259	0.500000	0.372881	0.684211	0.560606	
0.373134	0.083333	0.380282	0.449275	0.392157	0.328358	0.125000	0.478261	0.457627	0.514286	0.436620	0.136364	0.454545	0.421053	0.461538	0.423077	0.509804	0.438596	0.242857	0.441176	0.426471	0.514286	0.366197	0.359375	0.454545	0.426471	0.283582	0.555556	0.342466	0.000000	0.422535	0.455882	0.480769	0.376812	0.606061	0.204545	0.509091	0.295455	0.436620	0.431034	0.444444	0.622642	0.394366	0.351852	0.489796	0.402778	0.361111	0.543478	0.657895	0.456140	0.478261	0.441176	0.434783	0.464789	0.471429	0.583333	0.303571	0.428571	0.351351	0.540000	0.490196	0.328358	0.580000	0.632653	0.300000	0.547170	0.545455	0.423077	0.450704	0.548387	0.549296	0.507042	0.552239	0.513889	0.571429	0.578125	0.545455	0.551724	0.426230	0.529412	0.666667	0.705882	0.633803	0.436620	0.342857	0.571429	0.583333	0.492308	0.537313	0.185185	0.516667	0.280702	0.578947	0.515625	
0.432836	0.250000	0.352113	0.382353	0.411765	0.343284	0.333333	0.405797	0.508197	0.400000	0.408451	0.181818	0.424242	0.263158	0.519231	0.403846	0.470588	0.473684	0.371429	0.382353	0.388060	0.485714	0.394366	0.468750	0.490909	0.294118	0.447761	0.375000	0.438356	0.422535	0.000000	0.500000	0.627451	0.352941	0.641791	0.295455	0.381818	0.227273	0.314286	0.421053	0.434783	0.574074	0.464789	0.444444	0.428571	0.430556	0.408451	0.531915	0.710526	0.473684	0.500000	0.382353	0.594203	0.450704	0.471429	0.569444	0.446429	0.408163	0.421053	0.560000	0.607843	0.462687	0.440000	0.632653	0.450000	0.490566	0.636364	0.622642	0.647887	0.548387	0.628571	0.563380	0.552239	0.541667	0.557143	0.600000	0.630769	0.421053	0.459016	0.450980	0.612903	0.447761	0.628571	0.380282	0.385714	0.642857	0.540541	0.424242	0.515152	0.222222	0.516667	0.305085	0.589286	0.530303	
0.437500	0.105263	0.411765	0.469697	0.340426	0.406250	0.315789	0.318182	0.464286	0.477612	0.411765	0.058824	0.338462	0.500000	0.351852	0.528302	0.528302	0.421053	0.402985	0.384615	0.406250	0.522388	0.441176	0.516129	0.500000	0.476923	0.453125	0.463768	0.400000	0.455882	0.500000	0.000000	0.471698	0.430769	0.571429	0.307692	0.352941	0.375000	0.298507	0.490909	0.347826	0.591837	0.485294	0.545455	0.509804	0.507246	0.441176	0.523810	0.545455	0.474576	0.500000	0.454545	0.621212	0.434783	0.485294	0.492754	0.365385	0.392157	0.515152	0.500000	0.471698	0.461538	0.442308	0.411765	0.472222	0.490909	0.545455	0.518519	0.544118	0.500000	0.507463	0.470588	0.484375	0.420290	0.552239	0.507937	0.538462	0.444444	0.474576	0.528302	0.457627	0.640625	0.507463	0.441176	0.373134	0.695652	0.531250	0.354839	0.539683	0.090909	0.551724	0.444444	0.519231	0.459016	
0.551020	0.750000	0.480769	0.500000	0.500000	0.500000	0.000000	0.469388	0.500000	0.607843	0.607843	1.000000	0.509804	0.777778	0.500000	0.549020	0.647059	0.557692	0.607843	0.450980	0.433962	0.520000	0.568627	0.428571	0.371429	0.600000	0.340000	0.538462	0.528302	0.480769	0.627451	0.471698	0.000000	0.470588	0.458333	0.480000	0.628571	0.538462	0.509804	0.479167	0.357143	0.617647	0.490196	0.490196	0.469388	0.557692	0.490566	0.552632	0.631579	0.320755	0.382979	0.560000	0.448980	0.500000	0.557692	0.500000	0.444444	0.448980	0.722222	0.420000	0.442308	0.509804	0.529412	0.380000	0.333333	0.538462	-nan	0.400000	0.588235	0.454545	0.500000	0.480769	0.625000	0.471698	0.549020	0.565217	0.480000	0.552632	0.470588	0.519231	0.468085	0.604167	0.588235	0.566038	0.620000	0.500000	0.625000	0.586957	0.500000	0.428571	0.431373	0.513514	0.432432	0.636364	
0.318182	0.136364	0.352941	0.373134	0.400000	0.307692	0.181818	0.343284	0.473684	0.492754	0.376812	0.150000	0.406250	0.529412	0.529412	0.490196	0.500000	0.446429	0.397059	0.388060	0.373134	0.426471	0.411765	0.349206	0.450980	0.432836	0.348485	0.362319	0.400000	0.376812	0.352941	0.430769	0.470588	0.000000	0.650794	0.292683	0.333333	0.414634	0.367647	0.500000	0.477273	0.600000	0.441176	0.403846	0.458333	0.371429	0.434783	0.523810	0.657143	0.462963	0.533333	0.484848	0.606061	0.500000	0.507463	0.579710	0.307692	0.416667	0.500000	0.551020	0.440000	0.484848	0.489796	0.367347	0.447368	0.588235	0.600000	0.408163	0.617647	0.607143	0.637681	0.521739	0.476923	0.614286	0.681159	0.557377	0.629032	0.545455	0.491803	0.440000	0.616667	0.723077	0.558824	0.492754	0.426471	0.730769	0.562500	0.354839	0.546875	0.240000	0.526316	0.425926	0.716981	0.639344	
0.587302	0.782609	0.716418	0.656250	0.489796	0.603175	0.739130	0.609375	0.508475	0.492308	0.626866	0.857143	0.500000	0.567568	0.437500	0.551020	0.510638	0.433962	0.692308	0.609375	0.596774	0.553846	0.575758	0.542373	0.450980	0.603175	0.596774	0.558824	0.500000	0.606061	0.641791	0.571429	0.458333	0.650794	0.000000	0.666667	0.481481	0.619048	0.584615	0.500000	0.555556	0.400000	0.606061	0.440000	0.400000	0.477612	0.575758	0.465116	0.400000	0.596154	0.444444	0.555556	0.439394	0.454545	0.530303	0.432836	0.576923	0.521739	0.486486	0.543478	0.583333	0.516129	0.489362	0.413043	0.657895	0.489796	0.300000	0.612245	0.484848	0.533333	0.353846	0.575758	0.548387	0.388060	0.415385	0.500000	0.327869	0.481481	0.491228	0.416667	0.448276	0.380952	0.430769	0.626866	0.600000	0.333333	0.472222	0.639344	0.475410	0.807692	0.491228	0.563636	0.370370	0.533333	
0.243902	0.173913	0.318182	0.309524	0.358974	0.166667	0.173913	0.302326	0.428571	0.534884	0.325581	0.142857	0.394737	0.371429	0.375000	0.500000	0.541667	0.400000	0.333333	0.418605	0.425000	0.428571	0.318182	0.300000	0.410256	0.309524	0.225000	0.386364	0.409091	0.204545	0.295455	0.307692	0.480000	0.292683	0.666667	0.000000	0.341463	0.292683	0.204545	0.575758	0.320000	0.615385	0.418605	0.480000	0.583333	0.395349	0.418605	0.666667	0.666667	0.428571	0.545455	0.395349	0.590909	0.465116	0.465116	0.681818	0.302326	0.291667	0.382353	0.583333	0.458333	0.487179	0.541667	0.739130	0.371429	0.600000	0.727273	0.480000	0.534884	0.517241	0.613636	0.500000	0.428571	0.522727	0.666667	0.585366	0.657895	0.550000	0.411765	0.583333	0.594595	0.619048	0.697674	0.409091	0.309524	0.500000	0.617647	0.325581	0.473684	0.076923	0.454545	0.219512	0.500000	0.568182	
0.377358	0.166667	0.363636	0.339623	0.292683	0.264151	0.208333	0.388889	0.392157	0.500000	0.290909	0.090909	0.340000	0.314286	0.514286	0.594595	0.428571	0.414634	0.452830	0.365385	0.400000	0.370370	0.345455	0.408163	0.444444	0.346154	0.372549	0.196429	0.375000	0.509091	0.381818	0.352941	0.628571	0.333333	0.481481	0.341463	0.000000	0.390244	0.351852	0.441860	0.485714	0.642857	0.509091	0.459459	0.400000	0.454545	0.370370	0.685714	0.633333	0.650000	0.424242	0.403846	0.703704	0.462963	0.636364	0.517857	0.319149	0.484848	0.432432	0.575758	0.742857	0.500000	0.485714	0.411765	0.486486	0.416667	0.727273	0.540541	0.666667	0.548387	0.547170	0.636364	0.529412	0.563636	0.660377	0.603774	0.600000	0.446809	0.454545	0.514286	0.645833	0.588235	0.611111	0.345455	0.370370	0.642857	0.648649	0.339623	0.591837	0.148148	0.666667	0.312500	0.604167	0.566038	
0.333333	0.272727	0.400000	0.365854	0.378378	0.340909	0.227273	0.279070	0.428571	0.522727	0.363636	0.150000	0.250000	0.388889	0.423077	0.333333	0.538462	0.468750	0.232558	0.318182	0.425000	0.511628	0.244444	0.390244	0.447368	0.418605	0.414634	0.400000	0.333333	0.295455	0.227273	0.375000	0.538462	0.414634	0.619048	0.292683	0.390244	0.000000	0.386364	0.303030	0.307692	0.717949	0.500000	0.518519	0.600000	0.409091	0.488372	0.714286	0.769231	0.400000	0.695652	0.454545	0.613636	0.545455	0.500000	0.600000	0.333333	0.360000	0.470588	0.692308	0.692308	0.375000	0.653846	0.600000	0.432432	0.629630	0.500000	0.500000	0.568182	0.392857	0.636364	0.600000	0.697674	0.533333	0.511628	0.609756	0.615385	0.550000	0.388889	0.538462	0.631579	0.609756	0.767442	0.400000	0.380952	0.760000	0.558824	0.395349	0.552632	0.280000	0.542857	0.268293	0.547619	0.590909	
0.424242	0.125000	0.300000	0.382353	0.274510	0.343284	0.291667	0.338235	0.465517	0.521739	0.371429	0.090909	0.400000	0.342105	0.431373	0.529412	0.520000	0.428571	0.362319	0.343284	0.507463	0.420290	0.422535	0.492063	0.481481	0.367647	0.515152	0.478873	0.375000	0.436620	0.314286	0.298507	0.509804	0.367647	0.584615	0.204545	0.351852	0.386364	0.000000	0.526316	0.422222	0.547170	0.414286	0.490566	0.458333	0.492958	0.492958	0.466667	0.526316	0.464286	0.478261	0.507463	0.632353	0.485714	0.442857	0.577465	0.327273	0.500000	0.324324	0.510204	0.480000	0.484848	0.400000	0.500000	0.435897	0.442308	0.545455	0.529412	0.571429	0.419355	0.557143	0.492958	0.560606	0.521127	0.608696	0.507937	0.609375	0.403509	0.416667	0.480000	0.612903	0.507463	0.619718	0.371429	0.362319	0.642857	0.527778	0.323077	0.469697	0.148148	0.525424	0.473684	0.535714	0.531250	
0.519231	0.384615	0.482143	0.545455	0.384615	0.538462	0.384615	0.611111	0.500000	0.509091	0.473684	0.272727	0.481481	0.538462	0.562500	0.530612	0.404255	0.469388	0.490909	0.433962	0.500000	0.527273	0.403509	0.440000	0.581395	0.481481	0.538462	0.543860	0.431034	0.431034	0.421053	0.490909	0.479167	0.500000	0.500000	0.575758	0.441860	0.303030	0.526316	0.000000	0.375000	0.547619	0.482143	0.420000	0.444444	0.491228	0.379310	0.523810	0.857143	0.549020	0.428571	0.462963	0.611111	0.421053	0.642857	0.561404	0.372093	0.600000	0.500000	0.478261	0.574468	0.471698	0.456522	0.444444	0.555556	0.653061	0.500000	0.408163	0.571429	0.450000	0.660714	0.571429	0.596154	0.614035	0.527273	0.461538	0.490566	0.511111	0.500000	0.531915	0.563636	0.547170	0.678571	0.410714	0.509091	0.823529	0.560000	0.560000	0.527273	0.437500	0.547170	0.488889	0.488889	0.509804	
0.477273	0.428571	0.533333	0.418605	0.437500	0.454545	0.142857	0.465116	0.473684	0.488889	0.555556	0.400000	0.511111	0.600000	0.441860	0.523810	0.642857	0.511628	0.422222	0.545455	0.478261	0.466667	0.444444	0.477273	0.424242	0.454545	0.488889	0.531915	0.553191	0.444444	0.434783	0.347826	0.357143	0.477273	0.555556	0.320000	0.485714	0.307692	0.422222	0.375000	0.000000	0.516129	0.533333	0.642857	0.463415	0.521739	0.434783	0.617647	0.555556	0.431818	0.450000	0.355556	0.555556	0.521739	0.630435	0.565217	0.424242	0.365854	0.600000	0.682927	0.523810	0.545455	0.476190	0.425000	0.636364	0.534884	-nan	0.395349	0.533333	0.307692	0.533333	0.468085	0.452381	0.404255	0.422222	0.395349	0.547619	0.617647	0.533333	0.476190	0.439024	0.476190	0.666667	0.500000	0.511111	0.800000	0.388889	0.512195	0.511111	0.300000	0.463415	0.394737	0.500000	0.511628	
0.620000	0.772727	0.425926	0.588235	0.571429	0.600000	0.772727	0.588235	0.644444	0.538462	0.528302	0.750000	0.638298	0.600000	0.514286	0.500000	0.352941	0.538462	0.538462	0.576923	0.673469	0.538462	0.679245	0.630435	0.525000	0.653846	0.520000	0.528302	0.685185	0.622642	0.574074	0.591837	0.617647	0.600000	0.400000	0.615385	0.642857	0.717949	0.547170	0.547619	0.516129	0.000000	0.519231	0.514286	0.333333	0.566038	0.500000	0.435897	0.382353	0.526316	0.636364	0.431373	0.352941	0.519231	0.415094	0.433962	0.586957	0.424242	0.500000	0.529412	0.371429	0.632653	0.371429	0.515152	0.736842	0.555556	0.454545	0.457143	0.403846	0.500000	0.471698	0.388889	0.333333	0.481481	0.452830	0.395833	0.367347	0.500000	0.441860	0.371429	0.468085	0.392157	0.301887	0.555556	0.660377	0.400000	0.312500	0.568627	0.541667	0.640000	0.488372	0.772727	0.377778	0.340000	
0.411765	0.291667	0.450704	0.411765	0.326923	0.405797	0.250000	0.400000	0.525424	0.450704	0.408451	0.318182	0.530303	0.358974	0.538462	0.538462	0.480769	0.491228	0.422535	0.323529	0.477612	0.394366	0.513889	0.500000	0.471698	0.382353	0.343284	0.555556	0.438356	0.394366	0.464789	0.485294	0.490196	0.441176	0.606061	0.418605	0.509091	0.500000	0.414286	0.482143	0.533333	0.519231	0.000000	0.444444	0.420000	0.472222	0.366197	0.555556	0.500000	0.526316	0.500000	0.470588	0.600000	0.464789	0.485714	0.694444	0.357143	0.560000	0.405405	0.520000	0.372549	0.373134	0.420000	0.580000	0.325000	0.471698	0.363636	0.461538	0.492958	0.387097	0.600000	0.507042	0.522388	0.486111	0.471429	0.400000	0.469697	0.491228	0.557377	0.588235	0.548387	0.567164	0.442857	0.563380	0.371429	0.500000	0.513514	0.500000	0.590909	0.407407	0.590164	0.543860	0.618182	0.446154	
0.540000	0.285714	0.425926	0.500000	0.545455	0.460000	0.285714	0.557692	0.619048	0.518519	0.454545	0.400000	0.444444	0.600000	0.403846	0.615385	0.470588	0.433962	0.547170	0.470588	0.433962	0.481481	0.462963	0.480000	0.526316	0.392157	0.372549	0.509091	0.446429	0.351852	0.444444	0.545455	0.490196	0.403846	0.440000	0.480000	0.459459	0.518519	0.490566	0.420000	0.642857	0.514286	0.444444	0.000000	0.510204	0.490909	0.381818	0.475000	0.700000	0.563636	0.586957	0.500000	0.403846	0.454545	0.444444	0.509091	0.447368	0.489796	0.523810	0.500000	0.568627	0.462963	0.460000	0.510204	0.500000	0.490566	0.000000	0.442308	0.444444	0.692308	0.584906	0.500000	0.540000	0.436364	0.444444	0.469388	0.423077	0.575000	0.528302	0.607843	0.568627	0.560000	0.547170	0.481481	0.407407	0.454545	0.578947	0.479167	0.611111	0.444444	0.471698	0.575000	0.473684	0.510638	
0.612245	0.000000	0.510204	0.416667	0.484848	0.510638	0.666667	0.612245	0.526316	0.460000	0.306122	0.000000	0.600000	0.444444	0.529412	0.440000	0.588235	0.560000	0.530612	0.520833	0.560000	0.591837	0.500000	0.479167	0.636364	0.520833	0.387755	0.420000	0.607843	0.489796	0.428571	0.509804	0.469388	0.458333	0.400000	0.583333	0.400000	0.600000	0.458333	0.444444	0.463415	0.333333	0.420000	0.510204	0.000000	0.680000	0.460000	0.421053	0.588235	0.392157	0.434783	0.458333	0.520833	0.520000	0.469388	0.600000	0.411765	0.448980	0.333333	0.428571	0.640000	0.489796	0.489796	0.469388	0.523810	0.431373	-nan	0.420000	0.489796	0.600000	0.571429	0.460000	0.531915	0.490196	0.440000	0.413043	0.500000	0.486486	0.346939	0.420000	0.413043	0.404255	0.510204	0.400000	0.632653	0.571429	0.375000	0.608696	0.480000	0.333333	0.500000	0.583333	0.441176	0.545455	
0.411765	0.333333	0.416667	0.449275	0.372549	0.411765	0.291667	0.380282	0.475410	0.366197	0.458333	0.318182	0.411765	0.500000	0.547170	0.452830	0.442308	0.500000	0.436620	0.463768	0.426471	0.422535	0.444444	0.353846	0.351852	0.434783	0.485294	0.438356	0.364865	0.402778	0.430556	0.507246	0.557692	0.371429	0.477612	0.395349	0.454545	0.409091	0.492958	0.491228	0.521739	0.566038	0.472222	0.490909	0.680000	0.000000	0.541667	0.456522	0.552632	0.534483	0.638298	0.449275	0.485714	0.430556	0.507042	0.479452	0.428571	0.480000	0.526316	0.549020	0.442308	0.470588	0.588235	0.509804	0.414634	0.537037	0.727273	0.660377	0.458333	0.548387	0.492958	0.680556	0.514706	0.547945	0.577465	0.630769	0.545455	0.491525	0.467742	0.461538	0.603175	0.632353	0.450704	0.583333	0.366197	0.571429	0.583333	0.454545	0.611940	0.370370	0.524590	0.327586	0.678571	0.507692	
0.417910	0.173913	0.408451	0.405797	0.392157	0.358209	0.434783	0.463768	0.525424	0.514286	0.408451	0.238095	0.462687	0.378378	0.396226	0.433962	0.480769	0.448276	0.371429	0.455882	0.411765	0.385714	0.478873	0.437500	0.490909	0.397059	0.313433	0.458333	0.465753	0.361111	0.408451	0.441176	0.490566	0.434783	0.575758	0.418605	0.370370	0.488372	0.492958	0.379310	0.434783	0.500000	0.366197	0.381818	0.460000	0.541667	0.000000	0.543478	0.513514	0.603448	0.489362	0.382353	0.565217	0.323944	0.442857	0.583333	0.381818	0.380000	0.416667	0.549020	0.500000	0.514706	0.333333	0.460000	0.487179	0.481481	0.400000	0.320755	0.549296	0.600000	0.619718	0.507042	0.402985	0.458333	0.557143	0.500000	0.446154	0.438596	0.451613	0.500000	0.523810	0.529412	0.549296	0.408451	0.385714	0.666667	0.542857	0.476923	0.447761	0.192308	0.616667	0.385965	0.535714	0.468750	
