0.541450	0.088579	0.139686	0.050460	-0.010946	0.034529	0.138518	0.047963	-0.031823	0.000542	0.015794	0.146068	0.030113	-0.021936	0.010324	0.053664	0.121459	-0.007381	-0.027017	0.030323	-0.045238	0.062468	0.029673	0.078752	-0.017727	-0.018585	0.025410	0.074019	-0.131449	0.103098	0.091307	0.090941	-0.009456	-0.157094	0.026060	0.036069	0.065042	0.094315	0.009156	0.069453	-0.093819	-0.061046	-0.043638	0.078135	-0.000658	0.028027	-0.206094	-0.189468	0.132280	0.004680	-0.198176	-0.106030	-0.047613	-0.033158	-0.166052	0.243482	0.070907	0.046784	-0.066611	-0.103704	0.001033	0.039181	-0.020344	0.050264	-0.043436	-0.047792	-0.050295	-0.063271	-0.046829	-0.003337	-0.170796	0.002653	-0.114220	-0.079689	0.009230	0.042834	-0.078230	-0.133897	-0.032139	0.016130	0.050237	-0.087737	-0.059715	-0.074977	-0.039309	0.041651	-0.043054	-0.017236	-0.106626	-0.036034	
0.088579	0.470632	0.312287	0.192155	0.369975	0.184056	0.253087	0.094693	0.052037	0.066615	0.075099	0.189796	0.059026	0.171175	-0.041653	0.045688	-0.150668	0.141441	0.090173	0.387697	0.202393	0.092665	0.150635	0.107959	0.316346	0.056819	0.145882	0.199579	0.460046	0.276142	0.077855	0.117533	0.154893	-0.167171	0.143572	0.176382	0.134977	0.082519	-0.074808	-0.060597	-0.591788	-0.053465	-0.230896	-0.030695	0.239660	-0.079270	-0.202088	-0.492257	-0.032498	-0.508286	-0.410463	-0.441849	0.135334	-0.234627	-0.533647	0.172645	-0.244702	0.075637	0.134989	-0.246141	0.142589	0.596454	-0.230415	0.143066	-0.118809	-0.324353	0.000986	0.018967	-0.314207	-0.208495	-0.350472	-0.144895	-0.274067	-0.245664	-0.145574	-0.028915	-0.185504	-0.559490	-0.336140	-0.040322	0.022454	-0.220534	-0.230620	0.058053	-0.318423	0.062710	-0.340820	0.026441	-0.243356	-0.263197	
0.139686	0.312287	0.807952	-0.063014	0.107257	0.026861	0.069285	-0.011455	0.000814	0.019476	0.022618	0.168433	0.103282	0.030498	0.001810	-0.045767	-0.069850	0.048627	-0.049639	0.030872	0.020546	0.043403	0.014257	-0.001375	-0.042223	-0.051805	0.005975	0.134638	-0.028132	0.145878	0.058287	0.068502	-0.003875	-0.081963	-0.054962	0.029096	0.031813	0.052830	-0.064558	0.184159	-0.167223	0.080044	0.003712	-0.013226	0.230091	0.052797	-0.098860	-0.168067	-0.022990	0.041411	-0.152885	-0.146412	0.005939	-0.014665	-0.178105	0.009676	-0.017413	0.012024	-0.003005	0.048352	0.045118	0.120242	-0.054369	0.050224	-0.110386	-0.109798	-0.053890	-0.060158	-0.087591	-0.018275	-0.185606	-0.117627	-0.077766	-0.092960	-0.054828	0.073639	-0.062203	-0.089589	-0.137597	-0.028946	-0.059519	-0.086065	-0.035652	-0.017557	-0.116981	-0.012958	-0.094304	-0.103134	-0.046754	-0.009037	
0.050460	0.192155	-0.063014	0.873069	-0.012792	-0.000855	0.325410	-0.014948	0.026690	0.030751	-0.027738	0.119965	-0.007407	0.116326	0.002902	-0.063340	-0.075400	-0.028207	0.126259	-0.018547	0.025523	0.004635	-0.006582	0.016038	0.075168	0.032357	-0.037388	-0.033287	-0.046626	0.012964	-0.070249	-0.009583	0.093980	-0.053573	0.019660	0.064661	0.094136	0.073187	0.024599	-0.032976	-0.096493	-0.073013	-0.048986	0.076231	0.043053	0.056867	-0.195187	-0.111815	0.039258	-0.098774	-0.112366	-0.102649	-0.069861	-0.086506	-0.051012	0.171754	0.041155	-0.007229	-0.009576	-0.048369	0.078623	-0.164582	0.123687	0.016924	0.058478	-0.087474	0.021028	-0.020591	-0.133991	-0.073303	-0.114190	-0.060393	-0.068784	-0.085129	0.014770	0.026359	0.048168	-0.035109	-0.091970	-0.011085	0.042195	-0.114886	-0.150619	0.048645	-0.024807	0.172251	-0.103555	0.105787	-0.217636	-0.082727	
-0.010946	0.369975	0.107257	-0.012792	0.717864	0.047750	0.191160	0.112539	-0.013292	0.006894	0.016019	0.148186	0.099201	0.077720	0.087512	-0.013677	-0.095641	-0.007950	0.008806	0.137657	0.083267	0.071236	0.043126	0.043377	0.040039	0.001047	0.046226	0.117143	0.115385	0.076094	0.070100	-0.013532	0.098584	0.025134	0.180723	0.180416	0.039699	-0.025778	-0.098660	-0.029396	-0.145526	-0.080376	0.044676	-0.073340	0.079168	-0.058341	-0.081860	-0.186853	0.035053	-0.180467	-0.204394	-0.304624	-0.010728	-0.125808	-0.245754	0.041198	-0.049623	0.021493	0.086307	0.020376	0.030039	0.206544	-0.090281	0.076749	0.070219	-0.049395	0.002182	-0.077223	-0.094461	-0.059126	-0.213440	-0.051108	-0.133966	-0.034029	0.142054	0.036674	-0.111407	-0.340527	-0.098704	-0.006029	-0.068526	-0.169003	-0.129169	0.008363	-0.142180	0.014449	-0.043098	-0.019052	-0.157529	-0.120034	
0.034529	0.184056	0.026861	-0.000855	0.047750	0.564870	0.188839	0.179018	0.083483	0.150965	0.035249	0.166084	0.109393	0.056099	-0.065689	0.038873	-0.030023	0.045132	0.026996	-0.133663	-0.063269	0.045359	0.088282	-0.013215	-0.029645	-0.038249	0.008598	0.003016	0.016798	-0.041622	0.115416	0.009622	0.094201	-0.008221	0.165446	0.021148	0.095257	0.007621	-0.036799	0.052738	-0.200546	0.048408	-0.024646	-0.000866	-0.003881	0.036217	-0.154869	-0.100816	0.026775	-0.065683	-0.191787	-0.034920	-0.072444	-0.078016	-0.165357	0.025912	0.013700	0.119242	0.027292	-0.037221	0.015737	-0.072333	-0.043100	0.076609	-0.027869	-0.092255	-0.099609	0.024006	-0.068658	-0.036039	-0.044644	0.060990	-0.043280	-0.135621	-0.100372	0.026512	-0.062778	-0.057632	0.029143	-0.022084	0.082180	-0.083889	-0.123430	-0.014189	-0.091499	0.144846	-0.091390	-0.052535	-0.152973	-0.049028	
0.138518	0.253087	0.069285	0.325410	0.191160	0.188839	0.539006	0.094262	0.064703	0.079316	0.089964	0.195986	0.170627	0.075735	0.017091	0.044414	-0.020358	0.154294	0.097054	0.179088	0.081605	0.105111	0.160415	0.105113	0.122548	0.298248	0.169731	0.130334	0.157849	0.071177	0.026005	0.101663	0.112875	0.038289	0.161409	0.177344	0.263535	-0.031450	0.031619	-0.029622	-0.519323	-0.046944	-0.051557	-0.232086	0.131071	-0.066176	-0.422352	-0.355126	-0.101303	-0.303180	-0.311555	-0.368694	-0.091141	-0.219589	-0.343202	0.193678	0.170908	0.089978	0.053212	-0.085581	0.073868	-0.013947	0.534628	0.107539	0.447803	-0.161170	-0.138354	-0.012329	-0.250724	-0.208683	-0.183451	-0.120440	-0.294727	-0.227135	-0.153867	0.027403	-0.227727	-0.336515	-0.316556	-0.005843	0.011957	-0.256179	-0.122324	-0.017288	-0.195504	0.002002	-0.301895	-0.025089	-0.292121	-0.219787	
0.047963	0.094693	-0.011455	-0.014948	0.112539	0.179018	0.094262	0.926696	0.088392	0.025907	0.025690	0.076353	0.020277	0.093728	-0.093273	0.215044	0.058373	-0.019559	-0.046930	0.020138	-0.105014	0.004767	0.012439	-0.002541	-0.039848	-0.089262	-0.043674	-0.072980	-0.085182	-0.013376	0.116920	0.065413	0.198177	-0.065138	-0.087945	0.058486	0.013658	-0.028673	-0.010750	0.114585	-0.184020	-0.069109	0.025763	0.045862	-0.092589	0.079537	-0.142825	-0.121968	0.054875	-0.058558	-0.097944	-0.129275	-0.082594	-0.134068	0.106505	-0.040656	0.010287	0.168033	0.022331	0.062040	-0.077717	-0.085669	-0.101706	0.051338	-0.030204	-0.124265	-0.101090	-0.020650	-0.116561	-0.065477	-0.061391	-0.036267	-0.153749	-0.179738	0.041210	0.168517	0.113744	-0.180437	-0.112546	-0.047650	0.031639	-0.057383	-0.093173	-0.013267	-0.078239	0.012839	-0.055840	0.140200	-0.044460	-0.020448	
-0.031823	0.052037	0.000814	0.026690	-0.013292	0.083483	0.064703	0.088392	0.819683	0.096585	0.038325	0.069859	-0.025402	0.057335	-0.091208	0.030579	0.164471	0.000000	-0.121755	0.056990	0.039708	-0.044266	-0.012090	-0.082901	-0.052947	0.010518	-0.037647	-0.024484	0.067737	-0.043483	-0.048336	0.013244	0.150503	0.179841	-0.021641	0.013513	0.039182	-0.063420	-0.015885	-0.045602	-0.105576	0.020566	0.003493	-0.044815	-0.028722	-0.055828	0.036235	0.008231	-0.025183	-0.001439	-0.140692	0.063453	0.011018	-0.014553	-0.052465	-0.040004	-0.027664	-0.058362	0.040524	0.068730	-0.070988	-0.076204	-0.009961	-0.095235	-0.105074	0.027278	0.121817	0.270726	0.004494	0.004774	-0.039613	-0.050085	-0.049623	-0.076345	-0.017143	-0.050337	0.087080	0.012134	-0.112470	-0.040485	-0.134172	-0.196253	-0.128506	0.006707	0.026422	-0.087803	-0.092859	-0.074639	-0.153107	-0.169153	
0.000542	0.066615	0.019476	0.030751	0.006894	0.150965	0.079316	0.025907	0.096585	0.669654	0.038002	0.032655	0.007548	-0.047873	-0.024768	0.085176	0.046155	0.006997	-0.005874	0.020397	-0.071597	0.046928	0.047094	0.002024	-0.117955	0.010219	-0.045897	-0.053055	0.033422	-0.037872	0.031999	0.016322	0.064010	-0.004180	0.050563	-0.028215	-0.071327	-0.039515	-0.014368	0.062567	-0.208450	0.065792	-0.041994	-0.044098	0.013659	0.117361	-0.029562	-0.161505	-0.124437	-0.103239	-0.143836	-0.064577	-0.019137	-0.143536	-0.141666	-0.055739	-0.027635	-0.012071	0.004893	0.017586	-0.036091	0.010951	-0.019507	0.076391	0.027337	-0.082515	0.028703	0.043521	0.035893	0.003382	0.002613	-0.044730	0.022462	-0.005357	-0.009096	-0.003526	0.010316	-0.052452	0.053419	-0.066265	-0.011240	0.015736	-0.181629	0.033898	-0.061663	0.115227	0.039302	-0.054825	-0.069295	-0.022512	
0.015794	0.075099	0.022618	-0.027738	0.016019	0.035249	0.089964	0.025690	0.038325	0.038002	0.905473	0.192934	-0.015654	-0.022784	-0.006426	0.021100	-0.068791	-0.077882	0.030752	0.008744	0.114023	0.073094	0.036593	-0.016256	0.033696	0.077949	0.036389	0.133897	-0.110450	-0.035151	0.123564	-0.011171	-0.040933	-0.011741	-0.031187	0.042654	0.072666	0.012372	0.011383	-0.067564	0.139740	0.014735	-0.070992	-0.027086	0.053899	0.002457	-0.040833	-0.080326	-0.114668	-0.007973	-0.202033	-0.155051	-0.123281	-0.024376	-0.149422	0.066898	-0.027626	0.036503	0.091405	-0.086692	-0.025783	0.037939	0.076058	-0.000003	-0.027419	-0.001978	-0.091422	0.146406	-0.065257	-0.038360	-0.135553	-0.055952	-0.120277	-0.103912	0.067358	0.035602	-0.053590	-0.228007	-0.162070	0.058777	-0.000987	0.046894	-0.110135	0.128534	-0.119002	0.104956	-0.073483	-0.043412	-0.036819	-0.069929	
0.146068	0.189796	0.168433	0.119965	0.148186	0.166084	0.195986	0.076353	0.069859	0.032655	0.192934	0.489809	0.253181	0.010413	-0.007615	0.065309	0.027689	0.370055	0.147799	0.106606	0.205480	0.112362	0.167348	0.054791	0.099052	0.108373	0.328812	0.090536	0.291108	0.073546	0.155827	0.051449	0.153909	-0.109642	0.162995	0.188677	0.116182	0.009582	-0.006231	0.042666	-0.263621	-0.049818	-0.208368	-0.160189	0.117139	-0.061252	-0.196534	-0.220476	-0.055242	0.055252	-0.507566	-0.311594	-0.216411	-0.257737	-0.530291	0.204677	0.044423	0.119933	0.090276	-0.154120	0.071001	0.303830	-0.216251	0.080690	-0.095605	0.279702	-0.026508	0.000803	-0.222089	-0.217097	-0.168610	-0.118428	-0.408457	-0.214842	-0.080327	0.033170	-0.130378	-0.475503	-0.371464	0.028938	0.055974	-0.227499	-0.201213	-0.034861	-0.345341	0.038094	-0.360805	-0.071125	-0.291876	-0.225631	
0.030113	0.059026	0.103282	-0.007407	0.099201	0.109393	0.170627	0.020277	-0.025402	0.007548	-0.015654	0.253181	0.665953	-0.089988	-0.013371	0.052422	0.016917	-0.033090	0.001384	-0.046536	-0.055167	0.001745	0.071151	-0.004932	-0.006167	0.182929	0.051472	0.010485	-0.023025	0.022143	0.022832	0.064829	0.041001	-0.105335	0.042372	0.036163	0.060827	-0.009443	-0.065323	0.021329	-0.000105	0.023278	0.102665	0.033713	0.051754	0.023423	-0.164027	-0.001034	-0.066179	-0.084118	-0.053797	-0.063114	-0.079979	-0.033727	-0.106821	0.102777	0.048670	0.056522	-0.017893	-0.022235	0.018268	0.038325	-0.053508	-0.024067	-0.067608	-0.056735	-0.078285	-0.087366	0.044942	0.000788	-0.041304	-0.022633	-0.110709	-0.135527	-0.045275	-0.014665	-0.024875	-0.137790	-0.091621	-0.041164	0.037079	-0.163325	-0.010538	-0.021898	-0.079571	-0.001429	-0.118458	-0.085419	-0.159079	0.000094	
-0.021936	0.171175	0.030498	0.116326	0.077720	0.056099	0.075735	0.093728	0.057335	-0.047873	-0.022784	0.010413	-0.089988	1.041170	0.010405	-0.090726	-0.027590	0.087157	-0.064210	-0.069411	-0.106062	-0.056016	0.004615	0.122975	-0.021112	-0.099120	-0.050725	-0.006833	0.011932	0.056946	-0.032075	-0.070285	0.030948	-0.032920	0.000757	-0.099506	0.032046	0.076306	-0.113234	-0.042309	-0.298341	-0.101703	-0.175252	0.371851	0.074952	-0.015217	-0.027067	0.286755	0.142049	0.056503	-0.242045	-0.128414	0.110891	0.269579	-0.176044	0.024633	0.006075	-0.038620	0.109001	-0.150247	0.028412	0.003115	-0.102450	0.107439	-0.217136	-0.048312	-0.170023	-0.087276	-0.178010	-0.093831	-0.109757	-0.126091	-0.030716	0.047006	-0.040115	-0.084711	0.021776	0.162383	-0.050755	0.109457	0.033769	0.285018	-0.084770	-0.033700	-0.124877	-0.104585	0.031219	-0.025433	-0.066839	-0.032920	
0.010324	-0.041653	0.001810	0.002902	0.087512	-0.065689	0.017091	-0.093273	-0.091208	-0.024768	-0.006426	-0.007615	-0.013371	0.010405	0.652896	-0.016854	-0.020151	-0.043097	-0.098280	0.029412	-0.096422	-0.001351	-0.043930	0.048295	-0.073604	-0.098252	-0.061892	-0.100184	-0.032990	0.025890	0.065843	0.028736	-0.015485	0.147501	0.076053	0.128673	-0.001612	0.072910	0.044871	-0.032005	-0.048780	-0.042172	0.014574	-0.013647	0.048683	-0.068742	0.040377	0.062962	-0.034610	-0.001461	0.087509	0.014980	0.099662	0.040945	-0.172055	-0.085456	-0.020815	0.009249	0.002457	0.016668	-0.048687	0.006490	0.012560	0.014714	0.046073	-0.116572	-0.092113	-0.037549	0.120257	-0.020148	-0.033983	0.026514	-0.035805	-0.012069	0.065745	-0.068821	-0.072528	-0.115177	-0.066391	0.026665	0.015612	-0.024424	0.188970	0.043664	-0.062404	0.000642	0.112785	-0.059790	0.048024	-0.063150	
0.053664	0.045688	-0.045767	-0.063340	-0.013677	0.038873	0.044414	0.215044	0.030579	0.085176	0.021100	0.065309	0.052422	-0.090726	-0.016854	0.597271	0.085281	0.012140	-0.005783	-0.022179	-0.016821	0.046513	0.071045	0.090012	-0.048924	0.018715	0.074006	-0.043477	-0.033055	0.044387	0.140624	0.030821	0.010599	-0.053949	0.009659	-0.010140	0.167657	0.019640	-0.108110	-0.000841	-0.139970	-0.120416	-0.096046	-0.021896	-0.037256	-0.037302	-0.170867	-0.085481	-0.070823	-0.039803	-0.052635	0.013129	-0.101939	-0.210328	0.068098	-0.072767	-0.085044	0.080140	-0.008671	0.040388	0.015827	-0.005782	-0.045632	0.033959	0.128140	0.070597	-0.077577	0.031273	0.051255	-0.023307	0.015341	-0.000160	-0.050888	-0.078196	-0.000839	-0.070496	0.009296	-0.073020	-0.025074	-0.043096	-0.025764	0.015101	-0.079302	-0.035479	-0.134965	-0.044337	-0.031906	0.001318	0.073693	0.024967	
0.121459	-0.150668	-0.069850	-0.075400	-0.095641	-0.030023	-0.020358	0.058373	0.164471	0.046155	-0.068791	0.027689	0.016917	-0.027590	-0.020151	0.085281	0.810548	-0.161651	-0.191154	-0.085422	-0.047497	-0.084643	-0.062468	-0.028086	-0.055463	-0.093960	-0.180049	-0.082874	-0.131612	-0.072969	-0.138029	-0.077961	-0.000974	-0.158333	-0.028925	-0.154941	-0.018265	0.048674	-0.081574	0.192268	-0.019003	-0.034593	0.053757	-0.005110	0.081210	-0.028366	0.142535	-0.003343	0.010827	-0.015953	-0.024524	-0.002306	0.010182	0.038035	-0.007659	0.043787	-0.005949	-0.085271	-0.066091	0.031795	-0.109413	-0.082099	0.035467	-0.080607	-0.048253	-0.013748	0.084520	0.103251	0.021420	-0.042091	0.013376	0.062088	0.047401	0.017132	-0.044770	-0.023334	0.042536	0.038144	0.066078	0.111086	0.136752	-0.031560	0.081535	0.037037	0.132497	-0.037449	0.081364	0.037660	0.052846	-0.017134	
-0.007381	0.141441	0.048627	-0.028207	-0.007950	0.045132	0.154294	-0.019559	0.000000	0.006997	-0.077882	0.370055	-0.033090	0.087157	-0.043097	0.012140	-0.161651	1.151268	0.194150	0.112199	0.037782	0.116295	0.242341	0.014958	0.170708	0.039112	0.242730	0.006925	0.336120	0.121454	-0.039177	-0.086130	0.206159	0.155314	0.142494	0.332237	0.009729	-0.067693	-0.006311	-0.076895	-0.157495	-0.030966	-0.209021	-0.178535	-0.018142	-0.035029	-0.151253	-0.230518	-0.088424	-0.096978	-0.177776	-0.080462	-0.108438	-0.136179	-0.288861	0.085013	-0.065876	0.122933	0.027107	0.075516	0.041308	0.162160	-0.011340	-0.021556	-0.003457	-0.002296	-0.167012	-0.049501	-0.027843	-0.178211	-0.040629	-0.019289	0.033741	-0.043365	-0.077355	-0.111106	-0.158670	-0.252653	-0.053141	-0.049326	-0.057374	-0.206725	-0.194922	-0.044568	-0.187875	0.089977	-0.188995	0.073288	-0.202994	-0.092164	
-0.027017	0.090173	-0.049639	0.126259	0.008806	0.026996	0.097054	-0.046930	-0.121755	-0.005874	0.030752	0.147799	0.001384	-0.064210	-0.098280	-0.005783	-0.191154	0.194150	1.048323	0.075335	0.186652	0.162268	0.070553	-0.000583	0.269694	0.313445	0.269187	0.024877	0.153558	0.055064	0.194011	0.006904	0.093610	0.069410	0.160549	0.078413	0.253981	-0.046419	0.077641	-0.140610	-0.083445	-0.115439	-0.170587	-0.100669	-0.048558	0.001528	-0.294737	-0.281951	-0.068447	-0.103309	-0.284146	-0.223552	-0.170445	-0.145779	-0.144865	-0.037530	0.014672	-0.021859	0.036255	-0.088367	0.218240	0.102658	0.083950	0.179726	0.086179	-0.149018	-0.110469	-0.010872	-0.044533	-0.113808	-0.134678	-0.051417	0.018188	0.137589	-0.067393	-0.081601	-0.108623	-0.314213	-0.068559	-0.095724	-0.041682	-0.204861	-0.217253	-0.105086	-0.127008	0.114830	-0.180631	0.007608	-0.186764	-0.114280	
0.030323	0.387697	0.030872	-0.018547	0.137657	-0.133663	0.179088	0.020138	0.056990	0.020397	0.008744	0.106606	-0.046536	-0.069411	0.029412	-0.022179	-0.085422	0.112199	0.075335	1.331956	0.200497	-0.000971	-0.066484	-0.044986	0.265211	0.124047	0.248291	0.160033	0.245252	0.128609	0.017432	0.047331	0.020611	0.101886	0.061213	0.161491	-0.035732	-0.124988	0.046451	-0.099354	-0.251765	0.018735	-0.177137	-0.130033	0.040299	-0.080456	-0.047825	-0.202977	-0.145073	-0.210747	-0.223195	-0.103858	-0.039201	-0.196956	-0.157810	0.337247	-0.095907	0.005303	0.037049	-0.005635	0.086318	0.335085	0.002817	0.274535	-0.001513	-0.135178	0.042928	-0.063862	-0.070722	-0.157160	0.018635	-0.183449	-0.124851	0.137984	-0.090477	-0.120848	-0.074543	-0.300129	-0.051320	-0.177298	-0.099689	-0.186672	-0.244587	-0.077795	-0.249176	-0.018580	-0.239256	-0.123300	-0.159205	-0.117480	
-0.045238	0.202393	0.020546	0.025523	0.083267	-0.063269	0.081605	-0.105014	0.039708	-0.071597	0.114023	0.205480	-0.055167	-0.106062	-0.096422	-0.016821	-0.047497	0.037782	0.186652	0.200497	1.169282	0.014562	0.105905	-0.011242	0.321734	0.056831	0.229522	0.074626	0.181110	0.052905	0.052910	0.022314	0.128964	0.080043	0.018128	0.059214	0.048835	-0.165660	-0.063971	-0.109795	-0.035984	-0.071049	-0.183360	-0.151367	0.047215	-0.096063	-0.067699	-0.017353	-0.117407	-0.082504	-0.135908	-0.280700	-0.072839	-0.198080	-0.084019	0.147611	-0.084120	-0.072155	0.080558	-0.012137	0.122635	0.159060	-0.079866	0.198273	-0.025503	0.080148	0.067500	-0.001677	-0.057172	-0.061589	-0.081825	-0.099147	-0.008336	0.099530	-0.110394	-0.071298	-0.158473	-0.261568	-0.097580	-0.108620	-0.096626	-0.147154	-0.122197	-0.095951	-0.211071	-0.138175	-0.132185	0.019357	-0.056981	-0.121789	
0.062468	0.092665	0.043403	0.004635	0.071236	0.045359	0.105111	0.004767	-0.044266	0.046928	0.073094	0.112362	0.001745	-0.056016	-0.001351	0.046513	-0.084643	0.116295	0.162268	-0.000971	0.014562	0.566455	0.046651	0.042885	0.087861	0.140783	0.099568	0.107393	0.198524	0.056335	0.056428	0.113828	-0.004777	-0.027787	0.212584	0.047421	0.053796	0.019838	-0.009037	0.125306	-0.189427	-0.045824	-0.168390	-0.069801	-0.004605	-0.052768	-0.179190	-0.097604	-0.030596	-0.063958	-0.170099	-0.207053	-0.136241	-0.103503	-0.169040	0.006660	-0.028805	0.056100	0.012298	0.016020	0.089165	-0.061964	-0.048944	0.064923	0.048180	0.012859	-0.076856	0.007485	-0.027452	0.042536	-0.076649	-0.007213	-0.083057	-0.024201	-0.083227	0.005545	-0.125291	-0.123569	-0.095445	-0.040760	-0.001028	-0.071651	-0.164765	0.000044	-0.133573	0.087622	-0.176503	-0.031093	-0.127198	-0.028318	
0.029673	0.150635	0.014257	-0.006582	0.043126	0.088282	0.160415	0.012439	-0.012090	0.047094	0.036593	0.167348	0.071151	0.004615	-0.043930	0.071045	-0.062468	0.242341	0.070553	-0.066484	0.105905	0.046651	0.620990	0.062872	0.068573	0.061322	0.139296	0.089072	0.056676	0.059061	0.090194	0.039862	0.145550	-0.099918	0.101852	0.323115	0.117694	0.023118	0.039055	0.028944	-0.240638	-0.013255	-0.050981	-0.112405	0.007686	-0.072045	-0.259997	-0.178534	-0.104535	-0.108274	-0.172632	-0.230423	-0.133908	-0.081124	-0.207880	-0.006356	0.011370	0.140268	0.049018	0.070619	0.127207	-0.002003	0.038358	-0.057804	0.157643	-0.080677	-0.031585	-0.001504	-0.044388	-0.026775	-0.059867	-0.002777	-0.113383	-0.136718	-0.054009	0.005576	-0.085143	-0.273870	-0.146728	0.001827	0.007795	-0.251303	-0.180199	0.060991	-0.175309	0.051493	-0.104535	-0.033394	-0.090618	-0.125897	
0.078752	0.107959	-0.001375	0.016038	0.043377	-0.013215	0.105113	-0.002541	-0.082901	0.002024	-0.016256	0.054791	-0.004932	0.122975	0.048295	0.090012	-0.028086	0.014958	-0.000583	-0.044986	-0.011242	0.042885	0.062872	0.387458	0.067753	-0.026561	0.059538	-0.014838	-0.021401	0.012594	0.008105	0.107164	0.132701	-0.023915	0.003530	0.032683	0.035775	0.117826	-0.045538	-0.092755	-0.143258	-0.085623	-0.081574	0.026071	-0.037301	-0.087176	-0.136642	-0.048470	0.019786	0.011090	-0.214252	-0.073033	-0.038659	-0.041345	-0.129464	0.045655	0.073299	0.078550	0.111944	0.040615	-0.045375	-0.066665	-0.054882	0.108584	-0.042803	0.105527	-0.046356	-0.028898	0.026312	0.062965	-0.011896	0.016450	-0.074809	-0.038446	-0.025149	-0.015729	-0.075302	-0.021340	-0.052706	0.070122	-0.040273	-0.087568	-0.047074	-0.039540	-0.075151	-0.044550	-0.024433	-0.018848	0.012240	0.028354	
-0.017727	0.316346	-0.042223	0.075168	0.040039	-0.029645	0.122548	-0.039848	-0.052947	-0.117955	0.033696	0.099052	-0.006167	-0.021112	-0.073604	-0.048924	-0.055463	0.170708	0.269694	0.265211	0.321734	0.087861	0.068573	0.067753	1.262136	0.199114	0.073750	0.214567	0.156109	0.122469	-0.008469	-0.002120	0.138608	0.079260	0.075528	0.230287	0.153019	-0.027647	-0.106748	-0.057755	-0.245978	0.072372	-0.144947	-0.152100	0.006135	-0.112666	-0.172059	-0.264565	-0.128130	-0.135695	-0.154221	-0.288637	-0.138719	-0.112160	-0.220519	0.183155	-0.092637	0.082916	-0.009977	-0.096914	0.074620	0.279671	0.146363	-0.007171	-0.087040	-0.056636	-0.092940	-0.028304	-0.075202	-0.092270	0.021211	-0.049616	-0.027357	0.047115	-0.147381	-0.075951	-0.145579	-0.291446	-0.140350	-0.063511	-0.045054	-0.277603	-0.231164	-0.115006	-0.158377	-0.026273	-0.120977	-0.048103	-0.231402	-0.189048	
-0.018585	0.056819	-0.051805	0.032357	0.001047	-0.038249	0.298248	-0.089262	0.010518	0.010219	0.077949	0.108373	0.182929	-0.099120	-0.098252	0.018715	-0.093960	0.039112	0.313445	0.124047	0.056831	0.140783	0.061322	-0.026561	0.199114	1.188021	0.163910	0.050972	0.229104	0.012029	0.052730	0.139420	0.134661	0.026558	0.189460	0.101255	0.102668	-0.085700	0.018266	-0.110706	-0.094067	-0.087600	-0.095072	-0.074908	-0.109606	-0.087364	-0.242564	-0.222610	-0.157636	-0.146108	-0.252221	-0.260233	-0.126998	-0.053086	-0.224377	0.038769	0.043251	0.018380	0.032265	-0.054774	0.082742	-0.023658	0.305148	0.098949	0.098512	-0.044445	-0.119919	-0.035017	0.068317	0.153677	-0.109238	-0.043878	-0.149221	0.068723	-0.077737	-0.079411	-0.147016	-0.249853	-0.185417	-0.022817	-0.075616	-0.247137	-0.188562	0.002403	-0.185483	0.061579	-0.229838	-0.042858	-0.194688	-0.137180	
0.025410	0.145882	0.005975	-0.037388	0.046226	0.008598	0.169731	-0.043674	-0.037647	-0.045897	0.036389	0.328812	0.051472	-0.050725	-0.061892	0.074006	-0.180049	0.242730	0.269187	0.248291	0.229522	0.099568	0.139296	0.059538	0.073750	0.163910	0.991817	-0.011123	0.163187	-0.067973	0.126398	0.002626	0.101394	0.080610	0.162593	0.069573	0.166272	-0.045731	0.016880	-0.100414	-0.245158	-0.040533	-0.080805	-0.062303	-0.083412	-0.067499	-0.234226	-0.182153	-0.088448	0.007885	-0.282711	-0.060085	-0.145866	-0.182939	-0.157554	0.120026	-0.046627	0.036109	0.139254	0.064091	0.105139	0.059006	-0.100708	0.089913	-0.015586	0.023749	-0.103077	0.003161	-0.092709	-0.036935	-0.121355	-0.067860	-0.005830	0.021334	-0.096414	-0.073794	-0.101686	-0.244320	-0.092738	-0.072167	-0.066364	-0.235069	-0.212829	-0.038888	-0.230517	0.024909	-0.188023	-0.012101	-0.110110	-0.116885	
0.074019	0.199579	0.134638	-0.033287	0.117143	0.003016	0.130334	-0.072980	-0.024484	-0.053055	0.133897	0.090536	0.010485	-0.006833	-0.100184	-0.043477	-0.082874	0.006925	0.024877	0.160033	0.074626	0.107393	0.089072	-0.014838	0.214567	0.050972	-0.011123	0.649688	0.036133	0.063968	0.020751	-0.013989	-0.073861	-0.056866	0.169456	0.069113	-0.001642	-0.096871	0.007655	0.029015	-0.194324	-0.037971	0.000171	-0.129770	0.199975	-0.073941	-0.055137	-0.178850	-0.029540	-0.085801	-0.116839	-0.175492	-0.046878	-0.073919	-0.218312	0.008668	0.089944	0.012076	0.037117	-0.081802	0.056481	0.319262	0.041459	-0.000675	0.001163	-0.001398	0.014476	-0.036337	-0.096647	-0.014933	-0.089787	-0.059268	0.001051	0.013728	-0.063649	0.098235	-0.161510	-0.170586	-0.094154	-0.094397	0.035128	-0.067719	-0.052458	-0.015042	-0.099503	0.109966	-0.170299	-0.037663	-0.147437	-0.083587	
-0.131449	0.460046	-0.028132	-0.046626	0.115385	0.016798	0.157849	-0.085182	0.067737	0.033422	-0.110450	0.291108	-0.023025	0.011932	-0.032990	-0.033055	-0.131612	0.336120	0.153558	0.245252	0.181110	0.198524	0.056676	-0.021401	0.156109	0.229104	0.163187	0.036133	1.150687	0.171613	-0.002551	0.084435	0.090554	0.243470	0.228887	0.222089	0.089801	-0.118914	-0.008941	0.017223	-0.294712	-0.125010	-0.224660	-0.182528	0.044841	-0.165017	-0.126267	-0.273996	-0.147405	-0.251128	-0.128487	-0.116228	-0.025652	-0.141751	-0.154428	0.085248	-0.024508	-0.030663	0.068013	-0.111746	0.180547	0.126294	-0.032172	0.156763	0.101575	0.004788	-0.067986	-0.032427	-0.043951	-0.109081	0.034681	-0.060786	0.006791	-0.004423	-0.137541	-0.139319	0.032837	-0.277516	-0.152000	-0.008604	-0.127310	-0.233021	-0.221286	-0.060724	-0.246065	-0.002513	-0.282212	-0.018845	-0.243213	-0.195056	
0.103098	0.276142	0.145878	0.012964	0.076094	-0.041622	0.071177	-0.013376	-0.043483	-0.037872	-0.035151	0.073546	0.022143	0.056946	0.025890	0.044387	-0.072969	0.121454	0.055064	0.128609	0.052905	0.056335	0.059061	0.012594	0.122469	0.012029	-0.067973	0.063968	0.171613	0.761693	0.063565	0.090706	-0.010951	0.159884	0.087514	0.085215	0.074298	0.038317	-0.095180	-0.085368	-0.247476	-0.039403	-0.079012	-0.012870	0.047371	-0.064712	-0.211927	-0.182077	-0.043775	-0.211707	-0.085065	-0.153320	-0.014303	-0.103254	-0.101905	0.041310	-0.055899	0.022786	0.032545	0.055130	0.119146	0.186228	0.009041	0.046705	0.082376	-0.060297	-0.069348	-0.060052	-0.018888	-0.109241	-0.066806	-0.072467	-0.065461	-0.067757	0.008711	-0.006611	-0.110942	-0.205964	-0.193634	0.004536	0.007453	-0.055661	-0.112813	-0.051612	-0.126360	0.030141	-0.171533	-0.046433	-0.076341	-0.101778	
0.091307	0.077855	0.058287	-0.070249	0.070100	0.115416	0.026005	0.116920	-0.048336	0.031999	0.123564	0.155827	0.022832	-0.032075	0.065843	0.140624	-0.138029	-0.039177	0.194011	0.017432	0.052910	0.056428	0.090194	0.008105	-0.008469	0.052730	0.126398	0.020751	-0.002551	0.063565	0.791152	0.079476	0.085678	0.006381	0.069406	0.045640	0.030050	-0.033827	-0.054204	-0.016088	-0.189612	-0.023738	-0.140891	-0.003854	-0.091715	-0.112918	-0.253216	-0.148244	-0.011336	-0.130292	-0.139626	-0.189133	-0.151639	-0.103808	-0.123451	-0.020251	-0.065266	0.096705	0.023493	0.004021	0.101368	0.029589	0.209753	0.030737	0.016597	-0.079343	-0.084990	0.034085	-0.027473	-0.030098	-0.086391	0.048641	-0.112812	-0.026246	0.010830	0.024357	-0.092208	-0.247549	-0.134619	-0.041724	0.025877	-0.119189	-0.070807	-0.017668	-0.144133	0.112681	-0.108824	-0.052868	0.036768	-0.064201	
0.090941	0.117533	0.068502	-0.009583	-0.013532	0.009622	0.101663	0.065413	0.013244	0.016322	-0.011171	0.051449	0.064829	-0.070285	0.028736	0.030821	-0.077961	-0.086130	0.006904	0.047331	0.022314	0.113828	0.039862	0.107164	-0.002120	0.139420	0.002626	-0.013989	0.084435	0.090706	0.079476	0.529265	0.034749	-0.061022	-0.075712	0.025791	-0.014873	-0.004830	-0.061804	-0.032358	-0.131860	-0.109733	-0.029965	0.054861	-0.074947	-0.014078	-0.121000	-0.074147	-0.116055	-0.068231	-0.176414	-0.119983	-0.041672	0.084909	-0.087144	0.008841	-0.036812	0.067912	0.054612	0.042698	0.021861	0.008737	-0.005627	0.056340	0.060823	0.074667	-0.028220	0.068133	0.033231	0.057513	0.156741	0.005938	0.008374	-0.126936	0.033326	0.004033	-0.032608	-0.183500	-0.053550	-0.041906	-0.049151	-0.188147	-0.059591	-0.063744	-0.153472	-0.035302	-0.130317	0.018420	-0.043057	-0.162612	
-0.009456	0.154893	-0.003875	0.093980	0.098584	0.094201	0.112875	0.198177	0.150503	0.064010	-0.040933	0.153909	0.041001	0.030948	-0.015485	0.010599	-0.000974	0.206159	0.093610	0.020611	0.128964	-0.004777	0.145550	0.132701	0.138608	0.134661	0.101394	-0.073861	0.090554	-0.010951	0.085678	0.034749	0.872739	-0.004372	0.042323	0.121863	0.270263	-0.008329	-0.031573	-0.035520	-0.276690	-0.080148	-0.077409	-0.106545	-0.087182	-0.131182	-0.271502	-0.180379	-0.062827	-0.060148	-0.244858	-0.148988	-0.106312	-0.059666	-0.186914	0.134387	-0.038234	0.164599	0.092975	0.058112	0.002172	-0.146350	0.055853	-0.019249	-0.000262	-0.033197	-0.084244	0.023372	0.022293	-0.127732	-0.081949	-0.095003	-0.067271	0.038023	0.055272	-0.073348	-0.054367	-0.221855	-0.154057	-0.073258	-0.018442	-0.156817	-0.167659	-0.037266	-0.187140	0.119766	-0.123845	-0.002976	-0.105292	-0.103959	
-0.157094	-0.167171	-0.081963	-0.053573	0.025134	-0.008221	0.038289	-0.065138	0.179841	-0.004180	-0.011741	-0.109642	-0.105335	-0.032920	0.147501	-0.053949	-0.158333	0.155314	0.069410	0.101886	0.080043	-0.027787	-0.099918	-0.023915	0.079260	0.026558	0.080610	-0.056866	0.243470	0.159884	0.006381	-0.061022	-0.004372	1.360618	0.183286	0.080714	-0.131838	-0.174997	-0.087863	-0.173721	-0.037991	-0.117856	-0.140718	-0.125323	0.021971	-0.262079	0.034338	-0.047658	-0.073370	-0.061460	0.020646	0.027298	-0.039847	-0.038107	-0.044449	-0.145525	-0.178308	-0.039417	-0.085327	-0.022401	0.069304	-0.000627	-0.109865	0.057420	0.337588	-0.042307	-0.117676	-0.057734	0.024807	-0.021277	0.040797	-0.009493	0.027102	0.102644	-0.058593	-0.056854	-0.048680	-0.083719	0.070225	0.019581	-0.028546	0.083012	0.085996	-0.147417	-0.106057	-0.050081	-0.092717	-0.158741	0.040771	-0.044644	
0.026060	0.143572	-0.054962	0.019660	0.180723	0.165446	0.161409	-0.087945	-0.021641	0.050563	-0.031187	0.162995	0.042372	0.000757	0.076053	0.009659	-0.028925	0.142494	0.160549	0.061213	0.018128	0.212584	0.101852	0.003530	0.075528	0.189460	0.162593	0.169456	0.228887	0.087514	0.069406	-0.075712	0.042323	0.183286	0.783252	0.137962	0.101154	-0.032404	0.057827	0.109649	0.016451	-0.054201	-0.179640	-0.162366	0.114336	-0.028680	-0.112242	-0.012830	0.029376	-0.047733	-0.355845	-0.244899	0.025494	-0.337624	-0.391974	0.097681	-0.021595	0.084010	-0.050742	0.001541	0.117898	0.055934	-0.083190	0.160435	0.056133	-0.077076	-0.194936	-0.062641	-0.172076	-0.161939	-0.004245	0.035677	-0.115501	-0.128994	-0.131864	-0.066258	-0.245669	-0.072965	-0.080298	-0.028033	0.092936	-0.164843	-0.205270	-0.065235	-0.136964	0.059026	-0.284591	-0.121906	-0.230608	-0.133499	
0.036069	0.176382	0.029096	0.064661	0.180416	0.021148	0.177344	0.058486	0.013513	-0.028215	0.042654	0.188677	0.036163	-0.099506	0.128673	-0.010140	-0.154941	0.332237	0.078413	0.161491	0.059214	0.047421	0.323115	0.032683	0.230287	0.101255	0.069573	0.069113	0.222089	0.085215	0.045640	0.025791	0.121863	0.080714	0.137962	0.554289	0.082072	0.005791	0.041824	0.030341	-0.268347	0.024348	-0.081860	-0.078975	0.092395	-0.096919	-0.285458	-0.255125	-0.032603	-0.085174	-0.123012	-0.269763	-0.067926	-0.133777	-0.285342	0.101841	-0.052576	0.148721	0.063554	-0.003540	-0.018821	0.028075	-0.009088	0.017569	0.152667	-0.089443	-0.093548	0.008909	-0.047662	-0.076910	-0.157190	0.010497	-0.123515	0.006319	-0.074026	-0.071146	-0.127768	-0.287900	-0.177568	0.030547	-0.021217	-0.212148	-0.185163	-0.073304	-0.266205	0.007185	-0.230076	0.012999	-0.243922	-0.185924	
0.065042	0.134977	0.031813	0.094136	0.039699	0.095257	0.263535	0.013658	0.039182	-0.071327	0.072666	0.116182	0.060827	0.032046	-0.001612	0.167657	-0.018265	0.009729	0.253981	-0.035732	0.048835	0.053796	0.117694	0.035775	0.153019	0.102668	0.166272	-0.001642	0.089801	0.074298	0.030050	-0.014873	0.270263	-0.131838	0.101154	0.082072	0.689664	-0.002716	-0.040069	-0.066388	-0.219045	-0.042893	0.021701	-0.085939	-0.091352	-0.068738	-0.300118	-0.293833	-0.060925	0.075171	-0.183587	-0.333116	-0.128613	-0.154918	-0.154050	0.006966	0.104732	0.052221	0.093583	-0.101934	0.174627	-0.020657	0.179323	-0.058150	0.066814	-0.093201	-0.110066	0.054972	-0.017287	-0.129627	-0.029286	-0.022861	-0.099461	-0.043107	-0.059979	-0.102792	-0.081464	-0.226228	-0.157830	0.016541	0.021078	-0.201135	-0.043771	-0.085885	-0.131754	-0.009769	-0.213085	0.095296	-0.126866	-0.126375	
0.094315	0.082519	0.052830	0.073187	-0.025778	0.007621	-0.031450	-0.028673	-0.063420	-0.039515	0.012372	0.009582	-0.009443	0.076306	0.072910	0.019640	0.048674	-0.067693	-0.046419	-0.124988	-0.165660	0.019838	0.023118	0.117826	-0.027647	-0.085700	-0.045731	-0.096871	-0.118914	0.038317	-0.033827	-0.004830	-0.008329	-0.174997	-0.032404	0.005791	-0.002716	1.045959	-0.017647	-0.072050	-0.007587	0.080741	0.150123	0.059568	0.001252	0.082111	0.007004	-0.196471	0.214402	0.031336	-0.021484	0.001501	-0.036307	0.112052	-0.121701	0.008839	0.058263	0.078623	0.072864	-0.072413	-0.138032	-0.063912	-0.094953	-0.141725	-0.124672	-0.093127	-0.034274	-0.140281	-0.077601	0.026720	-0.112366	-0.028512	-0.127023	-0.106273	0.074597	0.003215	-0.049492	0.075641	-0.071057	-0.008097	-0.067667	-0.222093	-0.143249	0.056777	0.141265	0.026704	-0.069448	-0.081747	0.162727	0.085956	
0.009156	-0.074808	-0.064558	0.024599	-0.098660	-0.036799	0.031619	-0.010750	-0.015885	-0.014368	0.011383	-0.006231	-0.065323	-0.113234	0.044871	-0.108110	-0.081574	-0.006311	0.077641	0.046451	-0.063971	-0.009037	0.039055	-0.045538	-0.106748	0.018266	0.016880	0.007655	-0.008941	-0.095180	-0.054204	-0.061804	-0.031573	-0.087863	0.057827	0.041824	-0.040069	-0.017647	0.912216	0.091008	-0.015579	-0.013905	0.191817	-0.019944	-0.080072	0.014727	-0.185417	-0.095738	-0.055643	0.190548	0.084554	-0.045217	-0.043843	-0.024727	0.005492	-0.086471	0.108556	-0.086944	-0.027486	-0.091373	-0.023995	-0.117156	-0.010427	0.139081	-0.049183	-0.077341	-0.108751	-0.105521	-0.069079	-0.113358	-0.016225	0.015395	-0.166786	-0.150583	0.069587	0.118999	0.026874	-0.065356	-0.083589	0.142014	0.128157	0.027659	0.255724	0.259199	-0.108122	0.230894	0.046257	0.083979	-0.053799	-0.047039	
0.069453	-0.060597	0.184159	-0.032976	-0.029396	0.052738	-0.029622	0.114585	-0.045602	0.062567	-0.067564	0.042666	0.021329	-0.042309	-0.032005	-0.000841	0.192268	-0.076895	-0.140610	-0.099354	-0.109795	0.125306	0.028944	-0.092755	-0.057755	-0.110706	-0.100414	0.029015	0.017223	-0.085368	-0.016088	-0.032358	-0.035520	-0.173721	0.109649	0.030341	-0.066388	-0.072050	0.091008	0.910615	-0.165954	0.131505	0.000001	-0.049563	0.010928	0.164429	-0.038700	-0.098364	0.046593	-0.120469	0.000889	-0.153485	-0.027794	-0.087817	0.102856	0.027720	0.073332	0.015911	-0.073985	0.052700	-0.107408	-0.201025	-0.115146	-0.032129	-0.100086	-0.075204	-0.166125	-0.186880	-0.163304	-0.121370	-0.095971	0.033810	-0.208379	-0.205494	0.020391	0.136591	0.089960	0.135577	-0.085182	0.127263	0.165538	0.377431	0.252740	0.018205	0.019857	0.253553	-0.092058	0.021829	0.057776	0.083665	
-0.093819	-0.591788	-0.167223	-0.096493	-0.145526	-0.200546	-0.519323	-0.184020	-0.105576	-0.208450	0.139740	-0.263621	-0.000105	-0.298341	-0.048780	-0.139970	-0.019003	-0.157495	-0.083445	-0.251765	-0.035984	-0.189427	-0.240638	-0.143258	-0.245978	-0.094067	-0.245158	-0.194324	-0.294712	-0.247476	-0.189612	-0.131860	-0.276690	-0.037991	0.016451	-0.268347	-0.219045	-0.007587	-0.015579	-0.165954	2.193175	-0.111898	0.170809	0.002666	-0.024675	0.381526	0.672703	1.099321	0.067525	0.246127	0.697676	0.122220	0.137036	0.537577	0.510898	-0.001944	0.069539	-0.181096	-0.148899	-0.075637	-0.261650	-0.114563	-0.059291	-0.196750	-0.178127	0.101981	0.007319	-0.347788	-0.113356	-0.050291	0.157408	0.086846	0.064405	-0.105033	0.058703	-0.213362	-0.014107	0.125779	0.126649	-0.018098	-0.040950	-0.137381	0.037017	-0.042422	0.417071	-0.355695	-0.138654	-0.139568	0.048373	0.022254	
-0.061046	-0.053465	0.080044	-0.073013	-0.080376	0.048408	-0.046944	-0.069109	0.020566	0.065792	0.014735	-0.049818	0.023278	-0.101703	-0.042172	-0.120416	-0.034593	-0.030966	-0.115439	0.018735	-0.071049	-0.045824	-0.013255	-0.085623	0.072372	-0.087600	-0.040533	-0.037971	-0.125010	-0.039403	-0.023738	-0.109733	-0.080148	-0.117856	-0.054201	0.024348	-0.042893	0.080741	-0.013905	0.131505	-0.111898	1.107241	0.145529	-0.112860	-0.086827	0.128920	0.194948	-0.035322	0.057970	0.055180	0.133285	0.022659	0.005552	0.082160	0.217991	0.139309	-0.002203	-0.034026	-0.087667	-0.076098	-0.047470	-0.052490	-0.120017	-0.081277	-0.131287	-0.027462	-0.109271	-0.032843	-0.068735	0.026703	-0.122084	-0.010765	0.014192	-0.048591	-0.082981	0.033528	-0.096009	0.181788	0.037554	-0.045738	0.006281	-0.176897	-0.111632	0.053237	0.124218	-0.079098	-0.064602	-0.004812	0.002568	-0.020651	
-0.043638	-0.230896	0.003712	-0.048986	0.044676	-0.024646	-0.051557	0.025763	0.003493	-0.041994	-0.070992	-0.208368	0.102665	-0.175252	0.014574	-0.096046	0.053757	-0.209021	-0.170587	-0.177137	-0.183360	-0.168390	-0.050981	-0.081574	-0.144947	-0.095072	-0.080805	0.000171	-0.224660	-0.079012	-0.140891	-0.029965	-0.077409	-0.140718	-0.179640	-0.081860	0.021701	0.150123	0.191817	0.000001	0.170809	0.145529	1.166262	0.043482	0.014293	0.083836	0.061435	0.043683	0.172210	0.192390	0.391516	0.252714	0.024866	0.230759	0.250795	-0.225967	0.136485	-0.107578	-0.021353	-0.052810	-0.151477	-0.185157	-0.077805	-0.220703	-0.156565	-0.070740	-0.046060	-0.072370	-0.056561	0.007268	0.041038	-0.037714	-0.131931	-0.119686	0.006906	0.132261	0.077488	-0.004639	0.039547	-0.079277	0.005868	-0.284511	-0.039782	0.073159	0.199819	-0.171033	0.042412	0.007216	-0.131250	-0.079572	
0.078135	-0.030695	-0.013226	0.076231	-0.073340	-0.000866	-0.232086	0.045862	-0.044815	-0.044098	-0.027086	-0.160189	0.033713	0.371851	-0.013647	-0.021896	-0.005110	-0.178535	-0.100669	-0.130033	-0.151367	-0.069801	-0.112405	0.026071	-0.152100	-0.074908	-0.062303	-0.129770	-0.182528	-0.012870	-0.003854	0.054861	-0.106545	-0.125323	-0.162366	-0.078975	-0.085939	0.059568	-0.019944	-0.049563	0.002666	-0.112860	0.043482	0.986942	-0.028411	0.070728	-0.077377	0.155706	-0.012219	0.034907	-0.074239	0.080775	0.455902	0.215120	0.031461	-0.163504	0.002789	0.007784	-0.068137	-0.125238	-0.007632	-0.060204	-0.158550	0.039031	-0.109380	-0.095629	0.017995	-0.109986	-0.055284	0.074155	-0.109724	-0.006709	-0.080862	-0.007023	-0.004896	-0.006911	0.062510	0.197809	0.147855	-0.020817	0.035994	0.310093	0.017854	-0.034293	0.068879	-0.115212	0.302484	-0.013079	0.088752	-0.104847	
-0.000658	0.239660	0.230091	0.043053	0.079168	-0.003881	0.131071	-0.092589	-0.028722	0.013659	0.053899	0.117139	0.051754	0.074952	0.048683	-0.037256	0.081210	-0.018142	-0.048558	0.040299	0.047215	-0.004605	0.007686	-0.037301	0.006135	-0.109606	-0.083412	0.199975	0.044841	0.047371	-0.091715	-0.074947	-0.087182	0.021971	0.114336	0.092395	-0.091352	0.001252	-0.080072	0.010928	-0.024675	-0.086827	0.014293	-0.028411	1.029144	0.030861	0.239312	-0.023886	-0.042355	0.075930	-0.127727	-0.069232	0.082567	-0.118638	-0.100630	-0.001549	-0.041482	0.011916	0.020390	-0.097336	0.085734	0.195738	-0.060618	0.058763	-0.119084	0.004968	0.041400	-0.051861	-0.111001	-0.166115	-0.075019	-0.081232	-0.005866	-0.047349	-0.106802	-0.018645	-0.124087	-0.100400	-0.012277	-0.024481	-0.036427	-0.184466	-0.086736	-0.029982	-0.070482	-0.059441	-0.066766	-0.183697	-0.135895	-0.049491	
0.028027	-0.079270	0.052797	0.056867	-0.058341	0.036217	-0.066176	0.079537	-0.055828	0.117361	0.002457	-0.061252	0.023423	-0.015217	-0.068742	-0.037302	-0.028366	-0.035029	0.001528	-0.080456	-0.096063	-0.052768	-0.072045	-0.087176	-0.112666	-0.087364	-0.067499	-0.073941	-0.165017	-0.064712	-0.112918	-0.014078	-0.131182	-0.262079	-0.028680	-0.096919	-0.068738	0.082111	0.014727	0.164429	0.381526	0.128920	0.083836	0.070728	0.030861	1.207745	0.431589	-0.041050	0.135919	0.076953	0.125326	0.109700	-0.016418	0.086181	0.239110	0.037495	0.034810	-0.074036	-0.054099	-0.133997	-0.106045	-0.053821	-0.117045	0.073566	-0.152382	-0.154751	-0.082159	-0.117013	-0.150306	-0.106822	-0.160128	-0.067655	-0.131560	-0.107358	-0.063550	-0.017424	-0.004791	-0.029047	0.025945	-0.041260	-0.003964	-0.016420	-0.138150	0.051293	0.055962	0.035364	0.017813	-0.024421	-0.107809	-0.007624	
