0.9513780 0.0122111 0.0058829 0.0474244 0.0049535 0.0128618 0.0101845 -0.0035196 -0.0045591 0.0140117 -0.0000110 0.0047145 -0.0090243 0.0040057 0.0126186 -0.0143207 0.0038652 -0.0070655 0.0043692 -0.0119617 -0.0188286 -0.0077510 0.0125246 -0.0039681 -0.0311534 -0.0037444 -0.0065685 -0.0102261 -0.0125413 -0.0079255 -0.0139693 0.0244350 -0.0075933 -0.0254331 -0.0030472 0.0127864 -0.0017569 0.0043486 0.0116382 0.0061343 -0.0340274 -0.0115907 -0.0111892 -0.0368543 0.0173694 -0.0168745 -0.0278460 -0.0237565 -0.0211879 -0.0026128 -0.0193238 -0.0196948 -0.0240284 0.0007287 -0.0100185 0.0178618 -0.0195260 0.0014950 -0.0164318 -0.0211391 0.0113647 0.0071648 -0.0149213 -0.0084372 -0.0186834 -0.0104577 -0.0156741 -0.0095148 -0.0074454 -0.0127373 -0.0224459 -0.0352701 -0.0257888 -0.0277620 -0.0057828 -0.0089312 -0.0035373 -0.0150599 -0.0311492 0.0038967 0.0038804 -0.0117088 -0.0079606 -0.0048421 -0.0021036 0.0079979 -0.0221657 -0.0203892 0.0103608 0.0211204
0.0122111 0.9754443 0.0139411 0.0085658 0.0387364 0.0165225 0.0303568 0.0098782 0.0029538 -0.0133303 0.0139107 0.0389231 -0.0070327 -0.0040924 0.0150582 0.0016353 -0.0437218 0.0628309 0.0442718 0.0607126 0.0622091 0.0353894 0.0496907 0.0074471 0.0608413 0.0515786 0.0494237 0.0177966 0.0756563 0.0446019 0.0350291 0.0239846 0.0400266 0.0121401 0.0397654 0.0479716 0.0356662 -0.0259188 0.0033482 -0.0239322 -0.0682678 -0.0209129 -0.0473707 -0.0659160 -0.0259798 -0.0248656 -0.0475834 -0.0716409 -0.0357898 -0.0342022 -0.0493124 -0.0666386 -0.0318841 -0.0296866 -0.0558349 0.0427013 -0.0002567 -0.0082011 0.0188744 0.0158482 0.0413770 0.0532754 0.0423712 0.0052450 0.0317761 -0.0111099 -0.0144951 0.0027813 -0.0183008 -0.0236611 -0.0217455 -0.0057770 -0.0003885 -0.0058732 -0.0072222 -0.0486861 -0.0410437 -0.0884999 -0.0688185 -0.0158802 -0.0206218 -0.0424394 -0.0432739 -0.0231258 -0.0672987 0.0185281 -0.0603723 -0.0266334 -0.0360236 -0.0391051
0.0058829 0.0139411 1.0111858 0.0093804 -0.0042132 0.0252499 0.0040168 -0.0133114 -0.0108466 -0.0130133 -0.0031097 0.0030783 0.0265199 0.0088332 0.0119508 -0.0349706 -0.0276926 0.0164110 0.0034707 -0.0203153 0.0095059 -0.0086780 -0.0097924 -0.0005441 -0.0397955 -0.0104925 -0.0044710 -0.0060640 -0.0125842 -0.0083444 0.0231337 0.0096413 -0.0444443 -0.0023277 0.0047371 0.0000128 0.0060410 0.0122185 0.0228671 0.0008625 -0.0437156 0.0014405 -0.0567490 -0.0125609 -0.0109666 -0.0190005 -0.0278800 -0.0277586 -0.0329945 -0.0420180 -0.0230191 -0.0183322 -0.0112074 -0.0020435 -0.0270525 -0.0025918 -0.0481116 -0.0093694 0.0089576 -0.0369308 -0.0026044 0.0118405 -0.0245916 0.0079490 -0.0059596 -0.0388675 -0.0384062 0.0008282 -0.0391574 -0.0300623 -0.0479213 -0.0412641 -0.0444009 -0.0332852 0.0056958 -0.0369090 -0.0305128 0.0029391 0.0256930 -0.0042360 -0.0185598 -0.0087438 -0.0246475 -0.0230340 -0.0354281 0.0167755 -0.0156814 -0.0163095 -0.0045296 -0.0166877
0.0474244 0.0085658 0.0093804 1.0570754 -0.0148819 -0.0123348 0.0071009 -0.0200925 0.0060969 -0.0222908 -0.0041444 -0.0028041 -0.0217434 0.0036381 0.0271757 -0.0056425 -0.0115246 -0.0145928 0.0125790 -0.0282925 -0.0393174 -0.0131848 0.0019205 -0.0017723 -0.0054178 -0.0121999 -0.0304768 -0.0174324 -0.0270627 -0.0083296 -0.0327677 -0.0088666 -0.0268775 -0.0158092 -0.0027098 -0.0213317 0.0058869 -0.0267893 0.0143038 0.0061890 -0.0206154 0.0225869 -0.0043473 -0.0007174 -0.0109413 -0.0106511 -0.0166108 -0.0183068 -0.0320544 0.0034709 -0.0171491 -0.0150961 -0.0039581 -0.0358249 -0.0040142 0.0274349 0.0092956 -0.0103914 0.0078823 -0.0175837 -0.0152363 -0.0298112 -0.0171710 -0.0092406 -0.0049824 -0.0055253 -0.0156682 0.0006282 -0.0246875 0.0029370 -0.0216802 -0.0163985 -0.0198031 -0.0302964 -0.0260614 -0.0021406 -0.0258213 -0.0209509 -0.0373712 -0.0118986 -0.0256673 -0.0075455 -0.0069715 0.0058558 -0.0097267 0.0026643 0.0314375 -0.0062377 -0.0146257 0.0089531
0.0049535 0.0387364 -0.0042132 -0.0148819 0.9660923 0.0145290 0.0259773 0.0204637 0.0020802 -0.0209579 0.0157510 0.0252181 -0.0104836 -0.0031211 0.0143964 0.0187942 -0.0145093 0.0421591 0.0087942 0.0496429 0.0301370 0.0165760 0.0235039 0.0061586 0.0375663 0.0180207 0.0250416 0.0099751 0.0563224 0.0320941 0.0171918 -0.0060931 0.0218723 -0.0044240 0.0305516 0.0376686 0.0315725 -0.0119953 -0.0059452 -0.0221740 -0.0564122 -0.0061561 -0.0367827 -0.0548497 -0.0089212 -0.0085205 -0.0268720 -0.0614866 -0.0259410 -0.0257988 -0.0382658 -0.0436839 -0.0221701 -0.0421119 -0.0648400 0.0176141 0.0040672 -0.0127376 0.0095041 0.0011453 0.0303308 0.0356630 0.0309049 -0.0023511 0.0258626 -0.0258260 -0.0196726 0.0017295 -0.0194391 -0.0406578 -0.0257299 0.0036693 0.0004600 0.0119804 0.0134157 -0.0467003 -0.0524981 -0.0734043 -0.0571786 -0.0219813 -0.0190294 -0.0378050 -0.0336350 -0.0086097 -0.0504309 0.0176957 -0.0255848 -0.0217536 -0.0335012 -0.0434887
0.0128618 0.0165225 0.0252499 -0.0123348 0.0145290 0.9122636 0.0194109 0.0031108 0.0044957 0.0053316 -0.0215430 0.0188111 -0.0001771 -0.0012931 -0.0250519 0.0117824 0.0045250 0.0091362 -0.0182942 0.0248541 0.0342025 0.0023916 0.0192538 -0.0002095 -0.0073846 -0.0026548 0.0238831 -0.0132641 0.0161439 -0.0047930 -0.0158801 -0.0170065 0.0084047 -0.0109756 0.0103083 -0.0031440 0.0214113 0.0011107 -0.0009566 -0.0004987 -0.0369388 -0.0038162 -0.0069231 -0.0155260 0.0011436 0.0044251 -0.0196530 -0.0301941 -0.0322931 -0.0244187 -0.0202307 -0.0182370 -0.0138765 -0.0368323 -0.0141702 0.0098757 -0.0123674 -0.0033410 -0.0265649 -0.0213581 -0.0286601 0.0160232 -0.0106080 -0.0116341 -0.0024784 -0.0210365 -0.0336232 0.0062136 -0.0084978 -0.0217924 -0.0272007 -0.0146774 -0.0067746 -0.0344169 -0.0172639 -0.0411468 -0.0208096 -0.0342944 -0.0162953 -0.0189503 -0.0008352 -0.0140880 -0.0088615 -0.0010444 -0.0383439 0.0160630 -0.0281470 -0.0081911 -0.0194250 -0.0107110
0.0101845 0.0303568 0.0040168 0.0071009 0.0259773 0.0194109 0.9579475 0.0078592 0.0000041 -0.0143757 0.0090114 0.0260913 -0.0011291 -0.0017669 0.0018029 0.0021056 -0.0244623 0.0428517 0.0347762 0.0449227 0.0369709 0.0225764 0.0365074 0.0066582 0.0359691 0.0348815 0.0263846 0.0079203 0.0393485 0.0255694 0.0251181 0.0148937 0.0231258 0.0097673 0.0313761 0.0277494 0.0228234 -0.0186835 -0.0080886 -0.0161163 -0.0462816 -0.0136711 -0.0239487 -0.0476318 -0.0091856 -0.0212222 -0.0297747 -0.0443190 -0.0323270 -0.0253127 -0.0346564 -0.0400448 -0.0247731 -0.0263219 -0.0376287 0.0269911 -0.0004395 -0.0019060 0.0119023 0.0131022 0.0207160 0.0397731 0.0316028 0.0045057 0.0330195 -0.0063818 -0.0148927 0.0020495 -0.0137462 -0.0153523 -0.0120897 -0.0144463 -0.0019986 -0.0031881 -0.0050837 -0.0315000 -0.0337487 -0.0584944 -0.0426568 -0.0092110 -0.0139558 -0.0262211 -0.0278978 -0.0201464 -0.0460804 0.0114194 -0.0412179 -0.0176403 -0.0194088 -0.0173371
-0.0035196 0.0098782 -0.0133114 -0.0200925 0.0204637 0.0031108 0.0078592 1.0101826 -0.0088969 -0.0151590 -0.0039396 0.0159899 0.0055639 0.0097619 0.0006389 0.1422147 -0.0424544 -0.0001141 -0.0098430 0.0101039 -0.0456020 0.0111297 0.0041161 -0.0045980 0.0212788 -0.0011465 0.0127630 -0.0113505 -0.0379247 -0.0284704 0.0003247 0.0262803 -0.0222192 -0.0305152 0.0076005 0.0114132 0.0224732 -0.0394334 0.0160939 0.0017666 -0.0310140 0.0167702 -0.0282010 -0.0378866 -0.0029508 0.0095454 -0.0237024 -0.0298074 -0.0357620 -0.0255404 -0.0262633 -0.0049271 -0.0421238 -0.0420415 -0.0397720 0.0115991 -0.0076089 -0.0021921 0.0060362 0.0007065 -0.0057935 0.0116994 -0.0245932 0.0020627 -0.0013618 -0.0110451 -0.0567031 -0.0078782 -0.0158550 -0.0428344 -0.0191682 -0.0352169 -0.0214561 -0.0024271 -0.0090892 0.0223900 -0.0220621 -0.0539665 -0.0460862 -0.0121108 -0.0121091 -0.0152377 -0.0076883 -0.0164851 0.0027898 0.0107101 0.0002724 -0.0129830 -0.0097130 -0.0078420
-0.0045591 0.0029538 -0.0108466 0.0060969 0.0020802 0.0044957 0.0000041 -0.0088969 0.9692295 0.0004989 0.0102932 0.0020491 0.0176849 -0.0062896 0.0066925 -0.0180629 0.0094065 0.0052659 -0.0325649 -0.0171695 0.0047917 -0.0102986 -0.0044661 0.0054336 -0.0129585 -0.0139855 -0.0095173 0.0140156 -0.0032778 -0.0049247 -0.0039817 -0.0119709 0.0036659 0.0063568 0.0147763 0.0011124 -0.0056356 -0.0148619 -0.0204619 -0.0122785 -0.0167282 0.0245490 -0.0033321 0.0128837 -0.0299204 -0.0015292 -0.0007038 -0.0094816 0.0007688 -0.0027493 -0.0158759 -0.0191136 -0.0204541 0.0013981 -0.0126249 0.0020140 -0.0127963 0.0017801 -0.0037109 -0.0060935 -0.0043554 -0.0048188 -0.0023483 -0.0127672 0.0147670 -0.0186911 0.0087719 0.0166393 -0.0032577 -0.0156458 -0.0394061 -0.0083190 -0.0188556 -0.0081810 -0.0011111 0.0114345 -0.0127406 -0.0072804 -0.0249951 -0.0005085 -0.0041475 -0.0026612 0.0033439 -0.0075406 0.0071027 -0.0078821 -0.0185770 -0.0082029 -0.0189389 -0.0085165
0.0140117 -0.0133303 -0.0130133 -0.0222908 -0.0209579 0.0053316 -0.0143757 -0.0151590 0.0004989 0.9699529 -0.0099795 -0.0172255 -0.0061642 0.0054145 -0.0345367 -0.0138523 0.0297344 -0.0389526 -0.0350264 -0.0272437 -0.0435981 -0.0060857 -0.0028876 -0.0105047 0.0228341 -0.0123347 -0.0398425 -0.0132853 -0.0341737 -0.0006928 -0.0341283 -0.0126909 -0.0073453 -0.0232437 -0.0308327 -0.0113315 -0.0094572 0.0039649 -0.0195101 -0.0162518 0.0118380 0.0070330 -0.0142182 0.0231877 0.0066705 0.0271502 0.0020322 0.0023700 -0.0256912 -0.0182706 -0.0295689 -0.0002883 -0.0403601 -0.0064858 -0.0037703 -0.0162441 -0.0047044 0.0048248 -0.0111479 -0.0331876 -0.0250579 -0.0518944 -0.0202551 -0.0050452 -0.0237257 -0.0118280 -0.0219016 -0.0023388 -0.0091396 -0.0135810 -0.0026317 -0.0259837 -0.0010272 -0.0201284 0.0224030 0.0114515 0.0261626 0.0264114 -0.0161549 -0.0095450 0.0085049 0.0164557 0.0174193 -0.0000540 0.0024718 -0.0046192 0.0155857 0.0006921 0.0072938 0.0064146
-0.0000110 0.0139107 -0.0031097 -0.0041444 0.0157510 -0.0215430 0.0090114 -0.0039396 0.0102932 -0.0099795 1.0177892 0.0139782 0.0149149 0.0060327 0.0211629 -0.0204379 -0.0341840 -0.0004458 -0.0081090 0.0046495 -0.0110245 -0.0149246 -0.0032804 -0.0102117 0.0100951 0.0070272 0.0069081 -0.0193398 -0.0091126 0.0055805 -0.0122009 -0.0112281 0.0232064 -0.0164744 0.0031214 0.0182397 0.0074527 0.0298082 -0.0022748 0.0016229 -0.0324531 -0.0136562 -0.0139645 -0.0539222 -0.0563574 0.0057804 -0.0271637 -0.0381251 -0.0644273 -0.0463156 -0.0197219 -0.0244377 -0.0270496 -0.0365014 -0.0248200 0.0118411 0.0060308 -0.0082750 -0.0008915 -0.0200633 -0.0015162 0.0059790 -0.0112281 -0.0156652 -0.0012271 -0.0161429 -0.0052384 0.0086706 -0.0364828 -0.0238978 -0.0271768 -0.0435946 -0.0206104 -0.0388152 -0.0183794 -0.0212154 -0.0236019 -0.0169499 -0.0485169 0.0298204 -0.0004029 -0.0196778 -0.0187418 0.0160556 0.0084898 0.0150253 -0.0238063 0.0027881 -0.0193770 -0.0213084
0.0047145 0.0389231 0.0030783 -0.0028041 0.0252181 0.0188111 0.0260913 0.0159899 0.0020491 -0.0172255 0.0139782 0.9808614 -0.0026035 -0.0035163 0.0036777 0.0056682 -0.0345438 0.0550510 0.0393308 0.0541611 0.0451737 0.0361255 0.0472795 0.0061346 0.0462624 0.0399420 0.0479137 0.0109307 0.0562594 0.0279521 0.0409480 0.0228300 0.0293672 0.0099935 0.0326379 0.0399183 0.0300425 -0.0282442 -0.0031654 -0.0203031 -0.0616517 -0.0189182 -0.0401868 -0.0520242 -0.0202397 -0.0157140 -0.0456537 -0.0612508 -0.0444924 -0.0212874 -0.0360961 -0.0612866 -0.0237812 -0.0367444 -0.0412883 0.0326997 0.0039026 -0.0070523 0.0088312 0.0148656 0.0237239 0.0562118 0.0362717 0.0023558 0.0222502 -0.0090410 -0.0119511 0.0050087 -0.0082641 -0.0166092 -0.0146640 -0.0080539 -0.0048187 0.0027680 -0.0078076 -0.0400117 -0.0266387 -0.0736941 -0.0585688 -0.0108428 -0.0142568 -0.0336440 -0.0348202 -0.0187353 -0.0608980 0.0164690 -0.0461239 -0.0279070 -0.0298647 -0.0316781
-0.0090243 -0.0070327 0.0265199 -0.0217434 -0.0104836 -0.0001771 -0.0011291 0.0055639 0.0176849 -0.0061642 0.0149149 -0.0026035 1.0560212 -0.0135666 -0.0103879 0.0091616 -0.0324312 -0.0550398 -0.0177578 -0.0425653 -0.0868601 -0.0073839 -0.0201991 -0.0027057 -0.0001241 -0.0118987 0.0042299 -0.0089873 -0.0038239 -0.0196530 0.0154016 -0.0042515 0.0088142 -0.0247860 -0.0183373 -0.0139611 -0.0123993 -0.0258717 -0.0171536 0.0056007 -0.0139669 0.0021838 0.0198943 0.0329182 0.0218272 -0.0328224 -0.0341536 0.0078788 0.0012438 -0.0029013 0.0114423 -0.0220844 -0.0145993 -0.0288237 -0.0187324 0.0132456 -0.0132803 -0.0080819 -0.0108543 -0.0156184 -0.0516471 -0.0153651 -0.0239471 -0.0195864 -0.0069365 -0.0281902 -0.0227109 0.0059569 -0.0242988 -0.0230790 -0.0426556 -0.0268732 -0.0553791 -0.0211300 -0.0199843 -0.0114637 -0.0153021 -0.0143293 -0.0114274 -0.0091407 -0.0206965 0.0001440 0.0112126 -0.0176759 -0.0289410 0.0041784 -0.0449476 0.0017228 0.0239474 -0.0066565
0.0040057 -0.0040924 0.0088332 0.0036381 -0.0031211 -0.0012931 -0.0017669 0.0097619 -0.0062896 0.0054145 0.0060327 -0.0035163 -0.0135666 1.0308205 0.0020683 0.0013875 -0.0166237 -0.0086086 0.0033158 -0.0050735 -0.0176555 -0.0248938 -0.0075573 -0.0012073 -0.0196729 -0.0071653 -0.0076107 -0.0218260 -0.0071368 -0.0102910 0.0027105 -0.0077785 0.0081564 -0.0032903 -0.0006691 -0.0097038 -0.0116660 -0.0042287 0.0058365 0.0061339 -0.0004123 -0.0047134 -0.0070371 0.0183778 -0.0083798 -0.0038255 -0.0003016 0.0061465 0.0134763 0.0070804 -0.0058424 -0.0100660 -0.0158979 0.0029347 -0.0074211 -0.0049072 -0.0066356 -0.0043415 0.0057974 -0.0198663 -0.0079861 -0.0021895 -0.0073681 -0.0027803 -0.0315821 0.0089114 -0.0095975 0.0004997 -0.0158471 -0.0043255 -0.0131867 -0.0030163 -0.0075594 -0.0029338 0.0093540 -0.0108426 -0.0045796 0.0105771 0.0071237 0.0037866 0.0083651 0.0084908 0.0097943 0.0105685 -0.0082707 0.0000878 -0.0002905 -0.0026665 0.0010447 0.0032335
0.0126186 0.0150582 0.0119508 0.0271757 0.0143964 -0.0250519 0.0018029 0.0006389 0.0066925 -0.0345367 0.0211629 0.0036777 -0.0103879 0.0020683 0.9948353 0.0139770 -0.0476802 -0.0094472 -0.0338684 -0.0149935 0.0077414 -0.0257168 -0.0117767 -0.0178095 0.0079101 -0.0043790 -0.0061533 -0.0093306 -0.0010348 0.0172181 0.0027283 -0.0296237 -0.0038135 -0.0134306 0.0120649 0.0003735 0.0024315 -0.0204966 -0.0139191 0.0002506 -0.0209041 -0.0023194 -0.0334810 -0.0024326 -0.0444915 0.0061968 -0.0038116 0.0023524 0.0100853 -0.0019997 -0.0279637 -0.0175109 -0.0016572 0.0042659 -0.0039128 -0.0051453 -0.0022120 -0.0117761 0.0156782 -0.0241629 -0.0320655 0.0240488 0.0062320 -0.0072631 -0.0203193 -0.0101565 -0.0177775 0.0017516 -0.0009282 -0.0381249 -0.0354844 -0.0153748 -0.0236285 -0.0103625 0.0012517 0.0182612 -0.0287921 -0.0206235 -0.0404909 -0.0170388 -0.0349076 -0.0081673 -0.0100845 -0.0077758 -0.0311779 -0.0013636 -0.0151483 0.0046292 -0.0047917 -0.0213787
-0.0143207 0.0016353 -0.0349706 -0.0056425 0.0187942 0.0117824 0.0021056 0.1422147 -0.0180629 -0.0138523 -0.0204379 0.0056682 0.0091616 0.0013875 0.0139770 1.0211620 -0.0063260 -0.0076158 0.0268330 -0.0346319 -0.0410053 -0.0297362 -0.0179767 -0.0028047 -0.0017161 0.0166562 -0.0056589 -0.0137500 -0.0268003 -0.0106536 0.0064304 -0.0298326 -0.0110381 -0.0159202 -0.0109301 -0.0002869 -0.0030886 0.0045387 -0.0001982 -0.0166774 -0.0213260 0.0083716 -0.0300638 -0.0068421 -0.0091370 -0.0103968 -0.0161539 -0.0327748 -0.0069687 -0.0238125 0.0173857 -0.0136530 -0.0190902 -0.0517939 -0.0075482 -0.0068449 -0.0157236 0.0031396 -0.0271911 -0.0424848 -0.0163018 -0.0295124 -0.0390946 -0.0150543 0.0018751 0.0094243 -0.0638128 -0.0104183 -0.0406156 -0.0008685 -0.0377032 0.0040823 0.0119259 -0.0519617 -0.0226359 0.0080343 0.0292361 -0.0332564 -0.0386135 0.0046842 0.0029538 0.0029542 -0.0042681 0.0007551 -0.0421321 0.0046469 -0.0208851 -0.0138574 -0.0019591 0.0055972
0.0038652 -0.0437218 -0.0276926 -0.0115246 -0.0145093 0.0045250 -0.0244623 -0.0424544 0.0094065 0.0297344 -0.0341840 -0.0345438 -0.0324312 -0.0166237 -0.0476802 -0.0063260 1.0501000 -0.0674650 -0.0139770 -0.0393166 -0.0465303 -0.0339016 -0.0575004 -0.0120310 -0.0390195 -0.0759218 -0.0630111 -0.0157556 -0.0515696 -0.0431895 -0.0492652 -0.0095627 -0.0566838 -0.0121616 -0.0448892 -0.0457825 -0.0254666 0.0333301 -0.0205309 0.0197651 0.0379745 -0.0047773 0.0031028 0.0126055 -0.0060489 -0.0175383 0.0322541 0.0558945 -0.0104792 0.0308125 0.0316038 0.0279797 0.0156322 0.0088594 0.0243986 -0.0149815 -0.0045203 0.0141598 -0.0426996 0.0034571 -0.0453569 -0.0303684 -0.0552592 -0.0162151 -0.0148972 -0.0126238 -0.0211257 0.0042865 -0.0015413 -0.0231127 -0.0120955 -0.0008954 0.0078043 0.0190246 -0.0027326 -0.0237073 -0.0110715 0.0580213 0.0534807 -0.0225744 0.0452405 0.0296819 0.0374157 -0.0038711 0.0149322 -0.0112366 0.0296103 -0.0053358 0.0004254 0.0142556
-0.0070655 0.0628309 0.0164110 -0.0145928 0.0421591 0.0091362 0.0428517 -0.0001141 0.0052659 -0.0389526 -0.0004458 0.0550510 -0.0550398 -0.0086086 -0.0094472 -0.0076158 -0.0674650 1.1037778 0.0774417 0.0549019 0.0292545 0.0481432 0.0438933 0.0063320 0.0652632 0.0282000 0.0383761 0.0080785 0.0608490 0.0561958 0.0300304 0.0179956 0.0023952 0.0168825 0.0595708 0.0505079 0.0340793 -0.0098297 -0.0319352 -0.0360768 -0.0754651 -0.0217940 -0.0860368 -0.0584804 -0.0705293 -0.0220179 -0.0527097 -0.0887099 -0.0359126 -0.0498653 -0.0772625 -0.0833716 -0.0392446 -0.0967666 -0.0925171 0.0427894 -0.0113795 -0.0043290 -0.0085473 0.0435317 0.0396460 0.0656916 0.0556752 0.0063494 0.0046814 -0.0179694 -0.0291133 -0.0087378 0.0032044 -0.0485614 -0.0231620 -0.0142337 0.0038022 -0.0071391 -0.0178848 -0.0613747 -0.0999345 -0.0962750 -0.0730858 -0.0124666 -0.0265488 -0.0698153 -0.0652078 -0.0313421 -0.0735605 0.0198451 -0.0665351 -0.0274893 -0.0485138 -0.0509754
0.0043692 0.0442718 0.0034707 0.0125790 0.0087942 -0.0182942 0.0347762 -0.0098430 -0.0325649 -0.0350264 -0.0081090 0.0393308 -0.0177578 0.0033158 -0.0338684 0.0268330 -0.0139770 0.0774417 1.0113525 0.0383685 0.0661141 0.0257104 0.0085500 0.0027214 0.0363792 0.0254562 0.0319130 0.0153282 0.0274961 0.0007040 0.0195989 0.0136163 0.0116183 0.0396573 0.0402976 0.0269395 0.0232630 -0.0394858 -0.0027933 -0.0233047 -0.0649819 -0.0307920 -0.0557188 -0.0635481 -0.0067851 -0.0224483 -0.0164314 -0.0928025 -0.0554765 -0.0410188 -0.0499276 -0.0734894 -0.0331701 -0.0378385 -0.0471015 0.0169184 0.0036401 -0.0024587 -0.0057953 -0.0069033 -0.0150338 -0.0281035 0.0250390 0.0018556 -0.0241968 -0.0261828 -0.0258493 -0.0043828 -0.0207236 -0.0306082 -0.0604656 -0.0269528 -0.0088143 -0.0226620 -0.0073672 0.0068344 -0.0352344 -0.1058473 -0.0495916 -0.0413211 -0.0215743 -0.0587441 -0.0488444 -0.0380073 -0.0008444 0.0212757 -0.0777857 -0.0391411 -0.0430324 -0.0546537
-0.0119617 0.0607126 -0.0203153 -0.0282925 0.0496429 0.0248541 0.0449227 0.0101039 -0.0171695 -0.0272437 0.0046495 0.0541611 -0.0425653 -0.0050735 -0.0149935 -0.0346319 -0.0393166 0.0549019 0.0383685 1.1090196 0.0197850 0.0249494 0.0449205 -0.0145290 0.0147633 0.0126859 0.0105963 0.0445913 0.0783659 0.0130798 0.0229980 0.0267670 0.0018784 -0.0093398 0.0356080 0.0564475 0.0231949 -0.0866977 -0.0419774 -0.0316517 -0.0615779 -0.0284044 -0.0402702 -0.0701202 -0.0305186 -0.0517550 -0.0146645 -0.1052209 -0.0203077 -0.0243374 -0.0152370 -0.1176705 -0.0141719 -0.0592202 -0.0448740 0.0476404 -0.0107954 0.0044577 -0.0134107 -0.0123489 0.0330732 0.0647888 0.0169141 0.0167483 -0.0012506 -0.0347083 -0.0306320 0.0046525 -0.0169979 -0.0719320 -0.0475617 -0.0365308 -0.0411638 -0.0165528 -0.0425748 -0.0440744 -0.0156155 -0.1004698 -0.0767799 -0.0557613 -0.0093690 -0.0420073 -0.0517331 -0.0428526 -0.0505458 0.0179189 -0.0748281 -0.0373299 -0.0420863 -0.0255862
-0.0188286 0.0622091 0.0095059 -0.0393174 0.0301370 0.0342025 0.0369709 -0.0456020 0.0047917 -0.0435981 -0.0110245 0.0451737 -0.0868601 -0.0176555 0.0077414 -0.0410053 -0.0465303 0.0292545 0.0661141 0.0197850 1.0249981 -0.0030639 0.0742525 0.0160470 0.0324343 0.0422180 0.0279076 0.0247715 0.0620965 0.0664166 0.0061595 0.0112586 -0.0198982 0.0283001 0.0622882 0.0440553 0.0171540 -0.0177625 -0.0141994 -0.0374208 -0.0760150 -0.0087296 -0.0680899 -0.0804632 0.0085442 -0.0506709 -0.0361340 -0.0647741 -0.0237735 -0.0460420 -0.0710265 -0.0709201 -0.0607172 -0.0514271 -0.0349998 0.0467451 -0.0089948 -0.0064918 0.0134163 -0.0291194 0.0195346 0.0737896 0.0375746 0.0117863 0.0031537 -0.0254739 -0.0095095 0.0090297 -0.0205415 -0.0350805 -0.0422064 -0.0311581 0.0151119 -0.0053355 -0.0161320 -0.0524889 -0.0584841 -0.0650852 -0.0288186 -0.0389962 -0.0400809 -0.0615619 -0.0669996 -0.0572394 -0.0710535 0.0156791 -0.0829635 -0.0474665 -0.0433301 -0.0737058
-0.0077510 0.0353894 -0.0086780 -0.0131848 0.0165760 0.0023916 0.0225764 0.0111297 -0.0102986 -0.0060857 -0.0149246 0.0361255 -0.0073839 -0.0248938 -0.0257168 -0.0297362 -0.0339016 0.0481432 0.0257104 0.0249494 -0.0030639 1.0075097 0.0444207 0.0038880 0.0390392 0.0310615 0.0364158 0.0114573 0.0645255 0.0553580 0.0273903 0.0337005 0.0273163 0.0055580 0.0368144 0.0442580 0.0376294 -0.0267589 -0.0092051 -0.0180030 -0.0522331 -0.0157774 -0.0369806 -0.0592462 -0.0078788 -0.0240213 -0.0435397 -0.0603411 -0.0630294 -0.0361143 -0.0557975 -0.0468574 -0.0600284 -0.0365635 -0.0563450 0.0408551 0.0067571 -0.0130827 0.0133317 0.0135442 0.0258937 0.0171990 -0.0040809 0.0194610 0.0251251 -0.0090218 -0.0153559 0.0042431 -0.0105913 -0.0178211 0.0109118 -0.0096470 -0.0084544 -0.0150645 -0.0117813 -0.0448235 -0.0371946 -0.0625261 -0.0541790 -0.0161041 -0.0307220 -0.0330267 -0.0440836 -0.0258255 -0.0623704 0.0148409 -0.0456271 -0.0427810 -0.0462383 -0.0292923
0.0125246 0.0496907 -0.0097924 0.0019205 0.0235039 0.0192538 0.0365074 0.0041161 -0.0044661 -0.0028876 -0.0032804 0.0472795 -0.0201991 -0.0075573 -0.0117767 -0.0179767 -0.0575004 0.0438933 0.0085500 0.0449205 0.0742525 0.0444207 0.9654884 0.0018926 0.0312323 0.0580662 0.0288009 0.0004414 0.0793634 0.0135736 0.0255473 0.0312869 0.0491373 0.0102532 0.0408860 0.0462902 0.0456318 -0.0143438 -0.0212031 -0.0278225 -0.0714371 -0.0319789 -0.0358081 -0.0937152 -0.0463295 -0.0527171 -0.0510002 -0.0858805 -0.0369222 -0.0456637 -0.0645377 -0.0702717 -0.0287862 -0.0407842 -0.0643258 0.0453054 -0.0013611 -0.0058492 0.0025961 0.0141457 0.0082758 0.0069619 0.0405139 -0.0038309 0.0049441 0.0120391 -0.0114239 -0.0032352 -0.0307025 -0.0132065 -0.0188166 0.0014124 -0.0276728 -0.0107343 -0.0143033 -0.0446347 -0.0334446 -0.0887341 -0.0639994 -0.0130990 -0.0075238 -0.0517012 -0.0621247 -0.0173783 -0.0774066 0.0164152 -0.0548021 -0.0241690 -0.0320356 -0.0465395
-0.0039681 0.0074471 -0.0005441 -0.0017723 0.0061586 -0.0002095 0.0066582 -0.0045980 0.0054336 -0.0105047 -0.0102117 0.0061346 -0.0027057 -0.0012073 -0.0178095 -0.0028047 -0.0120310 0.0063320 0.0027214 -0.0145290 0.0160470 0.0038880 0.0018926 0.9048029 0.0001914 -0.0042004 0.0168393 -0.0078804 0.0105779 0.0017835 -0.0016393 0.0316873 0.0081868 0.0127341 0.0201769 0.0058420 0.0081153 0.0057985 -0.0072853 -0.0005921 -0.0115123 -0.0234100 -0.0061388 -0.0012394 0.0106307 -0.0119113 -0.0336207 -0.0118851 -0.0460029 -0.0230748 -0.0303260 -0.0201561 -0.0233444 -0.0236812 -0.0149762 0.0016890 0.0089112 0.0010067 0.0088811 0.0053846 0.0019413 0.0012955 -0.0175448 -0.0022080 0.0048248 -0.0087112 -0.0099160 0.0075436 0.0060478 -0.0112033 0.0019541 -0.0080042 0.0197353 -0.0168859 -0.0019519 -0.0084163 0.0004947 -0.0136592 -0.0177949 -0.0166941 0.0017055 -0.0079832 -0.0090452 -0.0076639 -0.0447287 -0.0048828 -0.0192565 -0.0000382 0.0045249 -0.0069902
-0.0311534 0.0608413 -0.0397955 -0.0054178 0.0375663 -0.0073846 0.0359691 0.0212788 -0.0129585 0.0228341 0.0100951 0.0462624 -0.0001241 -0.0196729 0.0079101 -0.0017161 -0.0390195 0.0652632 0.0363792 0.0147633 0.0324343 0.0390392 0.0312323 0.0001914 1.0349456 0.0313324 0.0244072 -0.0069285 0.0334435 0.0366611 -0.0123444 0.0000903 -0.0104331 0.0017692 0.0433227 0.0428872 0.0425712 -0.0465903 -0.0323432 -0.0283066 -0.0611942 -0.0144068 -0.0632780 -0.0803987 -0.0222965 -0.0553418 -0.0414978 -0.0855388 -0.0694334 -0.0547917 -0.0338660 -0.0693782 -0.0267629 -0.0315950 -0.0615561 0.0375104 -0.0024654 -0.0057362 -0.0028752 0.0109706 0.0302031 0.0442252 0.0106888 -0.0044908 0.0349891 -0.0314211 -0.0387419 0.0048705 -0.0343437 -0.0277791 0.0124719 0.0107246 -0.0177945 -0.0028257 0.0078833 -0.0522850 -0.0385328 -0.1024981 -0.0783200 -0.0244589 -0.0564021 -0.0613989 -0.0529303 -0.0312233 -0.0646411 0.0152286 -0.0698610 -0.0323996 -0.0388970 -0.0533284
-0.0037444 0.0515786 -0.0104925 -0.0121999 0.0180207 -0.0026548 0.0348815 -0.0011465 -0.0139855 -0.0123347 0.0070272 0.0399420 -0.0118987 -0.0071653 -0.0043790 0.0166562 -0.0759218 0.0282000 0.0254562 0.0126859 0.0422180 0.0310615 0.0580662 -0.0042004 0.0313324 1.0246987 0.0355687 -0.0082093 0.0625907 0.0357328 0.0030217 0.0205010 0.0698634 -0.0197090 0.0489597 0.0549631 0.0178366 -0.0490646 -0.0026704 -0.0261833 -0.0765734 -0.0207050 -0.0541382 -0.0965744 -0.0521606 -0.0430528 -0.0977753 -0.0542748 -0.0540660 -0.0114452 -0.0785132 -0.0584804 -0.0698401 -0.0233092 -0.0507907 0.0185043 -0.0282428 -0.0035153 0.0069792 0.0007082 -0.0061009 0.0070822 0.0251336 0.0016865 0.0450950 -0.0151386 0.0029733 0.0118089 -0.0190769 0.0294667 -0.0134956 -0.0411599 -0.0222900 -0.0097504 -0.0190884 -0.0519154 -0.0208259 -0.1056541 -0.0493750 -0.0201401 -0.0236259 -0.0593173 -0.0606681 -0.0372049 -0.0573511 0.0230264 -0.0711603 -0.0353002 -0.0337609 -0.0521805
-0.0065685 0.0494237 -0.0044710 -0.0304768 0.0250416 0.0238831 0.0263846 0.0127630 -0.0095173 -0.0398425 0.0069081 0.0479137 0.0042299 -0.0076107 -0.0061533 -0.0056589 -0.0630111 0.0383761 0.0319130 0.0105963 0.0279076 0.0364158 0.0288009 0.0168393 0.0244072 0.0355687 0.9232521 -0.0076866 0.0443086 0.0281701 0.0094813 0.0120382 0.0637266 0.0235749 0.0340968 0.0426406 0.0413579 -0.0613861 -0.0064626 -0.0430418 -0.0545489 -0.0359013 0.0046486 -0.0526932 -0.0635527 -0.0094739 -0.0671201 -0.0414772 -0.0557754 -0.0316503 -0.0633565 -0.0582977 -0.0593366 -0.0106397 -0.0553954 0.0339575 -0.0045989 -0.0175186 0.0283709 0.0074735 -0.0205063 0.0163320 -0.0050858 0.0212885 -0.0245533 -0.0062727 -0.0261272 0.0103335 0.0044021 -0.0406180 -0.0210928 -0.0432066 -0.0294188 0.0069350 -0.0268082 -0.0743676 -0.0342582 -0.0769270 -0.0440921 -0.0100571 -0.0218923 -0.0430243 -0.0430406 -0.0285383 -0.0741078 0.0248427 -0.0290280 -0.0460092 -0.0334549 -0.0360466
-0.0102261 0.0177966 -0.0060640 -0.0174324 0.0099751 -0.0132641 0.0079203 -0.0113505 0.0140156 -0.0132853 -0.0193398 0.0109307 -0.0089873 -0.0218260 -0.0093306 -0.0137500 -0.0157556 0.0080785 0.0153282 0.0445913 0.0247715 0.0114573 0.0004414 -0.0078804 -0.0069285 -0.0082093 -0.0076866 0.8832635 0.0097357 0.0128811 -0.0016033 -0.0034420 -0.0124403 0.0051658 0.0178941 0.0187330 0.0176412 -0.0280487 -0.0269416 -0.0177565 -0.0306494 -0.0123402 -0.0187341 -0.0227364 -0.0128425 -0.0319175 -0.0306639 -0.0277517 -0.0225583 -0.0149017 0.0037830 -0.0333976 -0.0020656 -0.0226733 -0.0216892 0.0189126 -0.0059010 -0.0046136 0.0061243 0.0023705 0.0146409 0.0066504 0.0252131 0.0077943 0.0109043 -0.0136805 -0.0125755 -0.0090418 0.0075381 -0.0003369 -0.0204217 -0.0090650 0.0016607 0.0342394 -0.0128410 -0.0239989 -0.0577987 -0.0221165 -0.0398647 -0.0273746 0.0048338 -0.0219781 -0.0208444 -0.0194208 -0.0219799 0.0102888 -0.0301877 -0.0092368 -0.0285261 -0.0479793
-0.0125413 0.0756563 -0.0125842 -0.0270627 0.0563224 0.0161439 0.0393485 -0.0379247 -0.0032778 -0.0341737 -0.0091126 0.0562594 -0.0038239 -0.0071368 -0.0010348 -0.0268003 -0.0515696 0.0608490 0.0274961 0.0783659 0.0620965 0.0645255 0.0793634 0.0105779 0.0334435 0.0625907 0.0443086 0.0097357 0.9851730 0.0495706 0.0188685 0.0047161 0.0329337 0.0106785 0.0607357 0.0333927 0.0462092 -0.0415564 -0.0087780 -0.0086423 -0.0969030 -0.0526425 -0.0268723 -0.0722965 -0.0556926 -0.0423137 -0.0427365 -0.0657180 -0.0256793 -0.0325738 -0.0867821 -0.0905892 -0.0574608 -0.0490993 -0.0617287 0.0456013 0.0109179 -0.0256073 0.0051202 -0.0059279 -0.0048511 0.0436402 0.0596509 0.0037097 -0.0232580 -0.0169521 -0.0015370 -0.0039958 -0.0344242 -0.0653663 -0.0352094 -0.0107784 0.0035518 0.0086517 -0.0195315 -0.0526491 -0.0565642 -0.0983919 -0.0472346 -0.0326478 -0.0510459 -0.0600059 -0.0640963 -0.0416015 -0.1001439 0.0086115 -0.0552172 -0.0481778 -0.0450460 -0.0473697
-0.0079255 0.0446019 -0.0083444 -0.0083296 0.0320941 -0.0047930 0.0255694 -0.0284704 -0.0049247 -0.0006928 0.0055805 0.0279521 -0.0196530 -0.0102910 0.0172181 -0.0106536 -0.0431895 0.0561958 0.0007040 0.0130798 0.0664166 0.0553580 0.0135736 0.0017835 0.0366611 0.0357328 0.0281701 0.0128811 0.0495706 0.9489245 -0.0122122 -0.0016773 0.0230051 0.0332643 0.0482693 0.0195134 0.0270801 -0.0300322 0.0120003 -0.0336878 -0.0647664 -0.0372465 -0.0427711 -0.0502368 -0.0334904 -0.0397224 -0.0435062 -0.0627450 -0.0301566 -0.0309896 -0.0340129 -0.0602704 -0.0229256 -0.0291576 -0.0500476 0.0188508 -0.0069418 -0.0066589 -0.0070983 0.0204463 0.0275214 0.0321127 0.0142448 0.0052964 0.0149480 -0.0132704 -0.0106496 -0.0047752 -0.0185701 -0.0161929 -0.0196120 -0.0075330 -0.0301329 -0.0013920 -0.0295916 -0.0288059 -0.0419120 -0.0754098 -0.0791213 -0.0168557 -0.0458194 -0.0403944 -0.0409768 -0.0060704 -0.0617050 0.0161799 -0.0439196 -0.0195935 -0.0358845 -0.0337106
-0.0139693 0.0350291 0.0231337 -0.0327677 0.0171918 -0.0158801 0.0251181 0.0003247 -0.0039817 -0.0341283 -0.0122009 0.0409480 0.0154016 0.0027105 0.0027283 0.0064304 -0.0492652 0.0300304 0.0195989 0.0229980 0.0061595 0.0273903 0.0255473 -0.0016393 -0.0123444 0.0030217 0.0094813 -0.0016033 0.0188685 -0.0122122 0.9874119 0.0267486 0.0134013 0.0036453 0.0230518 0.0387557 0.0303821 -0.0012712 -0.0107406 -0.0218133 -0.0744724 -0.0196430 -0.0650497 -0.0394152 -0.0549929 -0.0323539 -0.0491099 -0.0700877 -0.0336245 -0.0422531 -0.0531051 -0.0750232 -0.0171351 -0.0343040 -0.0540275 0.0310345 0.0079873 0.0027574 -0.0187985 -0.0099523 0.0104421 0.0112672 0.0284757 0.0075989 0.0306789 -0.0197356 0.0067285 0.0053707 -0.0087693 -0.0206038 -0.0153951 -0.0171902 0.0118229 -0.0375781 0.0182869 -0.0340863 -0.0563745 -0.0654672 -0.0629140 -0.0277510 -0.0297390 -0.0408549 -0.0296843 -0.0020141 -0.0583467 0.0203760 -0.0262536 -0.0430154 -0.0310331 -0.0168982
0.0244350 0.0239846 0.0096413 -0.0088666 -0.0060931 -0.0170065 0.0148937 0.0262803 -0.0119709 -0.0126909 -0.0112281 0.0228300 -0.0042515 -0.0077785 -0.0296237 -0.0298326 -0.0095627 0.0179956 0.0136163 0.0267670 0.0112586 0.0337005 0.0312869 0.0316873 0.0000903 0.0205010 0.0120382 -0.0034420 0.0047161 -0.0016773 0.0267486 0.9736214 0.0039144 0.0018063 0.0176610 0.0184640 0.0150688 -0.0240586 0.0010578 -0.0122453 -0.0348914 -0.0125336 -0.0237342 -0.0369719 -0.0294660 -0.0327822 -0.0321488 -0.0438183 -0.0629305 -0.0392559 -0.0523979 -0.0604161 -0.0419448 -0.0441750 -0.0236770 0.0256909 0.0023971 0.0054819 0.0064559 0.0260692 0.0014919 0.0261513 -0.0017928 0.0166146 -0.0073968 0.0042931 -0.0032532 0.0030788 -0.0124124 0.0023393 0.0091512 -0.0050669 0.0078029 -0.0096267 -0.0233657 -0.0166234 -0.0237771 -0.0476105 -0.0551854 -0.0079466 -0.0253941 -0.0275008 -0.0191030 -0.0214994 -0.0496980 0.0179728 -0.0257571 -0.0167568 -0.0198583 -0.0563494
-0.0075933 0.0400266 -0.0444443 -0.0268775 0.0218723 0.0084047 0.0231258 -0.0222192 0.0036659 -0.0073453 0.0232064 0.0293672 0.0088142 0.0081564 -0.0038135 -0.0110381 -0.0566838 0.0023952 0.0116183 0.0018784 -0.0198982 0.0273163 0.0491373 0.0081868 -0.0104331 0.0698634 0.0637266 -0.0124403 0.0329337 0.0230051 0.0134013 0.0039144 1.0348697 -0.0077359 0.0249925 0.0353617 0.0480041 -0.0155951 -0.0334417 -0.0242876 -0.0421529 -0.0768356 -0.0540059 -0.0489677 -0.0454091 -0.0180273 -0.0950801 -0.0606026 -0.0692534 -0.0170824 -0.0730517 -0.0452760 -0.0406087 0.0012513 -0.0443602 0.0242158 -0.0056360 -0.0001279 0.0292107 -0.0024952 -0.0320252 -0.0398874 0.0065165 0.0087212 0.0262488 0.0073274 -0.0051805 0.0014979 -0.0129529 0.0047541 -0.0326189 -0.0288431 -0.0531479 0.0109120 -0.0081036 -0.0731833 -0.0097051 -0.0731015 -0.0257036 -0.0475196 -0.0266323 -0.0389573 -0.0292893 -0.0206222 -0.0681985 0.0116638 -0.0369136 0.0060235 -0.0303992 -0.0463361
-0.0254331 0.0121401 -0.0023277 -0.0158092 -0.0044240 -0.0109756 0.0097673 -0.0305152 0.0063568 -0.0232437 -0.0164744 0.0099935 -0.0247860 -0.0032903 -0.0134306 -0.0159202 -0.0121616 0.0168825 0.0396573 -0.0093398 0.0283001 0.0055580 0.0102532 0.0127341 0.0017692 -0.0197090 0.0235749 0.0051658 0.0106785 0.0332643 0.0036453 0.0018063 -0.0077359 0.9674578 0.0171486 0.0121742 0.0091902 -0.0293019 -0.0207588 -0.0221863 -0.0037133 -0.0114015 -0.0414914 -0.0190456 -0.0008114 -0.0227467 -0.0132958 -0.0202966 -0.0094002 -0.0165305 0.0023033 -0.0214418 -0.0157860 -0.0437445 -0.0044598 0.0145541 0.0014754 -0.0054079 -0.0027834 -0.0037683 0.0175539 0.0309807 -0.0201178 0.0041492 -0.0029656 -0.0025889 -0.0275427 0.0018048 0.0032250 0.0056532 0.0051817 0.0152779 0.0072691 -0.0118310 0.0044092 -0.0160170 -0.0140701 -0.0304407 -0.0023139 -0.0238193 -0.0089763 -0.0066332 -0.0136559 -0.0401090 -0.0198336 -0.0004556 -0.0139690 -0.0165520 -0.0326412 -0.0315216
-0.0030472 0.0397654 0.0047371 -0.0027098 0.0305516 0.0103083 0.0313761 0.0076005 0.0147763 -0.0308327 0.0031214 0.0326379 -0.0183373 -0.0006691 0.0120649 -0.0109301 -0.0448892 0.0595708 0.0402976 0.0356080 0.0622882 0.0368144 0.0408860 0.0201769 0.0433227 0.0489597 0.0340968 0.0178941 0.0607357 0.0482693 0.0230518 0.0176610 0.0249925 0.0171486 0.9870257 0.0457915 0.0251042 -0.0315792 -0.0086136 -0.0152435 -0.0616493 -0.0099085 -0.0384566 -0.0554963 -0.0212009 -0.0194502 -0.0418626 -0.0500542 -0.0338948 -0.0354085 -0.0543287 -0.0465656 -0.0355488 -0.0419094 -0.0560023 0.0387651 -0.0005178 -0.0080984 0.0077914 0.0188706 0.0305281 0.0369321 0.0185725 0.0129312 0.0157598 -0.0048365 0.0028801 0.0013215 -0.0123792 -0.0555531 -0.0208334 -0.0191038 -0.0107978 -0.0155263 -0.0091278 -0.0439231 -0.0389954 -0.0523709 -0.0674421 -0.0161387 -0.0222591 -0.0388862 -0.0308464 -0.0183664 -0.0503620 0.0137751 -0.0474967 -0.0275540 -0.0282476 -0.0452719
0.0127864 0.0479716 0.0000128 -0.0213317 0.0376686 -0.0031440 0.0277494 0.0114132 0.0011124 -0.0113315 0.0182397 0.0399183 -0.0139611 -0.0097038 0.0003735 -0.0002869 -0.0457825 0.0505079 0.0269395 0.0564475 0.0440553 0.0442580 0.0462902 0.0058420 0.0428872 0.0549631 0.0426406 0.0187330 0.0333927 0.0195134 0.0387557 0.0184640 0.0353617 0.0121742 0.0457915 0.9695890 0.0297970 -0.0265373 -0.0105343 -0.0159051 -0.0683808 -0.0424968 -0.0451253 -0.0717743 -0.0037035 -0.0210353 -0.0501755 -0.0660766 -0.0615838 -0.0225964 -0.0388629 -0.0466854 -0.0276758 -0.0339835 -0.0472135 0.0346571 -0.0053579 -0.0097072 0.0175798 0.0058236 0.0186125 0.0498480 0.0241354 0.0022125 0.0395432 -0.0080698 0.0028814 0.0072786 -0.0116765 -0.0225702 -0.0209028 -0.0274077 -0.0009015 -0.0227276 -0.0129436 -0.0342079 -0.0376620 -0.0906380 -0.0837812 -0.0164359 -0.0086176 -0.0393238 -0.0484593 -0.0241613 -0.0579290 0.0164293 -0.0479190 -0.0429142 -0.0402684 -0.0403964
-0.0017569 0.0356662 0.0060410 0.0058869 0.0315725 0.0214113 0.0228234 0.0224732 -0.0056356 -0.0094572 0.0074527 0.0300425 -0.0123993 -0.0116660 0.0024315 -0.0030886 -0.0254666 0.0340793 0.0232630 0.0231949 0.0171540 0.0376294 0.0456318 0.0081153 0.0425712 0.0178366 0.0413579 0.0176412 0.0462092 0.0270801 0.0303821 0.0150688 0.0480041 0.0091902 0.0251042 0.0297970 0.9704133 -0.0414534 0.0154319 -0.0134807 -0.0496544 -0.0228123 -0.0255722 -0.0586368 -0.0153917 -0.0339294 -0.0481906 -0.0601816 -0.0468723 -0.0372160 -0.0634287 -0.0617803 -0.0209163 -0.0446317 -0.0375703 0.0318984 -0.0068427 -0.0057860 0.0155508 0.0269344 0.0317696 0.0112011 0.0387824 -0.0042385 0.0210852 -0.0053964 -0.0232798 0.0026201 0.0073715 -0.0022663 -0.0114859 0.0111414 -0.0053920 0.0030543 -0.0029102 -0.0440684 -0.0449631 -0.0730573 -0.0500848 -0.0103399 -0.0029883 -0.0329438 -0.0331843 -0.0218549 -0.0720048 0.0148995 -0.0404898 -0.0288817 -0.0300604 -0.0227261
0.0043486 -0.0259188 0.0122185 -0.0267893 -0.0119953 0.0011107 -0.0186835 -0.0394334 -0.0148619 0.0039649 0.0298082 -0.0282442 -0.0258717 -0.0042287 -0.0204966 0.0045387 0.0333301 -0.0098297 -0.0394858 -0.0866977 -0.0177625 -0.0267589 -0.0143438 0.0057985 -0.0465903 -0.0490646 -0.0613861 -0.0280487 -0.0415564 -0.0300322 -0.0012712 -0.0240586 -0.0155951 -0.0293019 -0.0315792 -0.0265373 -0.0414534 1.0163480 0.0134153 0.0079099 0.0549989 -0.0012689 0.0129718 -0.0105623 0.0072811 0.0148154 0.0130827 0.0188096 -0.0078037 0.0150958 0.0403083 0.0419641 0.0512753 -0.0139849 0.0323483 -0.0394065 -0.0209243 -0.0105373 0.0000981 -0.0256585 -0.0254942 -0.0341072 -0.0391997 -0.0109683 -0.0241228 -0.0226000 -0.0090276 -0.0165817 -0.0361775 -0.0410267 -0.0197486 -0.0357639 -0.0278871 -0.0179826 0.0032546 0.0293870 0.0048756 0.0495644 0.0031116 0.0183262 -0.0104041 0.0179497 0.0177906 0.0079866 -0.0006870 -0.0017962 0.0195967 0.0260365 0.0008423 0.0149542
0.0116382 0.0033482 0.0228671 0.0143038 -0.0059452 -0.0009566 -0.0080886 0.0160939 -0.0204619 -0.0195101 -0.0022748 -0.0031654 -0.0171536 0.0058365 -0.0139191 -0.0001982 -0.0205309 -0.0319352 -0.0027933 -0.0419774 -0.0141994 -0.0092051 -0.0212031 -0.0072853 -0.0323432 -0.0026704 -0.0064626 -0.0269416 -0.0087780 0.0120003 -0.0107406 0.0010578 -0.0334417 -0.0207588 -0.0086136 -0.0105343 0.0154319 0.0134153 1.0036798 0.0256810 -0.0064969 -0.0034268 0.0160602 -0.0105766 -0.0130247 -0.0005358 -0.0252855 -0.0254333 -0.0150434 0.0088083 -0.0024910 0.0008134 0.0024791 -0.0013056 -0.0204558 -0.0015661 0.0160505 -0.0008649 -0.0185607 -0.0009271 -0.0282018 -0.0121398 -0.0110090 0.0068250 0.0027355 -0.0179542 -0.0338263 -0.0164864 -0.0294840 -0.0341686 0.0012734 0.0232333 -0.0312980 -0.0305093 -0.0140533 0.0177349 -0.0118557 0.0123012 -0.0463348 -0.0090065 0.0221022 0.0048274 0.0064788 0.0189621 -0.0281327 0.0130931 -0.0060837 -0.0050527 0.0020819 -0.0140339
0.0061343 -0.0239322 0.0008625 0.0061890 -0.0221740 -0.0004987 -0.0161163 0.0017666 -0.0122785 -0.0162518 0.0016229 -0.0203031 0.0056007 0.0061339 0.0002506 -0.0166774 0.0197651 -0.0360768 -0.0233047 -0.0316517 -0.0374208 -0.0180030 -0.0278225 -0.0005921 -0.0283066 -0.0261833 -0.0430418 -0.0177565 -0.0086423 -0.0336878 -0.0218133 -0.0122453 -0.0242876 -0.0221863 -0.0152435 -0.0159051 -0.0134807 0.0079099 0.0256810 1.0081240 0.0214309 0.0240090 0.0120047 0.0127914 -0.0041895 -0.0083308 -0.0188923 0.0287868 0.0166731 -0.0013549 0.0166695 0.0411002 0.0009384 -0.0177855 -0.0017578 -0.0320317 -0.0112515 -0.0057923 -0.0153105 0.0123931 -0.0428925 -0.0470744 -0.0393784 -0.0108502 -0.0222073 0.0188475 -0.0007141 -0.0084202 0.0033403 -0.0081246 -0.0244738 -0.0112536 -0.0156360 -0.0281234 0.0084076 0.0087652 -0.0043351 0.0312512 0.0088619 0.0020158 0.0072516 0.0238317 0.0312536 0.0213719 0.0334615 -0.0011123 0.0270056 0.0206547 0.0315767 0.0217443
-0.0340274 -0.0682678 -0.0437156 -0.0206154 -0.0564122 -0.0369388 -0.0462816 -0.0310140 -0.0167282 0.0118380 -0.0324531 -0.0616517 -0.0139669 -0.0004123 -0.0209041 -0.0213260 0.0379745 -0.0754651 -0.0649819 -0.0615779 -0.0760150 -0.0522331 -0.0714371 -0.0115123 -0.0611942 -0.0765734 -0.0545489 -0.0306494 -0.0969030 -0.0647664 -0.0744724 -0.0348914 -0.0421529 -0.0037133 -0.0616493 -0.0683808 -0.0496544 0.0549989 -0.0064969 0.0214309 1.1250554 -0.0287123 0.0610106 0.0656471 0.0470409 0.0149494 0.0797358 0.1022084 0.0679431 0.0345721 0.0949819 0.0873430 0.0585939 0.0591468 0.0671567 -0.0505727 -0.0079655 0.0039291 -0.0195412 -0.0204251 -0.0551473 -0.0655252 -0.0715714 -0.0124072 -0.0626315 0.0139615 0.0119526 -0.0146943 -0.0056376 0.0085784 0.0387696 -0.0089756 -0.0007680 -0.0288492 0.0005641 0.0376387 0.0293482 0.1113913 0.0923221 0.0250445 0.0327227 0.0526059 0.0508425 0.0036787 0.1045960 -0.0228021 0.0564466 0.0460621 0.0398780 0.0491074
