0.000000	0.112903	0.152381	0.179487	0.175676	0.166667	0.074627	0.167539	0.208633	0.182692	0.182741	0.067797	0.159420	0.215686	0.196532	0.155000	0.171429	0.222222	0.214286	0.204762	0.233333	0.136612	0.143617	0.109589	0.220096	0.192308	0.200957	0.149254	0.260870	0.159204	0.156098	0.134615	0.195238	0.305732	0.173077	0.147059	0.136000	0.176471	0.217877	0.166667	0.340741	0.244019	0.246154	0.190476	0.196172	0.204878	0.350746	0.349206	0.177665	0.224638	0.365979	0.305882	0.244792	0.266990	0.344660	0.130081	0.167883	0.140187	0.206704	0.248521	0.204878	0.217143	0.233129	0.141593	0.220238	0.259740	0.246305	0.195652	0.232673	0.219512	0.300546	0.211538	0.292208	0.264249	0.192053	0.185366	0.251366	0.328767	0.255556	0.211429	0.172043	0.268293	0.257732	0.239130	0.284264	0.128571	0.263158	0.205882	0.279412	0.230769	
0.112903	0.000000	0.063492	0.063492	0.017241	0.064516	0.020833	0.114754	0.132075	0.140625	0.129032	0.041667	0.145161	0.092593	0.209302	0.160714	0.310345	0.098039	0.140625	0.047619	0.126984	0.116667	0.083333	0.105263	0.062500	0.145161	0.093750	0.109375	0.015873	0.063492	0.129032	0.142857	0.063492	0.285714	0.076923	0.054545	0.072727	0.142857	0.241379	0.224490	0.659574	0.250000	0.354167	0.214286	0.109375	0.250000	0.593750	0.571429	0.250000	0.590909	0.612903	0.526316	0.262295	0.393443	0.625000	0.055556	0.350000	0.122807	0.113636	0.360000	0.150000	0.062500	0.444444	0.129630	0.320000	0.478261	0.290323	0.148936	0.403226	0.322581	0.470588	0.281250	0.450000	0.407407	0.280702	0.216667	0.351351	0.612903	0.500000	0.213115	0.161290	0.326923	0.333333	0.169811	0.471698	0.122449	0.446809	0.186441	0.357143	0.355932	
0.152381	0.063492	0.000000	0.218182	0.145455	0.186916	0.126761	0.206422	0.188312	0.207627	0.191111	0.047619	0.157447	0.214286	0.195980	0.206140	0.246305	0.231481	0.247899	0.223629	0.222689	0.174757	0.169811	0.154321	0.240506	0.225532	0.219409	0.160000	0.234043	0.171053	0.180258	0.177778	0.201681	0.302198	0.217391	0.156863	0.170370	0.199134	0.248756	0.173410	0.355263	0.228814	0.243243	0.238342	0.177215	0.228448	0.318182	0.333333	0.241071	0.273292	0.348624	0.321053	0.227907	0.264957	0.357759	0.195652	0.222222	0.166667	0.183575	0.213198	0.201717	0.218905	0.242105	0.165289	0.255102	0.282486	0.247826	0.205882	0.250000	0.231760	0.312796	0.254237	0.280000	0.270642	0.217647	0.206009	0.246445	0.337349	0.300493	0.225000	0.216346	0.266667	0.231481	0.219512	0.324444	0.166667	0.298969	0.250000	0.278146	0.238095	
0.179487	0.063492	0.218182	0.000000	0.190789	0.197970	0.070423	0.202970	0.198582	0.200913	0.198068	0.098361	0.184332	0.194444	0.203297	0.218009	0.248649	0.250000	0.230769	0.246575	0.240909	0.170984	0.180412	0.153333	0.219178	0.201835	0.214612	0.199052	0.235023	0.200000	0.230415	0.187879	0.181818	0.317647	0.161905	0.146853	0.152000	0.213953	0.229947	0.220859	0.357143	0.261468	0.250000	0.198864	0.205479	0.233645	0.370629	0.330769	0.237864	0.270833	0.328358	0.344633	0.260000	0.287037	0.322430	0.131783	0.190476	0.171171	0.192708	0.244444	0.213953	0.298913	0.202312	0.180180	0.223464	0.251572	0.240566	0.164835	0.270142	0.250000	0.295337	0.229358	0.298137	0.273632	0.207547	0.213953	0.222798	0.328947	0.291892	0.200000	0.187500	0.289157	0.267327	0.218085	0.314010	0.120000	0.322034	0.200000	0.340278	0.269663	
0.175676	0.017241	0.145455	0.190789	0.000000	0.161290	0.066667	0.192053	0.189189	0.189024	0.182390	0.065574	0.141975	0.158537	0.156716	0.177215	0.244275	0.209459	0.200000	0.189024	0.175758	0.123288	0.147651	0.132231	0.193939	0.171779	0.182927	0.147436	0.148148	0.163522	0.162500	0.183333	0.174699	0.239669	0.097561	0.065421	0.141509	0.242236	0.251799	0.216000	0.350877	0.262195	0.260000	0.236220	0.181818	0.248447	0.356436	0.352941	0.225166	0.289720	0.384106	0.410072	0.234899	0.327160	0.395062	0.142857	0.190000	0.134831	0.152174	0.190476	0.186335	0.186047	0.256410	0.148936	0.198413	0.247788	0.228395	0.233766	0.253165	0.234568	0.335664	0.225610	0.314050	0.241611	0.218487	0.228395	0.246377	0.438596	0.299270	0.193103	0.209459	0.295775	0.279070	0.192857	0.355263	0.151515	0.307692	0.189189	0.296610	0.270677	
0.166667	0.064516	0.186916	0.197970	0.161290	0.000000	0.061538	0.137056	0.172662	0.145540	0.176471	0.050000	0.142180	0.174757	0.206704	0.161765	0.222222	0.186528	0.219626	0.272300	0.228972	0.162162	0.132979	0.157534	0.225352	0.202830	0.192488	0.189055	0.203791	0.200980	0.157895	0.179012	0.163551	0.254658	0.145455	0.141844	0.125000	0.212560	0.230769	0.193548	0.381295	0.216981	0.252525	0.229885	0.215962	0.220096	0.330935	0.328125	0.210000	0.236111	0.346939	0.306358	0.269430	0.290476	0.350962	0.155738	0.194444	0.085714	0.171123	0.222857	0.200957	0.275281	0.227545	0.136364	0.202312	0.272152	0.270531	0.178947	0.229268	0.233333	0.255319	0.188679	0.256410	0.302564	0.251613	0.191388	0.240642	0.308725	0.233333	0.205556	0.164021	0.297619	0.280000	0.209677	0.298507	0.162162	0.283237	0.218310	0.300000	0.250000	
0.074627	0.020833	0.126761	0.070423	0.066667	0.061538	0.000000	0.117647	0.137931	0.140845	0.114286	0.042553	0.130435	0.120000	0.166667	0.145161	0.194444	0.083333	0.126761	0.071429	0.142857	0.106061	0.073529	0.103448	0.098592	0.100000	0.070423	0.086957	0.084507	0.128571	0.161765	0.128205	0.098592	0.216667	0.065574	0.051724	0.053571	0.211268	0.166667	0.196429	0.612245	0.239437	0.309091	0.333333	0.084507	0.242857	0.538462	0.470588	0.275862	0.407407	0.514286	0.476923	0.272727	0.382353	0.521127	0.037037	0.086957	0.115385	0.148148	0.250000	0.117647	0.200000	0.160000	0.101695	0.187500	0.310345	0.289855	0.169811	0.357143	0.318841	0.418182	0.257143	0.422222	0.350000	0.285714	0.164179	0.348837	0.461538	0.444444	0.184615	0.156250	0.358491	0.339623	0.196970	0.450000	0.176471	0.403846	0.210526	0.389831	0.343750	
0.167539	0.114754	0.206422	0.202970	0.192053	0.137056	0.117647	0.000000	0.172662	0.199074	0.201923	0.131148	0.190698	0.216981	0.241758	0.149038	0.207650	0.260204	0.255708	0.235023	0.270642	0.184211	0.200000	0.175676	0.244240	0.241860	0.247706	0.223301	0.258065	0.211538	0.187793	0.165644	0.160550	0.305389	0.238532	0.197183	0.173228	0.245283	0.236559	0.177914	0.402878	0.277778	0.242574	0.225434	0.253456	0.228972	0.342657	0.310606	0.242718	0.237762	0.335000	0.333333	0.287179	0.317757	0.301887	0.212598	0.217687	0.115044	0.195767	0.220339	0.252336	0.291209	0.258824	0.160714	0.227273	0.297468	0.286385	0.216495	0.269231	0.253521	0.276042	0.225806	0.314465	0.321608	0.235669	0.183099	0.209424	0.368421	0.291892	0.234973	0.177083	0.297619	0.281553	0.228723	0.326829	0.186667	0.276836	0.211268	0.279720	0.275281	
0.208633	0.132075	0.188312	0.198582	0.189189	0.172662	0.137931	0.172662	0.000000	0.184211	0.167832	0.129630	0.186667	0.195122	0.243902	0.165517	0.177966	0.215827	0.261438	0.196078	0.228758	0.194030	0.176471	0.214953	0.256579	0.198675	0.217105	0.209459	0.205298	0.211921	0.201342	0.192308	0.175325	0.256198	0.219780	0.150943	0.158416	0.238411	0.248120	0.208696	0.388889	0.250000	0.262774	0.230088	0.222222	0.264901	0.287356	0.333333	0.278571	0.275862	0.370629	0.341270	0.237410	0.311258	0.337748	0.191919	0.204301	0.202381	0.178295	0.194690	0.214765	0.241667	0.177570	0.235294	0.247788	0.233010	0.222973	0.176471	0.229730	0.234899	0.282443	0.230263	0.263158	0.268116	0.221239	0.250000	0.236220	0.333333	0.319672	0.241135	0.259259	0.324675	0.303797	0.212121	0.333333	0.222222	0.292683	0.261682	0.304762	0.312500	
0.182692	0.140625	0.207627	0.200913	0.189024	0.145540	0.140845	0.199074	0.184211	0.000000	0.195556	0.140625	0.183761	0.247788	0.203046	0.154867	0.203980	0.224299	0.233051	0.229787	0.258475	0.156098	0.157143	0.161491	0.266949	0.206009	0.221277	0.215247	0.210300	0.211454	0.199134	0.174157	0.186441	0.272222	0.198276	0.186667	0.201493	0.231441	0.241206	0.203488	0.366667	0.230769	0.259091	0.240838	0.217021	0.208696	0.287582	0.326241	0.279279	0.267081	0.328704	0.291005	0.248826	0.306034	0.339130	0.211679	0.192547	0.169492	0.185366	0.200000	0.224138	0.231156	0.218085	0.148760	0.194872	0.252874	0.228070	0.190000	0.203540	0.216450	0.230769	0.235043	0.248555	0.244240	0.229412	0.220779	0.229665	0.310976	0.228856	0.232323	0.207729	0.224719	0.301887	0.201970	0.286996	0.179487	0.255208	0.240000	0.266667	0.239362	
0.182741	0.129032	0.191111	0.198068	0.182390	0.176471	0.114286	0.201923	0.167832	0.195556	0.000000	0.031250	0.192825	0.226415	0.204301	0.181395	0.242105	0.251232	0.231111	0.232143	0.222222	0.161616	0.153465	0.168831	0.217778	0.188341	0.208889	0.150235	0.255605	0.222222	0.172727	0.187135	0.208889	0.264706	0.226087	0.131944	0.141732	0.215596	0.209424	0.225610	0.347222	0.237668	0.267943	0.237569	0.214286	0.245455	0.333333	0.371212	0.279621	0.241830	0.362319	0.335165	0.280788	0.283784	0.356164	0.210526	0.217105	0.159292	0.164103	0.260870	0.221719	0.253968	0.220339	0.198276	0.227027	0.248485	0.256881	0.180000	0.236111	0.240909	0.277778	0.246637	0.298780	0.281553	0.177914	0.200000	0.247475	0.361290	0.314136	0.206349	0.187817	0.275862	0.264706	0.195876	0.330189	0.120000	0.289617	0.219858	0.281690	0.262570	
0.067797	0.041667	0.047619	0.098361	0.065574	0.050000	0.042553	0.131148	0.129630	0.140625	0.031250	0.000000	0.064516	0.169811	0.177778	0.125000	0.137931	0.038462	0.063492	0.096774	0.095238	0.100000	0.048387	0.122807	0.109375	0.096774	0.046875	0.111111	0.078125	0.114754	0.064516	0.121212	0.062500	0.240741	0.055556	0.035714	0.087719	0.171875	0.183333	0.145833	0.500000	0.218750	0.333333	0.275862	0.093750	0.234375	0.457143	0.465116	0.230769	0.320000	0.596774	0.500000	0.338983	0.380952	0.603175	0.019231	0.111111	0.075472	0.106383	0.280000	0.114754	0.156250	0.352941	0.111111	0.240000	0.318182	0.258065	0.169811	0.328125	0.322581	0.392157	0.250000	0.487805	0.333333	0.218182	0.150000	0.270270	0.545455	0.459459	0.150000	0.133333	0.333333	0.307692	0.196429	0.442308	0.145833	0.439024	0.230769	0.381818	0.327869	
0.159420	0.145161	0.157447	0.184332	0.141975	0.142180	0.130435	0.190698	0.186667	0.183761	0.192825	0.064516	0.000000	0.236364	0.191919	0.160000	0.203980	0.230047	0.229787	0.235043	0.242553	0.172414	0.143541	0.150943	0.217021	0.155172	0.196581	0.175676	0.232759	0.181416	0.181818	0.144444	0.191489	0.284916	0.184211	0.140940	0.143939	0.210526	0.245000	0.200000	0.306667	0.223176	0.203620	0.218750	0.188034	0.218341	0.346405	0.285714	0.247748	0.254658	0.297674	0.320856	0.259434	0.264069	0.318777	0.179104	0.161491	0.119658	0.175610	0.200000	0.194805	0.231156	0.216931	0.176471	0.215385	0.228571	0.255507	0.222222	0.213333	0.213043	0.259615	0.206009	0.296512	0.281106	0.233533	0.208696	0.214286	0.327273	0.263682	0.217172	0.174757	0.295455	0.226415	0.216749	0.297297	0.186667	0.286458	0.233333	0.304054	0.231183	
0.215686	0.092593	0.214286	0.194444	0.158537	0.174757	0.120000	0.216981	0.195122	0.247788	0.226415	0.169811	0.236364	0.000000	0.244444	0.259615	0.256410	0.208333	0.267857	0.258929	0.285714	0.221154	0.211538	0.185185	0.247788	0.254545	0.241071	0.219048	0.203540	0.198198	0.227273	0.219178	0.205357	0.298851	0.171875	0.250000	0.160000	0.229358	0.280000	0.244186	0.520000	0.279279	0.354167	0.223684	0.223214	0.270270	0.369863	0.351351	0.257426	0.229508	0.476190	0.402174	0.233010	0.300000	0.407080	0.181818	0.237288	0.207792	0.200000	0.310811	0.211009	0.246753	0.257576	0.169231	0.328767	0.287879	0.342593	0.246154	0.327273	0.290909	0.329897	0.288288	0.346667	0.282828	0.255556	0.268519	0.302326	0.380952	0.325581	0.212121	0.209524	0.283333	0.279412	0.244898	0.376238	0.245614	0.270588	0.235294	0.303797	0.333333	
0.196532	0.209302	0.195980	0.203297	0.156716	0.206704	0.166667	0.241758	0.243902	0.203046	0.204301	0.177778	0.191919	0.244444	0.000000	0.202073	0.216667	0.247253	0.276382	0.232323	0.276382	0.194118	0.205714	0.145038	0.266332	0.244898	0.247475	0.236559	0.244898	0.206349	0.179487	0.160256	0.201005	0.213333	0.179775	0.138211	0.182692	0.208333	0.251497	0.206897	0.314516	0.253807	0.235602	0.223529	0.216080	0.259067	0.291971	0.233333	0.252577	0.216216	0.247253	0.256410	0.179775	0.241026	0.336788	0.235849	0.195804	0.168421	0.178771	0.186047	0.235897	0.228571	0.198830	0.187500	0.196532	0.261146	0.270833	0.216216	0.162304	0.225641	0.229050	0.207071	0.260000	0.233696	0.173913	0.243655	0.236559	0.315436	0.248555	0.207317	0.192982	0.234375	0.216867	0.208092	0.280423	0.192308	0.233129	0.233871	0.231405	0.233766	
0.155000	0.160714	0.206140	0.218009	0.177215	0.161765	0.145161	0.149038	0.165517	0.154867	0.181395	0.125000	0.160000	0.259615	0.202073	0.000000	0.181818	0.220096	0.232456	0.237885	0.227074	0.152284	0.153465	0.104575	0.229075	0.191111	0.185022	0.200000	0.222222	0.178899	0.160714	0.154286	0.179825	0.245714	0.198113	0.166667	0.128000	0.207207	0.257732	0.195266	0.340278	0.269912	0.251163	0.214660	0.215859	0.234234	0.324324	0.274074	0.238532	0.234177	0.282297	0.259669	0.268293	0.325893	0.270270	0.224806	0.212500	0.128440	0.180000	0.190722	0.206278	0.230769	0.207447	0.162162	0.159794	0.180233	0.254545	0.173913	0.187215	0.215247	0.225490	0.199115	0.245614	0.247619	0.216049	0.224215	0.202899	0.304348	0.228426	0.226316	0.202020	0.222222	0.252525	0.220513	0.307339	0.214286	0.244681	0.216783	0.215278	0.209945	
0.171429	0.310345	0.246305	0.248649	0.244275	0.222222	0.194444	0.207650	0.177966	0.203980	0.242105	0.137931	0.203980	0.256410	0.216667	0.181818	0.000000	0.306452	0.325123	0.297030	0.275862	0.222222	0.220339	0.181102	0.277228	0.265000	0.301980	0.247368	0.305000	0.248705	0.276382	0.215569	0.236453	0.344371	0.262500	0.273504	0.212121	0.229592	0.281437	0.186207	0.277778	0.263682	0.232323	0.229508	0.217822	0.248731	0.224638	0.265487	0.242424	0.219355	0.271739	0.238710	0.236264	0.250000	0.253807	0.262136	0.194969	0.214286	0.220430	0.214660	0.270000	0.285714	0.215789	0.209302	0.229167	0.223529	0.209184	0.212121	0.201031	0.241206	0.219780	0.203980	0.211538	0.225131	0.218978	0.232673	0.209184	0.276316	0.215054	0.200000	0.173410	0.254545	0.205479	0.219653	0.238579	0.232558	0.235294	0.220339	0.232759	0.245161	
0.222222	0.098039	0.231481	0.250000	0.209459	0.186528	0.083333	0.260204	0.215827	0.224299	0.251232	0.038462	0.230047	0.208333	0.247253	0.220096	0.306452	0.000000	0.213953	0.241860	0.250000	0.174603	0.146597	0.179310	0.233645	0.225352	0.186916	0.216749	0.183962	0.202899	0.232227	0.228916	0.180556	0.243902	0.130000	0.111940	0.170732	0.272727	0.250000	0.264151	0.380597	0.281690	0.341584	0.311111	0.246512	0.277512	0.364286	0.395349	0.274510	0.270270	0.370558	0.357143	0.274611	0.336493	0.406699	0.173554	0.233333	0.190476	0.200000	0.252747	0.251185	0.254054	0.242938	0.186916	0.251366	0.271605	0.317308	0.191011	0.263415	0.312796	0.300518	0.262911	0.283951	0.277778	0.269737	0.266667	0.300518	0.402685	0.295699	0.273224	0.237838	0.333333	0.308511	0.244681	0.352941	0.140625	0.357955	0.257353	0.335766	0.276471	
0.214286	0.140625	0.247899	0.230769	0.200000	0.219626	0.126761	0.255708	0.261438	0.233051	0.231111	0.063492	0.229787	0.267857	0.276382	0.232456	0.325123	0.213953	0.000000	0.240506	0.222689	0.155340	0.183962	0.179012	0.194093	0.153191	0.172996	0.213333	0.208511	0.223684	0.184549	0.205556	0.205882	0.296703	0.139130	0.137255	0.149254	0.272727	0.218905	0.294798	0.401316	0.305085	0.337838	0.300518	0.270042	0.267241	0.428571	0.429577	0.303571	0.298137	0.417431	0.392670	0.316279	0.337607	0.387931	0.224638	0.228395	0.176471	0.217391	0.289340	0.197425	0.248756	0.231579	0.131148	0.229592	0.318182	0.308696	0.198020	0.263158	0.296137	0.323810	0.271186	0.280000	0.252294	0.270588	0.270386	0.308057	0.443114	0.315271	0.285000	0.230769	0.359551	0.317757	0.278049	0.355556	0.179487	0.365979	0.261438	0.342105	0.312169	
0.204762	0.047619	0.223629	0.246575	0.189024	0.272300	0.071429	0.235023	0.196078	0.229787	0.232143	0.096774	0.235043	0.258929	0.232323	0.237885	0.297030	0.241860	0.240506	0.000000	0.206751	0.200000	0.226415	0.206250	0.220339	0.225532	0.207627	0.196429	0.200855	0.206140	0.245690	0.200000	0.236287	0.287293	0.200000	0.152318	0.201493	0.295652	0.255000	0.265896	0.423841	0.263830	0.333333	0.316062	0.241525	0.285714	0.337662	0.352113	0.325893	0.347826	0.396313	0.389474	0.275701	0.351931	0.383621	0.160584	0.263804	0.168067	0.228155	0.289340	0.227468	0.203980	0.263158	0.115702	0.265306	0.301136	0.266376	0.220000	0.281938	0.310345	0.311005	0.306383	0.333333	0.253456	0.276471	0.293103	0.314286	0.436364	0.306931	0.301508	0.260870	0.292135	0.345794	0.296117	0.392857	0.197368	0.373057	0.282895	0.346667	0.297872	
0.233333	0.126984	0.222689	0.240909	0.175758	0.228972	0.142857	0.270642	0.228758	0.258475	0.222222	0.095238	0.242553	0.285714	0.276382	0.227074	0.275862	0.250000	0.222689	0.206751	0.000000	0.208738	0.193396	0.192547	0.194093	0.225532	0.206751	0.208889	0.191489	0.219298	0.223176	0.204420	0.201681	0.274725	0.208696	0.164474	0.208955	0.311688	0.273632	0.277457	0.388158	0.288136	0.337838	0.304124	0.240506	0.293103	0.363636	0.354610	0.303571	0.314815	0.371560	0.421053	0.293023	0.354701	0.353448	0.204380	0.263804	0.243697	0.198068	0.247475	0.206009	0.232673	0.267016	0.157025	0.243655	0.259887	0.252174	0.247525	0.271930	0.278970	0.308057	0.279661	0.278409	0.246575	0.288235	0.270386	0.301887	0.407186	0.303922	0.295000	0.274038	0.325843	0.299065	0.292683	0.368889	0.272727	0.358974	0.263158	0.304636	0.301587	
0.136612	0.116667	0.174757	0.170984	0.123288	0.162162	0.106061	0.184211	0.194030	0.156098	0.161616	0.100000	0.172414	0.221154	0.194118	0.152284	0.222222	0.174603	0.155340	0.200000	0.208738	0.000000	0.145946	0.132867	0.174757	0.142157	0.155340	0.139175	0.156098	0.152284	0.158416	0.124183	0.179612	0.248408	0.108911	0.127820	0.155738	0.200000	0.203390	0.176471	0.378788	0.234146	0.284211	0.231707	0.208738	0.232673	0.340741	0.322581	0.218750	0.224638	0.356383	0.337349	0.268817	0.284314	0.350000	0.163934	0.188406	0.133333	0.164773	0.187879	0.188119	0.248521	0.215190	0.149123	0.175758	0.202703	0.241206	0.161290	0.224490	0.189055	0.261111	0.215686	0.278912	0.243386	0.231788	0.194030	0.251397	0.335714	0.271676	0.210526	0.172222	0.296296	0.273684	0.185393	0.290155	0.138889	0.313253	0.216418	0.283582	0.236364	
0.143617	0.083333	0.169811	0.180412	0.147651	0.132979	0.073529	0.200000	0.176471	0.157143	0.153465	0.048387	0.143541	0.211538	0.205714	0.153465	0.220339	0.146597	0.183962	0.226415	0.193396	0.145946	0.000000	0.130137	0.199052	0.161905	0.165877	0.125628	0.177033	0.161765	0.140097	0.151899	0.136792	0.256098	0.106796	0.065217	0.132231	0.201923	0.195531	0.187097	0.374101	0.232227	0.237374	0.244186	0.189573	0.244019	0.378788	0.353846	0.260000	0.235714	0.338462	0.341040	0.262887	0.264423	0.355769	0.173228	0.169014	0.099099	0.158470	0.180233	0.149038	0.220339	0.175758	0.207207	0.128655	0.236842	0.223301	0.175258	0.216749	0.206731	0.240642	0.194313	0.269231	0.264249	0.225166	0.188406	0.232432	0.380952	0.277778	0.211111	0.166667	0.350000	0.290000	0.164835	0.321608	0.136986	0.284024	0.214815	0.257353	0.272189	
0.109589	0.105263	0.154321	0.153333	0.132231	0.157534	0.103448	0.175676	0.214953	0.161491	0.168831	0.122807	0.150943	0.185185	0.145038	0.104575	0.181102	0.179310	0.179012	0.206250	0.192547	0.132867	0.130137	0.000000	0.155280	0.168750	0.143750	0.163399	0.181250	0.159236	0.152866	0.089286	0.118012	0.206612	0.153846	0.120690	0.145833	0.140127	0.218310	0.221239	0.339286	0.242236	0.226027	0.158333	0.186335	0.242038	0.316832	0.287129	0.190476	0.202020	0.360544	0.270677	0.226027	0.234177	0.326923	0.153061	0.118812	0.107527	0.131387	0.140496	0.185897	0.206349	0.172414	0.111111	0.184874	0.160377	0.217949	0.175000	0.177215	0.160256	0.221429	0.180124	0.256410	0.230769	0.203252	0.185897	0.216418	0.268519	0.248062	0.165468	0.178571	0.272727	0.238095	0.194245	0.263514	0.184615	0.246154	0.182692	0.217822	0.207692	
0.220096	0.062500	0.240506	0.219178	0.193939	0.225352	0.098592	0.244240	0.256579	0.266949	0.217778	0.109375	0.217021	0.247788	0.266332	0.229075	0.277228	0.233645	0.194093	0.220339	0.194093	0.174757	0.199052	0.155280	0.000000	0.200855	0.220339	0.178571	0.200855	0.197368	0.228448	0.206704	0.206751	0.292818	0.165217	0.118421	0.195489	0.260870	0.285000	0.250000	0.430464	0.246809	0.321267	0.302083	0.248945	0.307359	0.372549	0.387324	0.304933	0.308642	0.368664	0.400000	0.308411	0.321888	0.389610	0.176471	0.271605	0.168067	0.223301	0.285714	0.236052	0.235000	0.253968	0.206612	0.275510	0.274286	0.288210	0.200000	0.277533	0.284483	0.301435	0.255319	0.287356	0.275229	0.289941	0.267241	0.300000	0.418182	0.321782	0.271357	0.225962	0.377778	0.333333	0.279412	0.352679	0.181818	0.357513	0.243421	0.357616	0.340426	
0.192308	0.145161	0.225532	0.201835	0.171779	0.202830	0.100000	0.241860	0.198675	0.206009	0.188341	0.096774	0.155172	0.254545	0.244898	0.191111	0.265000	0.225352	0.153191	0.225532	0.225532	0.142157	0.161905	0.168750	0.200855	0.000000	0.170940	0.174888	0.189655	0.213333	0.200000	0.162011	0.187234	0.268156	0.140351	0.113333	0.166667	0.254386	0.242424	0.267442	0.357616	0.274678	0.286364	0.270833	0.264957	0.270742	0.372549	0.357143	0.297297	0.295597	0.379630	0.372340	0.297170	0.285714	0.384279	0.194030	0.200000	0.146552	0.190244	0.246154	0.199134	0.256281	0.185185	0.190083	0.206186	0.236994	0.290749	0.198020	0.231111	0.221739	0.309179	0.240343	0.308140	0.251163	0.257310	0.243478	0.278846	0.378049	0.315000	0.233503	0.229268	0.348315	0.301887	0.240196	0.342342	0.155844	0.348958	0.213333	0.317568	0.294118	
0.200957	0.093750	0.219409	0.214612	0.182927	0.192488	0.070423	0.247706	0.217105	0.221277	0.208889	0.046875	0.196581	0.241071	0.247475	0.185022	0.301980	0.186916	0.172996	0.207627	0.206751	0.155340	0.165877	0.143750	0.220339	0.170940	0.000000	0.209821	0.200855	0.237885	0.185345	0.201117	0.181435	0.243094	0.146552	0.139073	0.133333	0.252174	0.220000	0.260116	0.401316	0.259574	0.289593	0.265625	0.266949	0.262931	0.400000	0.340426	0.282511	0.248447	0.399083	0.343915	0.294393	0.334764	0.363636	0.188406	0.240741	0.135593	0.178744	0.244898	0.211207	0.263682	0.269841	0.148760	0.225641	0.250000	0.283843	0.156863	0.264317	0.250000	0.311005	0.246809	0.287356	0.271889	0.258824	0.254310	0.271429	0.393939	0.301980	0.251256	0.227053	0.333333	0.314815	0.235294	0.361607	0.192308	0.341969	0.218543	0.309211	0.291005	
0.149254	0.109375	0.160000	0.199052	0.147436	0.189055	0.086957	0.223301	0.209459	0.215247	0.150235	0.111111	0.175676	0.219048	0.236559	0.200000	0.247368	0.216749	0.213333	0.196429	0.208889	0.139175	0.125628	0.163399	0.178571	0.174888	0.209821	0.000000	0.202703	0.162037	0.190045	0.191617	0.217778	0.262857	0.127273	0.122449	0.155039	0.254545	0.209424	0.209877	0.366197	0.242152	0.224880	0.261111	0.168889	0.250000	0.307692	0.325581	0.235849	0.253333	0.314010	0.340782	0.243902	0.274775	0.365297	0.186047	0.172185	0.147826	0.168367	0.239130	0.181818	0.175532	0.191011	0.188034	0.207650	0.218182	0.229358	0.202020	0.241860	0.227273	0.262626	0.228700	0.248521	0.228155	0.229814	0.181818	0.277778	0.356688	0.284211	0.244681	0.183673	0.250000	0.235294	0.207254	0.306604	0.118421	0.322581	0.231293	0.293706	0.255556	
0.260870	0.015873	0.234043	0.235023	0.148148	0.203791	0.084507	0.258065	0.205298	0.210300	0.255605	0.078125	0.232759	0.203540	0.244898	0.222222	0.305000	0.183962	0.208511	0.200855	0.191489	0.156098	0.177033	0.181250	0.200855	0.189655	0.200855	0.202703	0.000000	0.168889	0.226087	0.195531	0.204255	0.238889	0.147826	0.113333	0.180451	0.285088	0.243781	0.261628	0.433333	0.299145	0.347032	0.321053	0.230769	0.313043	0.361842	0.390071	0.312217	0.352201	0.358140	0.377660	0.262911	0.349138	0.375546	0.189781	0.250000	0.184874	0.191176	0.278351	0.195652	0.232323	0.251337	0.142857	0.207254	0.260116	0.286344	0.188119	0.257778	0.282609	0.269231	0.266094	0.254335	0.265116	0.279762	0.282609	0.283654	0.447853	0.320000	0.257576	0.263415	0.337079	0.323810	0.256158	0.382883	0.179487	0.392670	0.226667	0.362416	0.333333	
0.159204	0.063492	0.171053	0.200000	0.163522	0.200980	0.128571	0.211538	0.211921	0.211454	0.222222	0.114754	0.181416	0.198198	0.206349	0.178899	0.248705	0.202899	0.223684	0.206140	0.219298	0.152284	0.161765	0.159236	0.197368	0.213333	0.237885	0.162037	0.168889	0.000000	0.174888	0.163743	0.206140	0.241379	0.176991	0.142857	0.187970	0.212670	0.264249	0.237805	0.383562	0.247788	0.283019	0.239130	0.211454	0.269058	0.365517	0.352518	0.252336	0.320261	0.322275	0.325967	0.237864	0.303571	0.340807	0.186567	0.238710	0.155172	0.190955	0.219251	0.178571	0.193717	0.215470	0.196581	0.213904	0.244048	0.263636	0.216495	0.229358	0.260090	0.267327	0.238938	0.267857	0.267943	0.219512	0.219731	0.268657	0.358974	0.321244	0.213542	0.195000	0.238636	0.245283	0.234694	0.330233	0.146667	0.317204	0.231293	0.272727	0.272222	
0.156098	0.129032	0.180258	0.230415	0.162500	0.157895	0.161765	0.187793	0.201342	0.199134	0.172727	0.064516	0.181818	0.227273	0.179487	0.160714	0.276382	0.232227	0.184549	0.245690	0.223176	0.158416	0.140097	0.152866	0.228448	0.200000	0.185345	0.190045	0.226087	0.174888	0.000000	0.168539	0.171674	0.251397	0.166667	0.128378	0.152672	0.230088	0.253807	0.218935	0.386667	0.246753	0.290323	0.238095	0.254310	0.268722	0.389262	0.350365	0.237443	0.283019	0.333333	0.329787	0.295238	0.292576	0.365639	0.185185	0.232704	0.119658	0.180488	0.210256	0.188596	0.246231	0.197861	0.169492	0.208333	0.260116	0.271111	0.153061	0.224215	0.234783	0.265700	0.199134	0.294798	0.271028	0.224242	0.210526	0.259615	0.386503	0.290000	0.238579	0.196078	0.279070	0.245283	0.223881	0.331818	0.162162	0.307292	0.226667	0.256757	0.308108	
0.134615	0.142857	0.177778	0.187879	0.183333	0.179012	0.128205	0.165644	0.192308	0.174157	0.187135	0.121212	0.144444	0.219178	0.160256	0.154286	0.215569	0.228916	0.205556	0.200000	0.204420	0.124183	0.151899	0.089286	0.206704	0.162011	0.201117	0.191617	0.195531	0.163743	0.168539	0.000000	0.177778	0.253731	0.246753	0.137255	0.173913	0.202312	0.226667	0.208955	0.301724	0.252809	0.218391	0.186335	0.229050	0.218391	0.289062	0.236364	0.252874	0.213235	0.300613	0.258993	0.225000	0.189944	0.284091	0.189474	0.192593	0.103896	0.148148	0.177914	0.191011	0.213018	0.192547	0.152941	0.157576	0.175676	0.220930	0.144928	0.157895	0.175141	0.166667	0.189944	0.204380	0.252941	0.176000	0.184358	0.209302	0.330827	0.211180	0.195946	0.201299	0.301887	0.203125	0.222222	0.289017	0.181818	0.270270	0.179245	0.238532	0.287770	
0.195238	0.063492	0.201681	0.181818	0.174699	0.163551	0.098592	0.160550	0.175325	0.186441	0.208889	0.062500	0.191489	0.205357	0.201005	0.179825	0.236453	0.180556	0.205882	0.236287	0.201681	0.179612	0.136792	0.118012	0.206751	0.187234	0.181435	0.217778	0.204255	0.206140	0.171674	0.177778	0.000000	0.273224	0.155172	0.138158	0.096296	0.229437	0.248756	0.208092	0.407895	0.258475	0.270270	0.259067	0.244726	0.275862	0.376623	0.354610	0.254464	0.246914	0.366972	0.350785	0.274419	0.294872	0.353448	0.175182	0.209877	0.092437	0.164251	0.203046	0.218884	0.293532	0.215789	0.173554	0.204082	0.244318	0.269565	0.156863	0.236842	0.266094	0.271429	0.241525	0.289773	0.252294	0.223529	0.236052	0.236967	0.373494	0.295567	0.248756	0.197115	0.311111	0.296296	0.224390	0.333333	0.153846	0.304124	0.197368	0.298013	0.275132	
0.305732	0.285714	0.302198	0.317647	0.239669	0.254658	0.216667	0.305389	0.256198	0.272222	0.264706	0.240741	0.284916	0.298851	0.213333	0.245714	0.344371	0.243902	0.296703	0.287293	0.274725	0.248408	0.256098	0.206612	0.292818	0.268156	0.243094	0.262857	0.238889	0.241379	0.251397	0.253731	0.273224	0.000000	0.229167	0.222222	0.306931	0.337079	0.313725	0.325581	0.363636	0.338889	0.345238	0.307692	0.285714	0.382022	0.333333	0.311321	0.319527	0.300813	0.323171	0.319444	0.289157	0.331461	0.384181	0.294118	0.298387	0.234043	0.277419	0.302013	0.265537	0.291391	0.312057	0.231579	0.241379	0.308271	0.329545	0.250000	0.267045	0.261111	0.289308	0.248619	0.293233	0.260606	0.276923	0.303371	0.297468	0.362205	0.273333	0.296053	0.283019	0.250000	0.241379	0.324841	0.369942	0.258621	0.337931	0.333333	0.267241	0.277027	
0.173077	0.076923	0.217391	0.161905	0.097561	0.145455	0.065574	0.238532	0.219780	0.198276	0.226087	0.055556	0.184211	0.171875	0.179775	0.198113	0.262500	0.130000	0.139130	0.200000	0.208696	0.108911	0.106796	0.153846	0.165217	0.140351	0.146552	0.127273	0.147826	0.176991	0.166667	0.246753	0.155172	0.229167	0.000000	0.084337	0.151899	0.230088	0.200000	0.200000	0.478873	0.265487	0.353535	0.328947	0.175439	0.271930	0.430769	0.397059	0.257426	0.285714	0.481481	0.428571	0.300971	0.437500	0.517544	0.123457	0.245614	0.098592	0.221053	0.263158	0.150442	0.228916	0.250000	0.135135	0.240000	0.304348	0.327434	0.200000	0.312500	0.318584	0.305263	0.226087	0.325000	0.310680	0.274725	0.234234	0.382022	0.397059	0.344828	0.254902	0.182692	0.333333	0.318182	0.245098	0.371429	0.157895	0.395604	0.273810	0.358974	0.310000	
0.147059	0.054545	0.156863	0.146853	0.065421	0.141844	0.051724	0.197183	0.150943	0.186667	0.131944	0.035714	0.140940	0.250000	0.138211	0.166667	0.273504	0.111940	0.137255	0.152318	0.164474	0.127820	0.065217	0.120690	0.118421	0.113333	0.139073	0.122449	0.113333	0.142857	0.128378	0.137255	0.138158	0.222222	0.084337	0.000000	0.101124	0.200000	0.177778	0.178571	0.393617	0.225166	0.242647	0.241071	0.169935	0.253333	0.417582	0.375000	0.239130	0.253012	0.330986	0.364341	0.248175	0.288591	0.412162	0.102041	0.186813	0.109890	0.130769	0.214286	0.190476	0.203390	0.179245	0.162500	0.136364	0.257732	0.272109	0.150685	0.208333	0.234899	0.286765	0.185430	0.283186	0.250000	0.223214	0.209459	0.264000	0.411765	0.311475	0.175573	0.170370	0.323944	0.298701	0.212598	0.368794	0.151515	0.355372	0.161905	0.333333	0.292683	
0.136000	0.072727	0.170370	0.152000	0.141509	0.125000	0.053571	0.173228	0.158416	0.201493	0.141732	0.087719	0.143939	0.160000	0.182692	0.128000	0.212121	0.170732	0.149254	0.201493	0.208955	0.155738	0.132231	0.145833	0.195489	0.166667	0.133333	0.155039	0.180451	0.187970	0.152672	0.173913	0.096296	0.306931	0.151899	0.101124	0.000000	0.230769	0.219298	0.215686	0.423529	0.223881	0.252101	0.231579	0.231343	0.233083	0.419753	0.414634	0.260163	0.212500	0.400000	0.429825	0.284553	0.300752	0.395522	0.155556	0.197531	0.109756	0.140351	0.252632	0.183206	0.227723	0.170455	0.202381	0.193548	0.247059	0.257576	0.166667	0.218750	0.261538	0.279661	0.214815	0.236559	0.247934	0.214286	0.236641	0.240741	0.397436	0.301887	0.206897	0.157025	0.303030	0.260274	0.223214	0.322314	0.172414	0.323529	0.153061	0.295918	0.271930	
0.176471	0.142857	0.199134	0.213953	0.242236	0.212560	0.211268	0.245283	0.238411	0.231441	0.215596	0.171875	0.210526	0.229358	0.208333	0.207207	0.229592	0.272727	0.272727	0.295652	0.311688	0.200000	0.201923	0.140127	0.260870	0.254386	0.252174	0.254545	0.285088	0.212670	0.230088	0.202312	0.229437	0.337079	0.230088	0.200000	0.230769	0.000000	0.243655	0.267857	0.326531	0.248908	0.227907	0.204301	0.229437	0.253333	0.344595	0.389706	0.216590	0.245161	0.353774	0.294118	0.261905	0.259912	0.365639	0.222222	0.207547	0.156522	0.194030	0.263158	0.283186	0.283505	0.267760	0.273504	0.280423	0.289941	0.269058	0.275510	0.264574	0.234513	0.297561	0.244541	0.315789	0.308057	0.215569	0.234513	0.254902	0.306250	0.280612	0.216495	0.238806	0.340909	0.288462	0.212121	0.270642	0.233766	0.312169	0.268456	0.306122	0.229508	
0.217877	0.241379	0.248756	0.229947	0.251799	0.230769	0.166667	0.236559	0.248120	0.241206	0.209424	0.183333	0.245000	0.280000	0.251497	0.257732	0.281437	0.250000	0.218905	0.255000	0.273632	0.203390	0.195531	0.218310	0.285000	0.242424	0.220000	0.209424	0.243781	0.264249	0.253807	0.226667	0.248756	0.313725	0.200000	0.177778	0.219298	0.243655	0.000000	0.222973	0.410853	0.268657	0.229947	0.272152	0.265000	0.265306	0.358779	0.376000	0.292553	0.209302	0.313514	0.327160	0.273224	0.313131	0.353846	0.254237	0.169231	0.227723	0.218391	0.268750	0.248731	0.303030	0.238710	0.224299	0.243750	0.288732	0.309645	0.258427	0.260204	0.292929	0.278409	0.251256	0.344371	0.329670	0.232877	0.188776	0.262857	0.347826	0.293413	0.198830	0.195402	0.300000	0.226804	0.180233	0.340426	0.136364	0.290123	0.232558	0.300000	0.268293	
0.166667	0.224490	0.173410	0.220859	0.216000	0.193548	0.196429	0.177914	0.208696	0.203488	0.225610	0.145833	0.200000	0.244186	0.206897	0.195266	0.186207	0.264151	0.294798	0.265896	0.277457	0.176471	0.187097	0.221239	0.250000	0.267442	0.260116	0.209877	0.261628	0.237805	0.218935	0.208955	0.208092	0.325581	0.200000	0.178571	0.215686	0.267857	0.222973	0.000000	0.373832	0.248555	0.260606	0.239437	0.226744	0.218935	0.336364	0.345794	0.251534	0.259259	0.327160	0.326087	0.267974	0.327485	0.313609	0.185567	0.200000	0.164706	0.236486	0.198582	0.263158	0.326531	0.261194	0.213483	0.255319	0.272000	0.305882	0.302632	0.278788	0.291667	0.298013	0.226744	0.354839	0.322981	0.220472	0.203488	0.230263	0.312500	0.299320	0.204082	0.162338	0.151515	0.146667	0.225166	0.320988	0.112903	0.294964	0.234234	0.232759	0.219858	
0.340741	0.659574	0.355263	0.357143	0.350877	0.381295	0.612245	0.402878	0.388889	0.366667	0.347222	0.500000	0.306667	0.520000	0.314516	0.340278	0.277778	0.380597	0.401316	0.423841	0.388158	0.378788	0.374101	0.339286	0.430464	0.357616	0.401316	0.366197	0.433333	0.383562	0.386667	0.301724	0.407895	0.363636	0.478873	0.393617	0.423529	0.326531	0.410853	0.373832	0.000000	0.379085	0.302817	0.317073	0.350993	0.302013	0.292453	0.300971	0.323944	0.221154	0.326087	0.362903	0.374101	0.315789	0.283784	0.393258	0.222222	0.430380	0.335766	0.286885	0.416107	0.373984	0.271186	0.402439	0.316667	0.314815	0.364865	0.507937	0.353741	0.328859	0.300752	0.291391	0.312500	0.376812	0.321101	0.358108	0.274809	0.327103	0.279070	0.320611	0.348485	0.439394	0.389610	0.343511	0.279720	0.500000	0.390244	0.420000	0.372549	0.330579	
0.244019	0.250000	0.228814	0.261468	0.262195	0.216981	0.239437	0.277778	0.250000	0.230769	0.237668	0.218750	0.223176	0.279279	0.253807	0.269912	0.263682	0.281690	0.305085	0.263830	0.288136	0.234146	0.232227	0.242236	0.246809	0.274678	0.259574	0.242152	0.299145	0.247788	0.246753	0.252809	0.258475	0.338889	0.265487	0.225166	0.223881	0.248908	0.268657	0.248555	0.379085	0.000000	0.239819	0.287958	0.280851	0.269565	0.269737	0.316901	0.265766	0.251572	0.310185	0.333333	0.275701	0.291845	0.286957	0.226277	0.223602	0.194915	0.253659	0.266667	0.259740	0.286432	0.276596	0.239669	0.278351	0.274286	0.305677	0.297030	0.278761	0.277056	0.322115	0.260684	0.289017	0.296296	0.273810	0.242424	0.282297	0.315152	0.258706	0.272727	0.228155	0.370787	0.317757	0.246305	0.291480	0.272727	0.328125	0.258278	0.322368	0.271277	
0.246154	0.354167	0.243243	0.250000	0.260000	0.252525	0.309091	0.242574	0.262774	0.259091	0.267943	0.333333	0.203620	0.354167	0.235602	0.251163	0.232323	0.341584	0.337838	0.333333	0.337838	0.284211	0.237374	0.226027	0.321267	0.286364	0.289593	0.224880	0.347032	0.283019	0.290323	0.218391	0.270270	0.345238	0.353535	0.242647	0.252101	0.227907	0.229947	0.260606	0.302817	0.239819	0.000000	0.240838	0.262443	0.259259	0.322148	0.335878	0.247664	0.182390	0.246305	0.262857	0.286432	0.252294	0.282407	0.338843	0.186335	0.233010	0.230769	0.242268	0.310502	0.331633	0.257895	0.330189	0.276923	0.264706	0.293023	0.329412	0.259434	0.248848	0.257576	0.263636	0.304878	0.305825	0.237179	0.228311	0.215686	0.289308	0.237113	0.271739	0.229167	0.397260	0.293478	0.235602	0.265403	0.295082	0.270718	0.255474	0.316176	0.283237	
0.190476	0.214286	0.238342	0.198864	0.236220	0.229885	0.333333	0.225434	0.230088	0.240838	0.237569	0.275862	0.218750	0.223684	0.223529	0.214660	0.229508	0.311111	0.300518	0.316062	0.304124	0.231707	0.244186	0.158333	0.302083	0.270833	0.265625	0.261111	0.321053	0.239130	0.238095	0.186335	0.259067	0.307692	0.328947	0.241071	0.231579	0.204301	0.272152	0.239437	0.317073	0.287958	0.240838	0.000000	0.276042	0.235294	0.300752	0.252174	0.242105	0.204082	0.292135	0.229730	0.180233	0.221053	0.283422	0.313131	0.214765	0.175676	0.235632	0.263736	0.270833	0.291209	0.279330	0.212500	0.250000	0.256250	0.220430	0.261538	0.224044	0.196809	0.262857	0.214660	0.278912	0.243094	0.212121	0.230366	0.198925	0.229167	0.200000	0.219355	0.201220	0.156863	0.205882	0.239521	0.262032	0.232558	0.210191	0.221239	0.185841	0.270270	
0.196172	0.109375	0.177215	0.205479	0.181818	0.215962	0.084507	0.253456	0.222222	0.217021	0.214286	0.093750	0.188034	0.223214	0.216080	0.215859	0.217822	0.246512	0.270042	0.241525	0.240506	0.208738	0.189573	0.186335	0.248945	0.264957	0.266949	0.168889	0.230769	0.211454	0.254310	0.229050	0.244726	0.285714	0.175439	0.169935	0.231343	0.229437	0.265000	0.226744	0.350993	0.280851	0.262443	0.276042	0.000000	0.251082	0.281046	0.340426	0.269058	0.265432	0.359447	0.326316	0.241860	0.321888	0.354978	0.205882	0.233129	0.210084	0.194175	0.270408	0.219828	0.220000	0.264550	0.181818	0.287179	0.285714	0.257642	0.240000	0.268722	0.301724	0.291866	0.268085	0.291429	0.276498	0.258824	0.245690	0.295238	0.351515	0.287129	0.251256	0.236715	0.311111	0.261682	0.259804	0.343750	0.207792	0.321244	0.320261	0.302632	0.276596	
0.204878	0.250000	0.228448	0.233645	0.248447	0.220096	0.242857	0.228972	0.264901	0.208696	0.245455	0.234375	0.218341	0.270270	0.259067	0.234234	0.248731	0.277512	0.267241	0.285714	0.293103	0.232673	0.244019	0.242038	0.307359	0.270742	0.262931	0.250000	0.313043	0.269058	0.268722	0.218391	0.275862	0.382022	0.271930	0.253333	0.233083	0.253333	0.265306	0.218935	0.302013	0.269565	0.259259	0.235294	0.251082	0.000000	0.273333	0.335714	0.261468	0.221519	0.344340	0.311828	0.276190	0.302632	0.309735	0.235294	0.230769	0.232759	0.233831	0.277487	0.290749	0.302564	0.277174	0.214876	0.289474	0.304094	0.293333	0.303922	0.301802	0.295154	0.333333	0.269565	0.311765	0.292453	0.277108	0.246696	0.253659	0.322981	0.242424	0.258883	0.232673	0.314607	0.327103	0.246231	0.310502	0.210526	0.312169	0.304054	0.317568	0.266304	
0.350746	0.593750	0.318182	0.370629	0.356436	0.330935	0.538462	0.342657	0.287356	0.287582	0.333333	0.457143	0.346405	0.369863	0.291971	0.324324	0.224638	0.364286	0.428571	0.337662	0.363636	0.340741	0.378788	0.316832	0.372549	0.372549	0.400000	0.307692	0.361842	0.365517	0.389262	0.289062	0.376623	0.333333	0.430769	0.417582	0.419753	0.344595	0.358779	0.336364	0.292453	0.269737	0.322148	0.300752	0.281046	0.273333	0.000000	0.303922	0.324503	0.250000	0.260563	0.300000	0.246377	0.313725	0.300000	0.375000	0.283186	0.380282	0.321168	0.323308	0.339869	0.318519	0.244275	0.405405	0.311111	0.241667	0.222973	0.362069	0.281879	0.326667	0.282609	0.300654	0.216216	0.243056	0.318584	0.317881	0.302817	0.252252	0.203008	0.330709	0.330827	0.400000	0.338462	0.347826	0.285714	0.500000	0.301587	0.414894	0.333333	0.282051	
0.349206	0.571429	0.333333	0.330769	0.352941	0.328125	0.470588	0.310606	0.333333	0.326241	0.371212	0.465116	0.285714	0.351351	0.233333	0.274074	0.265487	0.395349	0.429577	0.352113	0.354610	0.322581	0.353846	0.287129	0.387324	0.357143	0.340426	0.325581	0.390071	0.352518	0.350365	0.236364	0.354610	0.311321	0.397059	0.375000	0.414634	0.389706	0.376000	0.345794	0.300971	0.316901	0.335878	0.252174	0.340426	0.335714	0.303922	0.000000	0.295455	0.242424	0.297710	0.309735	0.312000	0.304965	0.328467	0.397727	0.272727	0.352113	0.336134	0.245455	0.352113	0.339286	0.254717	0.384615	0.252252	0.237113	0.338235	0.400000	0.283582	0.264706	0.256198	0.312057	0.377358	0.312500	0.388889	0.313869	0.211864	0.204082	0.268908	0.314050	0.317460	0.419355	0.359375	0.351145	0.325758	0.510204	0.324324	0.414894	0.344086	0.315789	
0.177665	0.250000	0.241071	0.237864	0.225166	0.210000	0.275862	0.242718	0.278571	0.279279	0.279621	0.230769	0.247748	0.257426	0.252577	0.238532	0.242424	0.274510	0.303571	0.325893	0.303571	0.218750	0.260000	0.190476	0.304933	0.297297	0.282511	0.235849	0.312217	0.252336	0.237443	0.252874	0.254464	0.319527	0.257426	0.239130	0.260163	0.216590	0.292553	0.251534	0.323944	0.265766	0.247664	0.242105	0.269058	0.261468	0.324503	0.295455	0.000000	0.218750	0.276699	0.299435	0.282178	0.310811	0.334862	0.272000	0.169811	0.194444	0.237374	0.236842	0.279279	0.310881	0.260638	0.275229	0.259067	0.274854	0.282407	0.325843	0.261682	0.251142	0.311558	0.243243	0.310976	0.266990	0.278481	0.259091	0.269231	0.273885	0.238342	0.251337	0.251282	0.337662	0.270833	0.278351	0.281690	0.292308	0.336957	0.280576	0.335714	0.238636	
