0.000000	0.266667	0.384615	0.236842	0.277778	0.291139	0.428571	0.348837	0.337500	0.271186	0.250000	0.355263	0.320513	0.259740	0.306122	0.341772	0.316456	0.352941	0.272727	0.350000	0.350000	0.358974	0.367089	0.387500	0.320513	0.298701	0.454545	0.278481	0.265823	0.367089	0.250000	0.354430	0.375000	0.367089	0.237500	0.294872	0.500000	0.275000	0.325000	0.220779	0.392405	0.350000	0.287500	0.341772	0.269231	0.275000	0.305556	0.316456	0.341772	0.265823	0.324675	0.303797	0.387500	0.341772	0.275000	0.291139	0.320000	0.325000	0.337500	0.384615	0.350000	0.300000	0.300000	0.329114	0.289474	0.300000	0.320000	0.333333	0.316456	0.311688	0.217949	0.346154	0.269231	0.227848	0.291139	
0.266667	0.000000	0.306667	0.275103	0.305671	0.282609	0.289720	0.282555	0.295060	0.280603	0.300000	0.274563	0.313370	0.296097	0.320961	0.338235	0.290885	0.289552	0.294197	0.292848	0.326232	0.285135	0.283221	0.293333	0.285141	0.272849	0.284722	0.279412	0.292181	0.306343	0.298128	0.300802	0.278075	0.319035	0.262317	0.283422	0.335526	0.321716	0.279352	0.296599	0.316845	0.307898	0.287500	0.302419	0.274324	0.279627	0.315789	0.322973	0.311050	0.330645	0.296097	0.284182	0.306667	0.281501	0.294511	0.301736	0.283934	0.321237	0.289544	0.284564	0.279133	0.305851	0.299065	0.292059	0.287634	0.323490	0.296448	0.283604	0.288204	0.317631	0.286676	0.305741	0.303476	0.283784	0.315013	
0.384615	0.306667	0.000000	0.272158	0.275681	0.280164	0.277652	0.265421	0.293051	0.274756	0.262626	0.282675	0.281381	0.274848	0.295238	0.292634	0.289047	0.270000	0.263747	0.258163	0.270896	0.275051	0.255578	0.287437	0.291331	0.264914	0.321244	0.269889	0.278297	0.284990	0.288016	0.295661	0.269970	0.279798	0.284422	0.271630	0.325359	0.294652	0.286294	0.292608	0.285859	0.282543	0.276907	0.272819	0.270325	0.271630	0.300464	0.292981	0.265432	0.264170	0.266464	0.292634	0.302817	0.261616	0.287588	0.263158	0.273772	0.265451	0.271992	0.273556	0.274490	0.268072	0.287298	0.272081	0.298174	0.289474	0.285421	0.288229	0.294237	0.283976	0.288170	0.283552	0.287879	0.263959	0.253535	
0.236842	0.275103	0.272158	0.000000	0.289130	0.287381	0.301887	0.314563	0.278706	0.281977	0.287958	0.290221	0.275488	0.300420	0.328383	0.287356	0.292017	0.289017	0.258166	0.275132	0.294363	0.284355	0.308499	0.273958	0.278997	0.266247	0.317460	0.302714	0.288482	0.299685	0.281543	0.279289	0.275393	0.299476	0.283039	0.291232	0.342995	0.287958	0.296218	0.254255	0.285565	0.287056	0.264865	0.294427	0.293375	0.298647	0.278986	0.299578	0.283582	0.272823	0.277311	0.293319	0.303850	0.267782	0.286013	0.283019	0.286645	0.270242	0.278243	0.283770	0.277719	0.292404	0.285266	0.266036	0.275393	0.278826	0.272340	0.286203	0.272537	0.269958	0.283019	0.307933	0.306806	0.276842	0.294241	
0.277778	0.305671	0.275681	0.289130	0.000000	0.288462	0.296209	0.314672	0.298319	0.252199	0.292632	0.297354	0.287118	0.292063	0.290909	0.283912	0.291755	0.284714	0.305732	0.277837	0.294118	0.283885	0.305497	0.272537	0.282105	0.265048	0.307263	0.287815	0.286024	0.294492	0.290966	0.283912	0.286316	0.278188	0.276440	0.300420	0.326633	0.280000	0.302966	0.288009	0.302424	0.284211	0.297062	0.292503	0.300847	0.289612	0.305825	0.290870	0.277778	0.312236	0.296296	0.298947	0.312697	0.277134	0.288118	0.269758	0.280130	0.299154	0.287671	0.289641	0.303191	0.282427	0.297581	0.286017	0.289947	0.277426	0.287086	0.290138	0.313291	0.313228	0.287223	0.280757	0.276080	0.284656	0.287671	
0.291139	0.282609	0.280164	0.287381	0.288462	0.000000	0.267442	0.318008	0.292008	0.268571	0.303590	0.270855	0.309574	0.310309	0.305331	0.302875	0.306502	0.288136	0.286453	0.284232	0.317623	0.291363	0.273944	0.268916	0.284103	0.277778	0.256545	0.276639	0.291755	0.283798	0.280164	0.278234	0.281314	0.290256	0.291411	0.290686	0.354067	0.300103	0.273478	0.284672	0.281314	0.295385	0.298618	0.291452	0.307216	0.283231	0.299408	0.303719	0.296025	0.264132	0.303811	0.308718	0.309816	0.275437	0.273101	0.293210	0.296493	0.281153	0.281314	0.298768	0.282158	0.284694	0.294661	0.296907	0.288958	0.279094	0.281087	0.290685	0.279835	0.295876	0.283659	0.276639	0.281893	0.273196	0.285128	
0.428571	0.289720	0.277652	0.301887	0.296209	0.267442	0.000000	0.311966	0.284424	0.301038	0.307692	0.276888	0.306413	0.271264	0.312268	0.294785	0.299087	0.261845	0.274194	0.288018	0.298405	0.317130	0.263158	0.281818	0.305430	0.284091	0.274725	0.263636	0.306977	0.327982	0.309795	0.269841	0.276018	0.292906	0.289593	0.321995	0.363636	0.288636	0.259174	0.295195	0.281818	0.280822	0.319149	0.277523	0.282110	0.273138	0.247312	0.306636	0.288056	0.305747	0.280543	0.293850	0.303855	0.285388	0.299320	0.252874	0.255814	0.253456	0.273563	0.275229	0.307159	0.303167	0.282460	0.286041	0.292906	0.288330	0.267281	0.297436	0.313636	0.287671	0.260274	0.266515	0.292517	0.246575	0.264237	
0.348837	0.282555	0.265421	0.314563	0.314672	0.318008	0.311966	0.000000	0.280899	0.286111	0.306968	0.294340	0.314342	0.295113	0.336478	0.310861	0.328922	0.286008	0.290875	0.303774	0.276316	0.296226	0.270321	0.276636	0.290807	0.276836	0.338843	0.272045	0.307843	0.296578	0.287054	0.316479	0.283554	0.301318	0.278505	0.282772	0.342593	0.300188	0.273245	0.307400	0.317757	0.313910	0.298828	0.290019	0.299048	0.305243	0.332584	0.330798	0.282692	0.294559	0.307547	0.311321	0.289720	0.278719	0.298311	0.280075	0.295276	0.310150	0.314501	0.292220	0.311787	0.289179	0.319626	0.290875	0.288136	0.284369	0.285714	0.298569	0.291353	0.270833	0.310606	0.290807	0.279550	0.278719	0.292683	
0.337500	0.295060	0.293051	0.278706	0.298319	0.292008	0.284424	0.280899	0.000000	0.277545	0.270707	0.243655	0.280335	0.282961	0.299841	0.295960	0.270051	0.278707	0.264766	0.260470	0.279960	0.272262	0.267748	0.272910	0.283114	0.284701	0.288660	0.286579	0.259875	0.280488	0.272177	0.264914	0.274014	0.278059	0.267606	0.286002	0.341346	0.264646	0.281947	0.266667	0.267947	0.273737	0.264644	0.280203	0.298067	0.286002	0.269767	0.279472	0.298047	0.290780	0.265720	0.264646	0.286002	0.276036	0.285859	0.261398	0.297495	0.282234	0.292806	0.261663	0.274490	0.288442	0.263636	0.284264	0.280933	0.262146	0.282922	0.296909	0.265925	0.276142	0.279352	0.282543	0.269697	0.256853	0.274747	
0.271186	0.280603	0.274756	0.281977	0.252199	0.268571	0.301038	0.286111	0.277545	0.000000	0.291899	0.266573	0.287172	0.304654	0.286344	0.300140	0.265537	0.291732	0.286119	0.260313	0.276773	0.273759	0.267983	0.276151	0.260140	0.269014	0.341880	0.286713	0.267054	0.260563	0.264993	0.281119	0.266480	0.283310	0.252441	0.287709	0.343750	0.282517	0.270308	0.277937	0.282700	0.293706	0.276411	0.292717	0.288732	0.302228	0.254317	0.269774	0.282270	0.269285	0.283099	0.277933	0.283520	0.270572	0.269285	0.270687	0.268613	0.291961	0.291139	0.290141	0.273371	0.279944	0.266106	0.254930	0.288732	0.279494	0.279770	0.307692	0.274126	0.292135	0.281907	0.292717	0.299157	0.279494	0.296919	
0.250000	0.300000	0.262626	0.287958	0.292632	0.303590	0.307692	0.306968	0.270707	0.291899	0.000000	0.273931	0.316562	0.288187	0.318400	0.288462	0.275967	0.270694	0.295918	0.279427	0.304040	0.286742	0.264766	0.283838	0.297872	0.278455	0.310526	0.280081	0.293014	0.299694	0.296259	0.297872	0.294833	0.293820	0.281534	0.287159	0.353774	0.288032	0.290946	0.278807	0.303245	0.283688	0.281675	0.281504	0.268367	0.312121	0.303030	0.297959	0.273196	0.306911	0.274949	0.271255	0.289899	0.274848	0.282675	0.276423	0.303253	0.282808	0.290355	0.298780	0.283521	0.292339	0.299899	0.287894	0.281346	0.290355	0.284536	0.292035	0.290355	0.304878	0.302538	0.289181	0.282961	0.255601	0.281662	
0.355263	0.274563	0.282675	0.290221	0.297354	0.270855	0.276888	0.294340	0.243655	0.266573	0.273931	0.000000	0.286617	0.283673	0.326923	0.290946	0.284254	0.277716	0.271795	0.273663	0.298477	0.280702	0.276813	0.288754	0.289929	0.291539	0.298969	0.267276	0.289446	0.274029	0.279635	0.292683	0.286442	0.280488	0.284701	0.280648	0.344498	0.288187	0.281186	0.276860	0.288325	0.281790	0.258947	0.293156	0.273566	0.282675	0.280047	0.285128	0.278756	0.295617	0.283673	0.281504	0.298886	0.261179	0.283825	0.289796	0.284510	0.276531	0.269113	0.279592	0.283951	0.302632	0.272635	0.281920	0.272262	0.285423	0.278180	0.302997	0.276249	0.281633	0.261978	0.278455	0.282077	0.279141	0.271341	
0.320513	0.313370	0.281381	0.275488	0.287118	0.309574	0.306413	0.314342	0.280335	0.287172	0.316562	0.286617	0.000000	0.291272	0.308581	0.298742	0.284510	0.283063	0.281481	0.271474	0.286611	0.300106	0.287368	0.294979	0.306806	0.295478	0.336898	0.289749	0.299136	0.277719	0.287958	0.290966	0.295168	0.300420	0.299896	0.284519	0.325123	0.296218	0.301370	0.299255	0.298319	0.300105	0.298378	0.308746	0.303383	0.299163	0.288299	0.310454	0.287701	0.290526	0.286617	0.295288	0.307531	0.281513	0.306080	0.289169	0.289130	0.311579	0.277603	0.298319	0.279661	0.281837	0.286611	0.324552	0.302424	0.298633	0.304904	0.284235	0.290661	0.294737	0.286765	0.317277	0.312369	0.290084	0.284365	
0.259740	0.296097	0.274848	0.300420	0.292063	0.310309	0.271264	0.295113	0.282961	0.304654	0.288187	0.283673	0.291272	0.000000	0.305112	0.287894	0.280164	0.301232	0.263590	0.287037	0.287018	0.293936	0.267347	0.280648	0.266802	0.288187	0.350785	0.273096	0.282723	0.291709	0.294833	0.285132	0.288481	0.279188	0.294833	0.297160	0.291866	0.297352	0.291411	0.302374	0.291667	0.309257	0.291886	0.295199	0.281762	0.308316	0.278555	0.293033	0.290589	0.284114	0.279877	0.276704	0.285714	0.265784	0.283537	0.285714	0.285564	0.283963	0.305810	0.279592	0.293936	0.269231	0.283537	0.296939	0.297242	0.288481	0.308170	0.291898	0.292261	0.289366	0.288776	0.276423	0.289206	0.271984	0.275127	
0.306122	0.320961	0.295238	0.328383	0.290909	0.305331	0.312268	0.336478	0.299841	0.286344	0.318400	0.326923	0.308581	0.305112	0.000000	0.288889	0.308307	0.326786	0.299035	0.297078	0.312102	0.286408	0.253589	0.293651	0.303657	0.290735	0.379032	0.295238	0.285246	0.324238	0.303175	0.279107	0.300477	0.272293	0.275040	0.321712	0.365217	0.313600	0.312399	0.279221	0.284579	0.311005	0.308072	0.300800	0.286634	0.301587	0.328358	0.299517	0.288052	0.290530	0.302251	0.291401	0.290016	0.282297	0.281847	0.290530	0.311987	0.288462	0.281847	0.314103	0.312399	0.305246	0.305732	0.266773	0.296474	0.315200	0.316476	0.297909	0.274760	0.300800	0.282748	0.305732	0.315287	0.282748	0.288676	
0.341772	0.338235	0.292634	0.287356	0.283912	0.302875	0.294785	0.310861	0.295960	0.300140	0.288462	0.290946	0.298742	0.287894	0.288889	0.000000	0.288187	0.300223	0.287755	0.298569	0.306061	0.278234	0.284842	0.290616	0.292806	0.294416	0.317708	0.300706	0.302083	0.291242	0.276488	0.301619	0.292510	0.291793	0.282258	0.304040	0.347619	0.306991	0.282077	0.307930	0.301925	0.317814	0.323560	0.324187	0.298675	0.289606	0.298368	0.295918	0.288363	0.283249	0.290650	0.298583	0.309476	0.287741	0.298583	0.310660	0.301154	0.308240	0.280648	0.297764	0.293756	0.292044	0.278340	0.315361	0.286151	0.303245	0.296296	0.277348	0.282961	0.292981	0.307614	0.271992	0.303245	0.289929	0.291793	
0.316456	0.290885	0.289047	0.292017	0.291755	0.306502	0.299087	0.328922	0.270051	0.265537	0.275967	0.284254	0.284510	0.280164	0.308307	0.288187	0.000000	0.278339	0.275897	0.261586	0.281504	0.291452	0.266802	0.281947	0.270051	0.283673	0.322917	0.281218	0.281381	0.270492	0.278173	0.290520	0.265036	0.274210	0.289474	0.279472	0.331731	0.304171	0.261491	0.286749	0.286151	0.267276	0.286316	0.270961	0.285861	0.290355	0.288056	0.283077	0.293996	0.262513	0.290389	0.263692	0.290355	0.277268	0.257375	0.276531	0.274262	0.282653	0.294297	0.280041	0.269270	0.278622	0.285860	0.290816	0.274309	0.291113	0.292531	0.288098	0.285714	0.296221	0.288481	0.281790	0.306911	0.276356	0.281059	
0.352941	0.289552	0.270000	0.289017	0.284714	0.288136	0.261845	0.286008	0.278707	0.291732	0.270694	0.277716	0.283063	0.301232	0.326786	0.300223	0.278339	0.000000	0.285231	0.261851	0.282051	0.294118	0.285073	0.301446	0.280447	0.283632	0.300546	0.297327	0.274083	0.280899	0.296667	0.280761	0.266517	0.289062	0.279199	0.278707	0.325967	0.279330	0.280269	0.285714	0.293200	0.293200	0.292627	0.284753	0.275591	0.275056	0.292839	0.293722	0.287671	0.284434	0.275785	0.292411	0.276667	0.270089	0.299441	0.294972	0.286876	0.290359	0.285235	0.278523	0.266968	0.285556	0.273438	0.292929	0.295964	0.277716	0.297511	0.273284	0.282998	0.286195	0.273543	0.280134	0.278523	0.279148	0.274247	
0.272727	0.294197	0.263747	0.258166	0.305732	0.286453	0.274194	0.290875	0.264766	0.286119	0.295918	0.271795	0.281481	0.263590	0.299035	0.287755	0.275897	0.285231	0.000000	0.270382	0.286442	0.279793	0.267418	0.266531	0.284694	0.282497	0.284211	0.287462	0.275499	0.298047	0.272912	0.277835	0.283963	0.277835	0.277439	0.300714	0.342995	0.295199	0.269467	0.286157	0.289070	0.270408	0.271383	0.296827	0.274409	0.290224	0.267059	0.290123	0.284528	0.290686	0.300205	0.279756	0.276704	0.273006	0.258163	0.269467	0.274364	0.275897	0.283231	0.271238	0.284830	0.293699	0.263534	0.285861	0.293936	0.287615	0.308091	0.272525	0.268916	0.272541	0.295803	0.271152	0.268916	0.280000	0.258919	
0.350000	0.292848	0.258163	0.275132	0.277837	0.284232	0.288018	0.303774	0.260470	0.260313	0.279427	0.273663	0.271474	0.287037	0.297078	0.298569	0.261586	0.261851	0.270382	0.000000	0.273469	0.272822	0.266461	0.269113	0.264344	0.279261	0.338710	0.269939	0.261328	0.272915	0.292135	0.274309	0.269467	0.284254	0.292261	0.265577	0.362745	0.270492	0.296601	0.265625	0.289959	0.281474	0.286920	0.282341	0.278351	0.284694	0.278496	0.265705	0.286902	0.254359	0.274409	0.272262	0.281633	0.274590	0.272262	0.269467	0.280255	0.262076	0.277380	0.277492	0.263975	0.279022	0.283521	0.271885	0.279094	0.280000	0.280957	0.288591	0.275615	0.287770	0.262564	0.295501	0.281762	0.289825	0.264344	
0.350000	0.326232	0.270896	0.294363	0.294118	0.317623	0.298405	0.276316	0.279960	0.276773	0.304040	0.298477	0.286611	0.287018	0.312102	0.306061	0.281504	0.282051	0.286442	0.273469	0.000000	0.278403	0.268763	0.303823	0.270981	0.285714	0.307692	0.285570	0.282744	0.278455	0.265861	0.281818	0.279352	0.292929	0.273642	0.284274	0.357143	0.278788	0.296146	0.314168	0.289181	0.288889	0.263598	0.280648	0.299797	0.294058	0.289687	0.302444	0.281153	0.299899	0.275127	0.287879	0.268882	0.269970	0.297980	0.264438	0.279289	0.275127	0.281662	0.299189	0.288049	0.279397	0.293939	0.299492	0.290650	0.288754	0.318602	0.290287	0.296259	0.278173	0.289474	0.281818	0.288170	0.253550	0.296259	
0.358974	0.285135	0.275051	0.284355	0.283885	0.291363	0.317130	0.296226	0.272262	0.273759	0.286742	0.280702	0.300106	0.293936	0.286408	0.278234	0.291452	0.294118	0.279793	0.272822	0.278403	0.000000	0.273478	0.281920	0.289528	0.271885	0.366492	0.292733	0.270042	0.276574	0.273286	0.288501	0.262346	0.284687	0.278119	0.270215	0.333333	0.305955	0.282025	0.289144	0.278234	0.281026	0.264331	0.307534	0.286453	0.272727	0.287222	0.295455	0.288401	0.289095	0.290722	0.301230	0.292733	0.295688	0.292608	0.282631	0.270988	0.286303	0.298768	0.281603	0.303627	0.271706	0.292008	0.273478	0.297741	0.276465	0.260188	0.284270	0.283951	0.276004	0.299691	0.297851	0.270492	0.268595	0.261807	
0.367089	0.283221	0.255578	0.308499	0.305497	0.273944	0.263158	0.270321	0.267748	0.267983	0.264766	0.276813	0.287368	0.267347	0.253589	0.284842	0.266802	0.285073	0.267418	0.266461	0.268763	0.273478	0.000000	0.280648	0.269309	0.273191	0.316062	0.267276	0.244770	0.267144	0.274848	0.274949	0.267821	0.270600	0.260870	0.269036	0.296651	0.290224	0.280899	0.286453	0.259410	0.295732	0.264489	0.270684	0.254601	0.300203	0.261124	0.266393	0.273575	0.274210	0.266327	0.279472	0.280648	0.248473	0.261929	0.273469	0.258439	0.288049	0.295617	0.272171	0.251029	0.269231	0.249237	0.265306	0.295199	0.272449	0.276398	0.286031	0.267821	0.261759	0.276531	0.274669	0.271894	0.261491	0.254065	
0.387500	0.293333	0.287437	0.273958	0.272537	0.268916	0.281818	0.276636	0.272910	0.276151	0.283838	0.288754	0.294979	0.280648	0.293651	0.290616	0.281947	0.301446	0.266531	0.269113	0.303823	0.281920	0.280648	0.000000	0.280525	0.262146	0.324742	0.270896	0.269990	0.292386	0.280684	0.293939	0.283114	0.296371	0.297487	0.296073	0.379147	0.303734	0.280203	0.283077	0.276488	0.272452	0.310345	0.277328	0.300813	0.286720	0.296640	0.283825	0.277778	0.282103	0.300912	0.298688	0.296482	0.288889	0.285570	0.269231	0.286611	0.289767	0.274014	0.285714	0.308163	0.277108	0.300403	0.282961	0.275862	0.278340	0.286154	0.287445	0.285859	0.301217	0.293225	0.296670	0.297980	0.270517	0.295661	
0.320513	0.285141	0.291331	0.278997	0.282105	0.284103	0.305430	0.290807	0.283114	0.260140	0.297872	0.289929	0.306806	0.266802	0.303657	0.292806	0.270051	0.280447	0.284694	0.264344	0.270981	0.289528	0.269309	0.280525	0.000000	0.303553	0.317708	0.280808	0.274244	0.294297	0.275025	0.287741	0.265720	0.284990	0.288306	0.283838	0.298077	0.283401	0.273652	0.302781	0.271805	0.303644	0.286611	0.276704	0.271152	0.278788	0.280886	0.291837	0.274227	0.270325	0.267005	0.288170	0.282543	0.250507	0.274291	0.278173	0.288260	0.276423	0.288032	0.278905	0.262027	0.279234	0.296559	0.285860	0.280041	0.275407	0.276574	0.272124	0.285279	0.275687	0.277890	0.285137	0.295846	0.280488	0.278622	
0.298701	0.272849	0.264914	0.266247	0.265048	0.277778	0.284091	0.276836	0.284701	0.269014	0.278455	0.291539	0.295478	0.288187	0.290735	0.294416	0.283673	0.283632	0.282497	0.279261	0.285714	0.271885	0.273191	0.262146	0.303553	0.000000	0.295337	0.265720	0.287356	0.288776	0.276596	0.289340	0.290946	0.282234	0.295248	0.290192	0.328502	0.270325	0.287028	0.292355	0.294416	0.295132	0.279706	0.285714	0.288344	0.293522	0.285548	0.306039	0.286749	0.285860	0.281346	0.297462	0.295547	0.281504	0.298886	0.278004	0.297269	0.287755	0.281059	0.298371	0.297436	0.301010	0.281947	0.273469	0.297242	0.286151	0.295760	0.284922	0.289634	0.281633	0.299084	0.289340	0.313008	0.261491	0.280488	
0.454545	0.284722	0.321244	0.317460	0.307263	0.256545	0.274725	0.338843	0.288660	0.341880	0.310526	0.298969	0.336898	0.350785	0.379032	0.317708	0.322917	0.300546	0.284211	0.338710	0.307692	0.366492	0.316062	0.324742	0.317708	0.295337	0.000000	0.303665	0.320856	0.324468	0.321244	0.298969	0.319372	0.287958	0.340206	0.274611	0.486486	0.326425	0.310526	0.291005	0.309278	0.292308	0.277174	0.279793	0.321244	0.314433	0.271605	0.312500	0.304813	0.342105	0.253886	0.338542	0.317949	0.310881	0.312821	0.307292	0.308901	0.263158	0.301075	0.324742	0.274611	0.331606	0.319372	0.317460	0.324607	0.287958	0.342246	0.253012	0.354167	0.354167	0.270833	0.319588	0.338542	0.286458	0.301587	
0.278481	0.279412	0.269889	0.302714	0.287815	0.276639	0.263636	0.272045	0.286579	0.286713	0.280081	0.267276	0.289749	0.273096	0.295238	0.300706	0.281218	0.297327	0.287462	0.269939	0.285570	0.292733	0.267276	0.270896	0.280808	0.265720	0.303665	0.000000	0.273389	0.307927	0.273185	0.283401	0.271992	0.281377	0.283988	0.282543	0.344340	0.285137	0.271341	0.282341	0.276316	0.280081	0.304075	0.281218	0.284114	0.278226	0.290698	0.283096	0.280124	0.273834	0.279472	0.302020	0.276210	0.269231	0.265925	0.277890	0.272537	0.291075	0.280081	0.277890	0.308478	0.254527	0.280808	0.270051	0.279472	0.272819	0.295267	0.278146	0.284701	0.288325	0.281662	0.289899	0.292510	0.278173	0.283114	
0.265823	0.292181	0.278297	0.288482	0.286024	0.291755	0.306977	0.307843	0.259875	0.267054	0.293014	0.289446	0.299136	0.282723	0.285246	0.302083	0.281381	0.274083	0.275499	0.261328	0.282744	0.270042	0.244770	0.269990	0.274244	0.287356	0.320856	0.273389	0.000000	0.260733	0.280665	0.287500	0.259916	0.274244	0.270747	0.283784	0.331683	0.286757	0.292453	0.281018	0.279917	0.263267	0.280475	0.255497	0.289612	0.298755	0.271207	0.278069	0.274655	0.273772	0.295288	0.286458	0.299065	0.252083	0.280957	0.283177	0.299136	0.295288	0.280042	0.295716	0.292940	0.277720	0.276795	0.264151	0.296335	0.271116	0.301486	0.291572	0.286013	0.278243	0.274817	0.285120	0.283629	0.266247	0.288542	
0.367089	0.306343	0.284990	0.299685	0.294492	0.283798	0.327982	0.296578	0.280488	0.260563	0.299694	0.274029	0.277719	0.291709	0.324238	0.291242	0.270492	0.280899	0.298047	0.272915	0.278455	0.276574	0.267144	0.292386	0.294297	0.288776	0.324468	0.307927	0.260733	0.000000	0.291667	0.281790	0.284404	0.284404	0.283976	0.278905	0.333333	0.275229	0.285568	0.312629	0.297352	0.304171	0.273973	0.293456	0.281762	0.275862	0.314185	0.262564	0.295643	0.284404	0.303681	0.285132	0.300508	0.295015	0.299389	0.289070	0.298209	0.281186	0.299285	0.294178	0.269825	0.294833	0.292981	0.305328	0.292434	0.282653	0.295643	0.300668	0.282653	0.294780	0.274490	0.301426	0.290816	0.272541	0.298675	
0.250000	0.298128	0.288016	0.281543	0.290966	0.280164	0.309795	0.287054	0.272177	0.264993	0.296259	0.279635	0.287958	0.294833	0.303175	0.276488	0.278173	0.296667	0.272912	0.292135	0.265861	0.273286	0.274848	0.280684	0.275025	0.276596	0.321244	0.273185	0.280665	0.291667	0.000000	0.296670	0.281092	0.289606	0.262575	0.281250	0.341232	0.278788	0.263959	0.277949	0.286579	0.283838	0.269874	0.298886	0.271066	0.292044	0.288037	0.276986	0.260556	0.282389	0.278905	0.291625	0.296781	0.269970	0.272727	0.268219	0.283770	0.307302	0.268687	0.296559	0.295199	0.283417	0.290909	0.285714	0.277157	0.281092	0.278520	0.275634	0.272267	0.265720	0.273556	0.278788	0.295547	0.276596	0.283552	
0.354430	0.300802	0.295661	0.279289	0.283912	0.278234	0.269841	0.316479	0.264914	0.281119	0.297872	0.292683	0.290966	0.285132	0.279107	0.301619	0.290520	0.280761	0.277835	0.274309	0.281818	0.288501	0.274949	0.293939	0.287741	0.289340	0.298969	0.283401	0.287500	0.281790	0.296670	0.000000	0.288032	0.304260	0.285570	0.289899	0.344498	0.279635	0.277268	0.290722	0.287741	0.282675	0.299476	0.301829	0.285423	0.286290	0.298368	0.295199	0.298661	0.305894	0.283825	0.296859	0.277778	0.281377	0.285714	0.282234	0.270724	0.280041	0.294715	0.284553	0.306352	0.296371	0.286437	0.295617	0.291242	0.278622	0.284536	0.281457	0.298477	0.296334	0.263959	0.290486	0.286294	0.278004	0.258621	
0.375000	0.278075	0.269970	0.275393	0.286316	0.281314	0.276018	0.283554	0.274014	0.266480	0.294833	0.286442	0.295168	0.288481	0.300477	0.292510	0.265036	0.266517	0.283963	0.269467	0.279352	0.262346	0.267821	0.283114	0.265720	0.290946	0.319372	0.271992	0.259916	0.284404	0.281092	0.288032	0.000000	0.285279	0.284848	0.270981	0.307692	0.290355	0.267074	0.285567	0.287310	0.291075	0.266736	0.286877	0.295199	0.281092	0.295561	0.278856	0.278638	0.268566	0.292261	0.285714	0.276036	0.279188	0.273834	0.276704	0.288118	0.270876	0.278905	0.286877	0.286885	0.274470	0.270791	0.297352	0.292559	0.303553	0.303406	0.273533	0.272358	0.269857	0.276423	0.277328	0.275407	0.271894	0.278905	
0.367089	0.319035	0.279798	0.299476	0.278188	0.290256	0.292906	0.301318	0.278059	0.283310	0.293820	0.280488	0.300420	0.279188	0.272293	0.291793	0.274210	0.289062	0.277835	0.284254	0.292929	0.284687	0.270600	0.296371	0.284990	0.282234	0.287958	0.281377	0.274244	0.284404	0.289606	0.304260	0.285279	0.000000	0.293643	0.281092	0.320574	0.290061	0.280041	0.306584	0.288170	0.310030	0.289308	0.301829	0.296939	0.284848	0.274100	0.295199	0.274510	0.291371	0.300813	0.289767	0.299697	0.273834	0.278340	0.286585	0.295597	0.270600	0.304569	0.288911	0.274590	0.274194	0.292806	0.274669	0.298371	0.281947	0.297631	0.290608	0.296146	0.289206	0.271066	0.303951	0.296447	0.269583	0.273279	
0.237500	0.262317	0.284422	0.283039	0.276440	0.291411	0.289593	0.278505	0.267606	0.252441	0.281534	0.284701	0.299896	0.294833	0.275040	0.282258	0.289474	0.279199	0.277439	0.292261	0.273642	0.278119	0.260870	0.297487	0.288306	0.295248	0.340206	0.283988	0.270747	0.283976	0.262575	0.285570	0.284848	0.293643	0.000000	0.273642	0.301435	0.277497	0.285714	0.291282	0.304743	0.292044	0.271399	0.292806	0.273834	0.269347	0.290023	0.290650	0.284103	0.286869	0.273279	0.294058	0.275100	0.273461	0.287298	0.265657	0.272727	0.290780	0.280808	0.282103	0.272171	0.274824	0.296371	0.263425	0.267748	0.280081	0.282341	0.283040	0.275758	0.271255	0.258847	0.279234	0.264646	0.269231	0.284561	
0.294872	0.283422	0.271630	0.291232	0.300420	0.290686	0.321995	0.282772	0.286002	0.287709	0.287159	0.280648	0.284519	0.297160	0.321712	0.304040	0.279472	0.278707	0.300714	0.265577	0.284274	0.270215	0.269036	0.296073	0.283838	0.290192	0.274611	0.282543	0.283784	0.278905	0.281250	0.289899	0.270981	0.281092	0.273642	0.000000	0.299517	0.292214	0.284553	0.301131	0.304348	0.286869	0.291536	0.299492	0.283825	0.280967	0.298837	0.298067	0.294239	0.287741	0.290061	0.285859	0.307150	0.278788	0.296970	0.279635	0.284222	0.279919	0.273556	0.303951	0.277551	0.265327	0.268416	0.309959	0.303553	0.286727	0.298354	0.282561	0.295248	0.283249	0.286437	0.312500	0.297270	0.291667	0.288170	
0.500000	0.335526	0.325359	0.342995	0.326633	0.354067	0.363636	0.342593	0.341346	0.343750	0.353774	0.344498	0.325123	0.291866	0.365217	0.347619	0.331731	0.325967	0.342995	0.362745	0.357143	0.333333	0.296651	0.379147	0.298077	0.328502	0.486486	0.344340	0.331683	0.333333	0.341232	0.344498	0.307692	0.320574	0.301435	0.299517	0.000000	0.354067	0.318841	0.328571	0.386473	0.346154	0.381443	0.338164	0.320388	0.312796	0.406977	0.341463	0.334951	0.319048	0.293269	0.322275	0.328571	0.336538	0.309524	0.311005	0.310881	0.344498	0.317308	0.296651	0.296117	0.320755	0.299517	0.285714	0.362319	0.355769	0.323671	0.341969	0.328502	0.363636	0.296117	0.326923	0.322115	0.317308	0.309524	
0.275000	0.321716	0.294652	0.287958	0.280000	0.300103	0.288636	0.300188	0.264646	0.282517	0.288032	0.288187	0.296218	0.297352	0.313600	0.306991	0.304171	0.279330	0.295199	0.270492	0.278788	0.305955	0.290224	0.303734	0.283401	0.270325	0.326425	0.285137	0.286757	0.275229	0.278788	0.279635	0.290355	0.290061	0.277497	0.292214	0.354067	0.000000	0.288481	0.298969	0.317444	0.301925	0.306080	0.311675	0.291837	0.307071	0.296037	0.306435	0.301342	0.283537	0.296033	0.298886	0.295960	0.280933	0.297872	0.286585	0.310598	0.298067	0.294118	0.306205	0.285861	0.300403	0.290486	0.296636	0.313646	0.279188	0.280702	0.284292	0.314721	0.269583	0.275127	0.310030	0.309331	0.279472	0.271805	
0.325000	0.279352	0.286294	0.296218	0.302966	0.273478	0.259174	0.273245	0.281947	0.270308	0.290946	0.281186	0.301370	0.291411	0.312399	0.282077	0.261491	0.280269	0.269467	0.296601	0.296146	0.282025	0.280899	0.280203	0.273652	0.287028	0.310526	0.271341	0.292453	0.285568	0.263959	0.277268	0.267074	0.280041	0.285714	0.284553	0.318841	0.288481	0.000000	0.278638	0.289206	0.294715	0.272919	0.281920	0.295803	0.310660	0.280047	0.282497	0.288083	0.285714	0.257669	0.292683	0.286004	0.278004	0.274949	0.286006	0.276371	0.288776	0.293279	0.287755	0.291152	0.288754	0.290224	0.292857	0.289662	0.274490	0.293264	0.277283	0.292261	0.287321	0.270133	0.289929	0.274210	0.264826	0.270325	
0.220779	0.296599	0.292608	0.254255	0.288009	0.284672	0.295195	0.307400	0.266667	0.277937	0.278807	0.276860	0.299255	0.302374	0.279221	0.307930	0.286749	0.285714	0.286157	0.265625	0.314168	0.289144	0.286453	0.283077	0.302781	0.292355	0.291005	0.282341	0.281018	0.312629	0.277949	0.290722	0.285567	0.306584	0.291282	0.301131	0.328571	0.298969	0.278638	0.000000	0.283951	0.263374	0.269723	0.262126	0.284679	0.286448	0.296560	0.287047	0.276730	0.270382	0.277146	0.286742	0.288205	0.271885	0.279094	0.292054	0.291355	0.274510	0.277320	0.293388	0.279626	0.290984	0.286303	0.293086	0.272257	0.282766	0.288703	0.264342	0.301031	0.298862	0.282766	0.274691	0.306186	0.281282	0.289825	
0.392405	0.316845	0.285859	0.285565	0.302424	0.281314	0.281818	0.317757	0.267947	0.282700	0.303245	0.288325	0.298319	0.291667	0.284579	0.301925	0.286151	0.293200	0.289070	0.289959	0.289181	0.278234	0.259410	0.276488	0.271805	0.294416	0.309278	0.276316	0.279917	0.297352	0.286579	0.287741	0.287310	0.288170	0.304743	0.304348	0.386473	0.317444	0.289206	0.283951	0.000000	0.291498	0.293809	0.281790	0.282653	0.283552	0.298021	0.294178	0.287926	0.288325	0.292683	0.291793	0.293643	0.278622	0.279352	0.307927	0.283316	0.297050	0.303553	0.290650	0.284545	0.291331	0.295547	0.293998	0.287894	0.283976	0.295876	0.293275	0.283249	0.289206	0.279472	0.282675	0.296146	0.282077	0.272267	
0.350000	0.307898	0.282543	0.287056	0.284211	0.295385	0.280822	0.313910	0.273737	0.293706	0.283688	0.281790	0.300105	0.309257	0.311005	0.317814	0.267276	0.293200	0.270408	0.281474	0.288889	0.281026	0.295732	0.272452	0.303644	0.295132	0.292308	0.280081	0.263267	0.304171	0.283838	0.282675	0.291075	0.310030	0.292044	0.286869	0.346154	0.301925	0.294715	0.263374	0.291498	0.000000	0.279874	0.288911	0.283825	0.287298	0.315912	0.301733	0.257732	0.307614	0.272358	0.283114	0.292634	0.291498	0.297571	0.292386	0.283316	0.291667	0.281218	0.295431	0.294479	0.300101	0.297571	0.281790	0.280041	0.282234	0.298969	0.290929	0.305274	0.301119	0.302538	0.289181	0.289047	0.280041	0.289767	
0.287500	0.287500	0.276907	0.264865	0.297062	0.298618	0.319149	0.298828	0.264644	0.276411	0.281675	0.258947	0.298378	0.291886	0.308072	0.323560	0.286316	0.292627	0.271383	0.286920	0.263598	0.264331	0.264489	0.310345	0.286611	0.279706	0.277174	0.304075	0.280475	0.273973	0.269874	0.299476	0.266736	0.289308	0.271399	0.291536	0.381443	0.306080	0.272919	0.269723	0.293809	0.279874	0.000000	0.286765	0.290084	0.303758	0.316547	0.276663	0.269723	0.312303	0.277895	0.291536	0.267223	0.278826	0.294241	0.282267	0.290217	0.277603	0.308824	0.292324	0.288889	0.282586	0.295597	0.293684	0.304531	0.282267	0.297441	0.298969	0.290966	0.270242	0.285714	0.297806	0.295908	0.284211	0.290356	
0.341772	0.302419	0.272819	0.294427	0.292503	0.291452	0.277523	0.290019	0.280203	0.292717	0.281504	0.293156	0.308746	0.295199	0.300800	0.324187	0.270961	0.284753	0.296827	0.282341	0.280648	0.307534	0.270684	0.277328	0.276704	0.285714	0.279793	0.281218	0.255497	0.293456	0.298886	0.301829	0.286877	0.301829	0.292806	0.299492	0.338164	0.311675	0.281920	0.262126	0.281790	0.288911	0.286765	0.000000	0.310838	0.298886	0.289227	0.298156	0.268873	0.291242	0.280899	0.301829	0.269504	0.283096	0.288911	0.268094	0.315789	0.282942	0.292559	0.283673	0.292909	0.287449	0.304171	0.282942	0.278119	0.280041	0.298246	0.303769	0.293279	0.312245	0.281059	0.306599	0.291539	0.264016	0.283537	
0.269231	0.274324	0.270325	0.293375	0.300847	0.307216	0.282110	0.299048	0.298067	0.288732	0.268367	0.273566	0.303383	0.281762	0.286634	0.298675	0.285861	0.275591	0.274409	0.278351	0.299797	0.286453	0.254601	0.300813	0.271152	0.288344	0.321244	0.284114	0.289612	0.281762	0.271066	0.285423	0.295199	0.296939	0.273834	0.283825	0.320388	0.291837	0.295803	0.284679	0.282653	0.283825	0.290084	0.310838	0.000000	0.291371	0.279532	0.282341	0.265560	0.278119	0.285568	0.279022	0.302846	0.269113	0.278287	0.278856	0.279831	0.272262	0.278119	0.289501	0.278351	0.278905	0.300714	0.272262	0.303279	0.295199	0.282451	0.256125	0.279877	0.288934	0.261759	0.284404	0.268641	0.289231	0.257143	
0.275000	0.279627	0.271630	0.298647	0.289612	0.283231	0.273138	0.305243	0.286002	0.302228	0.312121	0.282675	0.299163	0.308316	0.301587	0.289606	0.290355	0.275056	0.290224	0.284694	0.294058	0.272727	0.300203	0.286720	0.278788	0.293522	0.314433	0.278226	0.298755	0.275862	0.292044	0.286290	0.281092	0.284848	0.269347	0.280967	0.312796	0.307071	0.310660	0.286448	0.283552	0.287298	0.303758	0.298886	0.291371	0.000000	0.299304	0.292981	0.306269	0.280364	0.294118	0.300706	0.281690	0.274194	0.291625	0.300607	0.276907	0.295132	0.280364	0.282389	0.271429	0.291165	0.295363	0.292386	0.292089	0.312437	0.301848	0.302095	0.304348	0.282961	0.289474	0.267137	0.293225	0.268020	0.274747	
0.305556	0.315789	0.300464	0.278986	0.305825	0.299408	0.247312	0.332584	0.269767	0.254317	0.303030	0.280047	0.288299	0.278555	0.328358	0.298368	0.288056	0.292839	0.267059	0.278496	0.289687	0.287222	0.261124	0.296640	0.280886	0.285548	0.271605	0.290698	0.271207	0.314185	0.288037	0.298368	0.295561	0.274100	0.290023	0.298837	0.406977	0.296037	0.280047	0.296560	0.298021	0.315912	0.316547	0.289227	0.279532	0.299304	0.000000	0.313380	0.289442	0.290888	0.279859	0.303488	0.301974	0.283217	0.290210	0.289720	0.303874	0.298021	0.305006	0.306075	0.296122	0.277778	0.273574	0.296383	0.289566	0.290548	0.295858	0.288462	0.277713	0.295906	0.280047	0.288372	0.305006	0.276671	0.278231	
0.316456	0.322973	0.292981	0.299578	0.290870	0.303719	0.306636	0.330798	0.279472	0.269774	0.297959	0.285128	0.310454	0.293033	0.299517	0.295918	0.283077	0.293722	0.290123	0.265705	0.302444	0.295455	0.266393	0.283825	0.291837	0.306039	0.312500	0.283096	0.278069	0.262564	0.276986	0.295199	0.278856	0.295199	0.290650	0.298067	0.341463	0.306435	0.282497	0.287047	0.294178	0.301733	0.276663	0.298156	0.282341	0.292981	0.313380	0.000000	0.286604	0.264826	0.290256	0.303772	0.307223	0.298980	0.289796	0.284545	0.286469	0.259980	0.296524	0.290389	0.295572	0.309645	0.273191	0.302564	0.298874	0.293756	0.300104	0.279822	0.289070	0.296107	0.280164	0.329603	0.287028	0.279713	0.295617	
0.341772	0.311050	0.265432	0.283582	0.277778	0.296025	0.288056	0.282692	0.298047	0.282270	0.273196	0.278756	0.287701	0.290589	0.288052	0.288363	0.293996	0.287671	0.284528	0.286902	0.281153	0.288401	0.273575	0.277778	0.274227	0.286749	0.304813	0.280124	0.274655	0.295643	0.260556	0.298661	0.278638	0.274510	0.284103	0.294239	0.334951	0.301342	0.288083	0.276730	0.287926	0.257732	0.269723	0.268873	0.265560	0.306269	0.289442	0.286604	0.000000	0.302686	0.280538	0.290422	0.308642	0.268318	0.269072	0.268595	0.290288	0.280829	0.273760	0.294726	0.285417	0.252567	0.295150	0.277720	0.288083	0.270941	0.292017	0.260428	0.274043	0.289119	0.284091	0.290123	0.278926	0.262176	0.273196	
0.265823	0.330645	0.264170	0.272823	0.312236	0.264132	0.305747	0.294559	0.290780	0.269285	0.306911	0.295617	0.290526	0.284114	0.290530	0.283249	0.262513	0.284434	0.290686	0.254359	0.299899	0.289095	0.274210	0.282103	0.270325	0.285860	0.342105	0.273834	0.273772	0.284404	0.282389	0.305894	0.268566	0.291371	0.286869	0.287741	0.319048	0.283537	0.285714	0.270382	0.288325	0.307614	0.312303	0.291242	0.278119	0.280364	0.290888	0.264826	0.302686	0.000000	0.289501	0.304260	0.289899	0.272081	0.292386	0.287894	0.293375	0.280326	0.301119	0.307849	0.273101	0.295661	0.292386	0.288776	0.296221	0.307536	0.300721	0.275938	0.282520	0.280612	0.267548	0.304569	0.295015	0.288481	0.287310	
0.324675	0.296097	0.266464	0.277311	0.296296	0.303811	0.280543	0.307547	0.265720	0.283099	0.274949	0.283673	0.286617	0.279877	0.302251	0.290650	0.290389	0.275785	0.300205	0.274409	0.275127	0.290722	0.266327	0.300912	0.267005	0.281346	0.253886	0.279472	0.295288	0.303681	0.278905	0.283825	0.292261	0.300813	0.273279	0.290061	0.293269	0.296033	0.257669	0.277146	0.292683	0.272358	0.277895	0.280899	0.285568	0.294118	0.279859	0.290256	0.280538	0.289501	0.000000	0.306911	0.288754	0.275967	0.291667	0.294597	0.271579	0.291411	0.284404	0.266327	0.272634	0.308704	0.274669	0.276813	0.289366	0.280326	0.258799	0.271318	0.283384	0.284985	0.273191	0.301119	0.293279	0.277835	0.272635	
0.303797	0.284182	0.292634	0.293319	0.298947	0.308718	0.293850	0.311321	0.264646	0.277933	0.271255	0.281504	0.295288	0.276704	0.291401	0.298583	0.263692	0.292411	0.279756	0.272262	0.287879	0.301230	0.279472	0.298688	0.288170	0.297462	0.338542	0.302020	0.286458	0.285132	0.291625	0.296859	0.285714	0.289767	0.294058	0.285859	0.322275	0.298886	0.292683	0.286742	0.291793	0.283114	0.291536	0.301829	0.279022	0.300706	0.303488	0.303772	0.290422	0.304260	0.306911	0.000000	0.294652	0.270243	0.269231	0.278905	0.301154	0.300813	0.287741	0.296859	0.293156	0.279678	0.291498	0.297462	0.310275	0.285279	0.307613	0.293598	0.302938	0.292089	0.300203	0.298281	0.304965	0.285860	0.285425	
0.387500	0.306667	0.302817	0.303850	0.312697	0.309816	0.303855	0.289720	0.286002	0.283520	0.289899	0.298886	0.307531	0.285714	0.290016	0.309476	0.290355	0.276667	0.276704	0.281633	0.268882	0.292733	0.280648	0.296482	0.282543	0.295547	0.317949	0.276210	0.299065	0.300508	0.296781	0.277778	0.276036	0.299697	0.275100	0.307150	0.328571	0.295960	0.286004	0.288205	0.293643	0.292634	0.267223	0.269504	0.302846	0.281690	0.301974	0.307223	0.308642	0.289899	0.288754	0.294652	0.000000	0.274747	0.316532	0.282389	0.278243	0.297160	0.324570	0.264438	0.309184	0.283133	0.298688	0.297160	0.298174	0.299595	0.306352	0.279736	0.297980	0.294833	0.276316	0.290323	0.285137	0.271530	0.280525	
0.341772	0.281501	0.261616	0.267782	0.277134	0.275437	0.285388	0.278719	0.276036	0.270572	0.274848	0.261179	0.281513	0.265784	0.282297	0.287741	0.277268	0.270089	0.273006	0.274590	0.269970	0.295688	0.248473	0.288889	0.250507	0.281504	0.310881	0.269231	0.252083	0.295015	0.269970	0.281377	0.279188	0.273834	0.273461	0.278788	0.336538	0.280933	0.278004	0.271885	0.278622	0.291498	0.278826	0.283096	0.269113	0.274194	0.283217	0.298980	0.268318	0.272081	0.275967	0.270243	0.274747	0.000000	0.273556	0.275127	0.268908	0.286877	0.271341	0.296447	0.282787	0.259819	0.273279	0.261978	0.273931	0.283249	0.279670	0.272928	0.285279	0.275967	0.283537	0.284413	0.288325	0.257900	0.258621	
0.275000	0.294511	0.287588	0.286013	0.288118	0.273101	0.299320	0.298311	0.285859	0.269285	0.282675	0.283825	0.306080	0.283537	0.281847	0.298583	0.257375	0.299441	0.258163	0.272262	0.297980	0.292608	0.261929	0.285570	0.274291	0.298886	0.312821	0.265925	0.280957	0.299389	0.272727	0.285714	0.273834	0.278340	0.287298	0.296970	0.309524	0.297872	0.274949	0.279094	0.279352	0.297571	0.294241	0.288911	0.278287	0.291625	0.290210	0.289796	0.269072	0.292386	0.291667	0.269231	0.316532	0.273556	0.000000	0.290355	0.280922	0.296033	0.282234	0.276142	0.290686	0.272910	0.273279	0.271617	0.287602	0.269036	0.291753	0.286976	0.276876	0.300102	0.300508	0.277048	0.299899	0.282077	0.291793	
0.291139	0.301736	0.263158	0.283019	0.269758	0.293210	0.252874	0.280075	0.261398	0.270687	0.276423	0.289796	0.289169	0.285714	0.290530	0.310660	0.276531	0.294972	0.269467	0.269467	0.264438	0.282631	0.273469	0.269231	0.278173	0.278004	0.307292	0.277890	0.283177	0.289070	0.268219	0.282234	0.276704	0.286585	0.265657	0.279635	0.311005	0.286585	0.286006	0.292054	0.307927	0.292386	0.282267	0.268094	0.278856	0.300607	0.289720	0.284545	0.268595	0.287894	0.294597	0.278905	0.282389	0.275127	0.290355	0.000000	0.303891	0.275510	0.280203	0.291963	0.299795	0.271717	0.294118	0.279877	0.300000	0.263747	0.276112	0.266298	0.276142	0.297352	0.282077	0.291075	0.280488	0.260204	0.291667	
0.320000	0.283934	0.273772	0.286645	0.280130	0.296493	0.255814	0.295276	0.297495	0.268613	0.303253	0.284510	0.289130	0.285564	0.311987	0.301154	0.274262	0.286876	0.274364	0.280255	0.279289	0.270988	0.258439	0.286611	0.288260	0.297269	0.308901	0.272537	0.299136	0.298209	0.283770	0.270724	0.288118	0.295597	0.272727	0.284222	0.310881	0.310598	0.276371	0.291355	0.283316	0.283316	0.290217	0.315789	0.279831	0.276907	0.303874	0.286469	0.290288	0.293375	0.271579	0.301154	0.278243	0.268908	0.280922	0.303891	0.000000	0.308017	0.284211	0.289474	0.288136	0.291232	0.273872	0.282700	0.271097	0.283158	0.292735	0.270953	0.273872	0.287975	0.285714	0.294549	0.295908	0.287975	0.265756	
0.325000	0.321237	0.265451	0.270242	0.299154	0.281153	0.253456	0.310150	0.282234	0.291961	0.282808	0.276531	0.311579	0.283963	0.288462	0.308240	0.282653	0.290359	0.275897	0.262076	0.275127	0.286303	0.288049	0.289767	0.276423	0.287755	0.263158	0.291075	0.295288	0.281186	0.307302	0.280041	0.270876	0.270600	0.290780	0.279919	0.344498	0.298067	0.288776	0.274510	0.297050	0.291667	0.277603	0.282942	0.272262	0.295132	0.298021	0.259980	0.280829	0.280326	0.291411	0.300813	0.297160	0.286877	0.296033	0.275510	0.308017	0.000000	0.274669	0.293878	0.293936	0.271255	0.275407	0.295199	0.284545	0.275229	0.297409	0.278087	0.288481	0.306122	0.285423	0.296748	0.293279	0.254601	0.279472	
0.337500	0.289544	0.271992	0.278243	0.287671	0.281314	0.273563	0.314501	0.292806	0.291139	0.290355	0.269113	0.277603	0.305810	0.281847	0.280648	0.294297	0.285235	0.283231	0.277380	0.281662	0.298768	0.295617	0.274014	0.288032	0.281059	0.301075	0.280081	0.280042	0.299285	0.268687	0.294715	0.278905	0.304569	0.280808	0.273556	0.317308	0.294118	0.293279	0.277320	0.303553	0.281218	0.308824	0.292559	0.278119	0.280364	0.305006	0.296524	0.273760	0.301119	0.284404	0.287741	0.324570	0.271341	0.282234	0.280203	0.284211	0.274669	0.000000	0.305188	0.275897	0.279798	0.273834	0.279022	0.279307	0.296033	0.290289	0.273030	0.264496	0.279756	0.285860	0.288032	0.303553	0.269857	0.268763	
