0.000000	0.217989	0.243074	0.246941	0.253132	0.248267	0.216811	0.250855	0.249058	0.255646	0.243504	0.205680	0.248995	0.257740	0.252295	0.260291	0.248965	0.254361	0.246129	0.246319	0.248439	0.248001	0.252028	0.250884	0.245381	0.238259	0.248124	0.246089	0.255136	0.248216	0.249699	0.246387	0.247917	0.249824	0.248907	0.234226	0.248904	0.247915	0.245286	0.245158	0.274194	0.259320	0.256818	0.253724	0.243091	0.257065	0.274126	0.272533	0.248016	0.251620	0.262882	0.262292	0.254924	0.254630	0.257502	0.246300	0.250602	0.255768	0.248985	0.245036	0.252175	0.257730	0.252747	0.255820	0.250390	0.253862	0.249693	0.243846	0.258095	0.251153	0.259761	0.251601	0.259433	0.254346	0.242317	0.237960	0.254206	0.253734	0.261964	0.249295	0.240400	0.248232	0.249042	0.247820	0.258641	0.214543	0.261531	0.238338	0.264357	0.248391	
0.217989	0.000000	0.202590	0.211240	0.202597	0.204453	0.133172	0.227772	0.208134	0.241282	0.235294	0.155216	0.235075	0.201754	0.246725	0.243952	0.275346	0.248715	0.216867	0.223474	0.246039	0.226477	0.245720	0.219424	0.195915	0.220132	0.217636	0.231719	0.217025	0.239423	0.223783	0.226044	0.217270	0.294760	0.208709	0.205736	0.225291	0.238722	0.228016	0.271547	0.361072	0.265495	0.298492	0.251142	0.251838	0.270853	0.328021	0.365559	0.276923	0.309211	0.311753	0.322280	0.256534	0.273754	0.338936	0.196906	0.301543	0.259191	0.243506	0.299656	0.253953	0.269788	0.273373	0.236152	0.289352	0.301050	0.282838	0.249004	0.300567	0.284259	0.312753	0.292093	0.328947	0.311089	0.223267	0.233902	0.288462	0.332542	0.327292	0.232373	0.205384	0.238197	0.239754	0.227557	0.308983	0.157534	0.315847	0.222083	0.287193	0.249415	
0.243074	0.202590	0.000000	0.255783	0.252938	0.239622	0.224603	0.251040	0.251427	0.256956	0.248894	0.233083	0.245630	0.266018	0.258640	0.248336	0.252307	0.250034	0.244836	0.249810	0.244681	0.252106	0.252582	0.242356	0.250984	0.244173	0.259823	0.245303	0.251353	0.242182	0.248976	0.257169	0.252820	0.251471	0.240300	0.241533	0.244201	0.247155	0.254175	0.254358	0.278017	0.255224	0.257861	0.255270	0.248483	0.253739	0.262478	0.263170	0.252835	0.265250	0.257732	0.263519	0.252236	0.257945	0.265185	0.252158	0.257017	0.251116	0.251487	0.247754	0.247096	0.256922	0.247279	0.264246	0.258065	0.255490	0.251929	0.242851	0.253668	0.258146	0.267682	0.261090	0.257792	0.259259	0.240830	0.247588	0.254889	0.266568	0.258227	0.256018	0.244992	0.248478	0.262315	0.243380	0.261164	0.239480	0.252251	0.250591	0.264909	0.248885	
0.246941	0.211240	0.255783	0.000000	0.260208	0.257849	0.232808	0.256743	0.255175	0.265362	0.256178	0.237154	0.257150	0.263640	0.254127	0.251925	0.266374	0.265716	0.247627	0.261415	0.257250	0.251724	0.257987	0.261688	0.253649	0.254199	0.259364	0.262092	0.258187	0.258948	0.254786	0.263677	0.259126	0.261924	0.257691	0.257966	0.256390	0.263294	0.258513	0.249277	0.279218	0.258199	0.266358	0.265796	0.261067	0.262843	0.275470	0.273011	0.265153	0.266570	0.272394	0.267933	0.264756	0.267297	0.267874	0.259471	0.266044	0.254256	0.257238	0.257182	0.260296	0.266463	0.266417	0.265696	0.262959	0.260038	0.271672	0.263671	0.272208	0.262834	0.271722	0.268932	0.264413	0.265161	0.245429	0.255088	0.258494	0.272500	0.268517	0.261685	0.258307	0.261021	0.253126	0.256338	0.265218	0.239046	0.260172	0.255253	0.265858	0.262730	
0.253132	0.202597	0.252938	0.260208	0.000000	0.246518	0.206084	0.249893	0.251180	0.256990	0.252649	0.230201	0.252485	0.264720	0.261411	0.260539	0.261121	0.256041	0.254473	0.252288	0.252931	0.257846	0.261868	0.256573	0.254937	0.244898	0.254914	0.261006	0.247371	0.253183	0.257131	0.267127	0.257365	0.254417	0.248383	0.255490	0.246838	0.251318	0.261063	0.252822	0.293937	0.262969	0.268303	0.264420	0.260801	0.254755	0.272342	0.285966	0.266840	0.265360	0.270565	0.271155	0.256817	0.268681	0.283004	0.256287	0.267317	0.258468	0.255189	0.264645	0.253152	0.262490	0.247955	0.272927	0.266074	0.270779	0.272467	0.261963	0.261688	0.264542	0.271389	0.266693	0.269685	0.270413	0.254814	0.248305	0.267361	0.275017	0.275711	0.256792	0.248135	0.267813	0.250750	0.251220	0.271296	0.224935	0.260725	0.251595	0.266771	0.261750	
0.248267	0.204453	0.239622	0.257849	0.246518	0.000000	0.202551	0.250038	0.255823	0.252618	0.251266	0.213278	0.246966	0.259054	0.256024	0.260889	0.263112	0.246464	0.251024	0.244388	0.254158	0.244295	0.253065	0.260942	0.254096	0.250000	0.251886	0.238596	0.252580	0.252374	0.254124	0.250876	0.246295	0.255056	0.251520	0.244621	0.247297	0.250468	0.247565	0.245419	0.275899	0.255503	0.257036	0.253184	0.246865	0.254826	0.261703	0.277709	0.260011	0.269322	0.266874	0.268744	0.263277	0.264232	0.265852	0.251883	0.258252	0.261796	0.258722	0.257891	0.256574	0.257729	0.255166	0.259926	0.267346	0.261458	0.262943	0.249665	0.260012	0.245272	0.258804	0.257841	0.267379	0.267865	0.249260	0.254105	0.255710	0.268426	0.263042	0.261886	0.242948	0.253939	0.261580	0.239377	0.267837	0.233244	0.265861	0.246336	0.264448	0.257426	
0.216811	0.133172	0.224603	0.232808	0.206084	0.202551	0.000000	0.235077	0.241818	0.266525	0.242424	0.147727	0.246015	0.231098	0.259792	0.246085	0.278583	0.249437	0.228532	0.234843	0.250516	0.229236	0.235606	0.239815	0.233954	0.230984	0.239221	0.250714	0.223546	0.239304	0.250694	0.256299	0.238858	0.268960	0.214204	0.216573	0.251790	0.250000	0.241717	0.238845	0.354481	0.262543	0.273392	0.259592	0.231246	0.262825	0.330709	0.335227	0.250891	0.308891	0.312036	0.291988	0.249092	0.293869	0.317895	0.219405	0.284593	0.258475	0.258730	0.272947	0.252278	0.253956	0.242998	0.236032	0.269672	0.261564	0.278014	0.271104	0.280197	0.275814	0.313289	0.286011	0.300319	0.290159	0.225953	0.238095	0.277523	0.296360	0.302164	0.246420	0.239489	0.254473	0.266362	0.242779	0.303314	0.188017	0.263535	0.246667	0.273273	0.264398	
0.250855	0.227772	0.251040	0.256743	0.249893	0.250038	0.235077	0.000000	0.245914	0.262693	0.253837	0.228112	0.252734	0.274381	0.263391	0.240342	0.266895	0.255883	0.252979	0.250970	0.256162	0.254413	0.258512	0.257436	0.253574	0.245504	0.255872	0.255784	0.258065	0.254809	0.250840	0.253447	0.255991	0.253913	0.257135	0.247840	0.248982	0.261140	0.253565	0.259656	0.276805	0.263488	0.263944	0.256696	0.256878	0.262618	0.267177	0.269460	0.262160	0.251924	0.269307	0.264831	0.272189	0.260358	0.269579	0.250555	0.263203	0.255917	0.256096	0.264450	0.256657	0.261563	0.258529	0.255297	0.261632	0.257303	0.262527	0.257642	0.267245	0.257479	0.271556	0.268171	0.265303	0.263569	0.241709	0.247952	0.258215	0.275957	0.271769	0.265215	0.251408	0.256303	0.257750	0.249797	0.258377	0.230668	0.263328	0.260339	0.263472	0.252385	
0.249058	0.208134	0.251427	0.255175	0.251180	0.255823	0.241818	0.245914	0.000000	0.262704	0.256345	0.240976	0.249777	0.272770	0.255042	0.254995	0.255323	0.249713	0.249018	0.250045	0.257846	0.252286	0.255569	0.246949	0.255585	0.248697	0.265442	0.253500	0.251947	0.253090	0.255323	0.259116	0.254643	0.263391	0.267270	0.253755	0.248896	0.257683	0.258378	0.254157	0.281073	0.253185	0.266047	0.261580	0.257657	0.262182	0.272249	0.276675	0.261403	0.267224	0.277247	0.262049	0.274848	0.258785	0.267503	0.263516	0.260704	0.254739	0.251953	0.262602	0.252066	0.261097	0.257570	0.263140	0.268586	0.264377	0.257311	0.245754	0.254666	0.260139	0.272136	0.259200	0.260652	0.263399	0.245972	0.256189	0.264072	0.263499	0.260935	0.262431	0.256069	0.250180	0.258511	0.251330	0.262197	0.236364	0.263461	0.250068	0.264722	0.263209	
0.255646	0.241282	0.256956	0.265362	0.256990	0.252618	0.266525	0.262693	0.262704	0.000000	0.260024	0.240741	0.260739	0.258609	0.268167	0.261636	0.264753	0.263033	0.251468	0.254144	0.258843	0.257873	0.260350	0.266263	0.253989	0.259916	0.266851	0.262435	0.263340	0.260173	0.263713	0.259889	0.253790	0.255716	0.265979	0.246800	0.256639	0.262238	0.258919	0.260696	0.285800	0.267069	0.264101	0.254622	0.256741	0.262837	0.272210	0.276680	0.266378	0.268205	0.277650	0.268971	0.268112	0.259504	0.266605	0.265876	0.263722	0.258439	0.258567	0.267248	0.254534	0.263521	0.263770	0.264053	0.264626	0.273167	0.258091	0.276076	0.260733	0.253887	0.270982	0.266858	0.266421	0.268165	0.254499	0.260796	0.265092	0.267781	0.265895	0.270341	0.255519	0.262741	0.254352	0.262787	0.268383	0.250633	0.259013	0.259822	0.260543	0.260747	
0.243504	0.235294	0.248894	0.256178	0.252649	0.251266	0.242424	0.253837	0.256345	0.260024	0.000000	0.216590	0.257154	0.254626	0.260515	0.259700	0.258775	0.255136	0.248992	0.256927	0.252796	0.253408	0.254392	0.257171	0.244169	0.246337	0.258209	0.256869	0.254497	0.252776	0.254199	0.258528	0.248699	0.260843	0.257448	0.250893	0.251469	0.261838	0.259168	0.252940	0.283963	0.257980	0.257634	0.257155	0.254838	0.259921	0.266397	0.273957	0.264060	0.270147	0.264353	0.271713	0.256738	0.266360	0.267445	0.259544	0.262409	0.257848	0.255319	0.254682	0.255074	0.260711	0.254717	0.252403	0.259033	0.265618	0.257922	0.256944	0.268719	0.263048	0.263701	0.260802	0.270699	0.264729	0.241867	0.249153	0.259670	0.264105	0.261695	0.250871	0.250000	0.264290	0.258947	0.253465	0.268235	0.226131	0.265781	0.251515	0.271726	0.258178	
0.205680	0.155216	0.233083	0.237154	0.230201	0.213278	0.147727	0.228112	0.240976	0.240741	0.216590	0.000000	0.229309	0.221226	0.257315	0.242251	0.249327	0.241267	0.219880	0.217292	0.249051	0.224184	0.235050	0.237654	0.220789	0.236741	0.222734	0.235387	0.229709	0.230337	0.239297	0.249049	0.224242	0.288678	0.196102	0.217256	0.243276	0.256293	0.248748	0.232210	0.336395	0.261200	0.282277	0.248658	0.246606	0.259259	0.331073	0.342072	0.263693	0.299899	0.307692	0.292020	0.259792	0.283639	0.299387	0.225061	0.269474	0.244681	0.260563	0.286863	0.251145	0.254593	0.267281	0.242839	0.262250	0.265996	0.286810	0.256329	0.273578	0.248494	0.310174	0.295094	0.325664	0.292028	0.229124	0.235204	0.252747	0.305503	0.304534	0.232653	0.220243	0.244541	0.243697	0.221269	0.307263	0.178261	0.270927	0.255274	0.260532	0.249255	
0.248995	0.235075	0.245630	0.257150	0.252485	0.246966	0.246015	0.252734	0.249777	0.260739	0.257154	0.229309	0.000000	0.261777	0.253343	0.256287	0.252756	0.252870	0.247627	0.246898	0.257999	0.248324	0.255090	0.257821	0.257480	0.248695	0.255974	0.252397	0.258201	0.257502	0.251277	0.256483	0.252501	0.257405	0.250565	0.245600	0.243304	0.260920	0.256392	0.252457	0.273260	0.259806	0.256981	0.252407	0.260111	0.263320	0.274179	0.269336	0.261069	0.258374	0.263092	0.272456	0.253319	0.255597	0.265032	0.254711	0.266384	0.254452	0.254970	0.251495	0.255417	0.262600	0.259686	0.258127	0.259797	0.262803	0.256762	0.255654	0.257562	0.249620	0.264051	0.259916	0.260826	0.260774	0.249776	0.252980	0.259373	0.263088	0.265303	0.257640	0.250350	0.254727	0.251946	0.250149	0.264928	0.246592	0.263735	0.251034	0.260349	0.256001	
0.257740	0.201754	0.266018	0.263640	0.264720	0.259054	0.231098	0.274381	0.272770	0.258609	0.254626	0.221226	0.261777	0.000000	0.279173	0.267041	0.285560	0.255789	0.261689	0.263052	0.269943	0.261799	0.268419	0.253385	0.266398	0.255182	0.267797	0.263864	0.266576	0.264252	0.260943	0.267549	0.257545	0.286454	0.273457	0.262452	0.253597	0.272135	0.265965	0.271128	0.316296	0.276704	0.294281	0.263216	0.276696	0.263932	0.311374	0.302469	0.270684	0.286783	0.300109	0.287956	0.279396	0.296372	0.285128	0.263330	0.275788	0.264469	0.267585	0.278058	0.272789	0.284381	0.275357	0.282648	0.270765	0.287448	0.278559	0.266851	0.271713	0.267941	0.273544	0.281397	0.275849	0.278916	0.242687	0.262179	0.269014	0.283113	0.270639	0.271111	0.262684	0.260674	0.259606	0.263584	0.287967	0.227106	0.285017	0.258383	0.276336	0.271914	
0.252295	0.246725	0.258640	0.254127	0.261411	0.256024	0.259792	0.263391	0.255042	0.268167	0.260515	0.257315	0.253343	0.279173	0.000000	0.260727	0.259328	0.258041	0.251464	0.250800	0.254353	0.250300	0.263093	0.270877	0.251849	0.251506	0.253799	0.255582	0.254785	0.261543	0.266779	0.264188	0.255402	0.253902	0.262881	0.257407	0.252023	0.259972	0.264857	0.254839	0.272942	0.258413	0.258074	0.260599	0.260362	0.262330	0.269380	0.255682	0.263327	0.258843	0.263593	0.258218	0.258108	0.265145	0.258349	0.261273	0.258181	0.258720	0.258422	0.251066	0.257459	0.260364	0.256788	0.264377	0.265774	0.268697	0.263059	0.247134	0.268665	0.260694	0.261377	0.262688	0.263257	0.261782	0.251618	0.260948	0.260809	0.259747	0.255027	0.267782	0.257960	0.252506	0.257722	0.254480	0.266395	0.260140	0.261004	0.256967	0.261857	0.263535	
0.260291	0.243952	0.248336	0.251925	0.260539	0.260889	0.246085	0.240342	0.254995	0.261636	0.259700	0.242251	0.256287	0.267041	0.260727	0.000000	0.263179	0.253779	0.249381	0.255042	0.250390	0.251848	0.259927	0.255941	0.254147	0.249475	0.260561	0.257719	0.262634	0.250801	0.251448	0.258531	0.249022	0.259006	0.257536	0.251448	0.260057	0.264166	0.254873	0.260776	0.267864	0.258424	0.259069	0.258087	0.258039	0.259176	0.269231	0.269258	0.256054	0.259919	0.263776	0.264055	0.261682	0.267932	0.261731	0.261196	0.259569	0.254832	0.252730	0.260482	0.257709	0.264430	0.255624	0.259306	0.253582	0.252791	0.264065	0.253068	0.257792	0.259095	0.265690	0.261215	0.262717	0.258478	0.247324	0.254239	0.260710	0.262078	0.254899	0.262958	0.259847	0.260129	0.261525	0.256174	0.265730	0.238532	0.259467	0.262215	0.267056	0.257836	
0.248965	0.275346	0.252307	0.266374	0.261121	0.263112	0.278583	0.266895	0.255323	0.264753	0.258775	0.249327	0.252756	0.285560	0.259328	0.263179	0.000000	0.264994	0.258442	0.259764	0.258303	0.259331	0.260308	0.258286	0.259235	0.256206	0.267244	0.260131	0.264799	0.267852	0.259628	0.262966	0.259909	0.260802	0.276624	0.257603	0.270071	0.253583	0.255004	0.260920	0.266344	0.253790	0.258871	0.254727	0.255639	0.254257	0.265996	0.256051	0.267767	0.256446	0.260596	0.260709	0.253827	0.260710	0.257586	0.262770	0.252045	0.252391	0.258838	0.253985	0.261899	0.259210	0.260123	0.272061	0.257219	0.250035	0.255939	0.259308	0.259043	0.253737	0.255171	0.261536	0.251416	0.253876	0.262660	0.254086	0.254833	0.265165	0.255879	0.264423	0.260976	0.252665	0.260360	0.253980	0.255738	0.270995	0.264433	0.266708	0.260759	0.257275	
0.254361	0.248715	0.250034	0.265716	0.256041	0.246464	0.249437	0.255883	0.249713	0.263033	0.255136	0.241267	0.252870	0.255789	0.258041	0.253779	0.264994	0.000000	0.249257	0.246899	0.249797	0.248710	0.252144	0.255977	0.250846	0.243820	0.251741	0.256436	0.249829	0.252562	0.252217	0.260662	0.253380	0.255652	0.251347	0.255998	0.259328	0.266731	0.260272	0.259170	0.284886	0.260237	0.260197	0.261190	0.253171	0.252951	0.273839	0.259331	0.256790	0.259900	0.274011	0.267698	0.265356	0.267579	0.268753	0.260575	0.264268	0.247067	0.245075	0.259372	0.254862	0.257282	0.255918	0.263009	0.260143	0.258960	0.256493	0.250000	0.254689	0.253816	0.258453	0.262823	0.260000	0.254671	0.244762	0.250169	0.264316	0.265855	0.264119	0.262506	0.251084	0.260192	0.257042	0.253802	0.263631	0.239247	0.265040	0.256475	0.267389	0.263090	
0.246129	0.216867	0.244836	0.247627	0.254473	0.251024	0.228532	0.252979	0.249018	0.251468	0.248992	0.219880	0.247627	0.261689	0.251464	0.249381	0.258442	0.249257	0.000000	0.245598	0.245539	0.242150	0.248584	0.248915	0.242367	0.235833	0.246325	0.243941	0.250225	0.247733	0.245271	0.249024	0.248829	0.251318	0.258081	0.238731	0.245881	0.257660	0.253041	0.253787	0.276787	0.252994	0.254667	0.255975	0.257240	0.258625	0.266954	0.279754	0.261113	0.256261	0.267678	0.262146	0.250542	0.261905	0.262335	0.253521	0.257471	0.242196	0.247823	0.252049	0.248533	0.256652	0.251147	0.245006	0.258946	0.258025	0.259961	0.251911	0.252345	0.250824	0.263372	0.257664	0.252574	0.256720	0.247675	0.247208	0.256014	0.265382	0.260290	0.253509	0.240370	0.263570	0.251440	0.248960	0.259529	0.246921	0.259072	0.259471	0.260499	0.254290	
0.246319	0.223474	0.249810	0.261415	0.252288	0.244388	0.234843	0.250970	0.250045	0.254144	0.256927	0.217292	0.246898	0.263052	0.250800	0.255042	0.259764	0.246899	0.245598	0.000000	0.250474	0.243682	0.244278	0.249054	0.246766	0.242204	0.248690	0.250267	0.244464	0.249899	0.249105	0.259298	0.246834	0.252070	0.247552	0.239442	0.248310	0.262022	0.259128	0.255323	0.288585	0.259934	0.256852	0.262615	0.256919	0.255344	0.268446	0.268504	0.257314	0.253122	0.254905	0.269706	0.254674	0.262005	0.264516	0.247444	0.255660	0.243215	0.254737	0.255524	0.250127	0.251669	0.248005	0.250723	0.257162	0.251172	0.257027	0.253852	0.264333	0.255165	0.259652	0.257288	0.263782	0.248734	0.250448	0.255610	0.258027	0.267794	0.261644	0.260586	0.248845	0.253356	0.257864	0.259138	0.262331	0.239603	0.259207	0.250836	0.265777	0.251719	
0.248439	0.246039	0.244681	0.257250	0.252931	0.254158	0.250516	0.256162	0.257846	0.258843	0.252796	0.249051	0.257999	0.269943	0.254353	0.250390	0.258303	0.249797	0.245539	0.250474	0.000000	0.250858	0.244947	0.250893	0.245692	0.243226	0.252938	0.251198	0.243215	0.250810	0.248946	0.256568	0.253354	0.245635	0.256314	0.249177	0.246938	0.252553	0.251484	0.264260	0.278190	0.257978	0.261831	0.259194	0.250726	0.260355	0.265354	0.267788	0.254164	0.259671	0.263590	0.263111	0.262359	0.267443	0.263090	0.254195	0.261224	0.248281	0.242788	0.256890	0.254142	0.254222	0.247679	0.264854	0.256234	0.252375	0.255161	0.245565	0.253367	0.249462	0.259813	0.260033	0.250107	0.250357	0.243885	0.251268	0.258118	0.270102	0.262624	0.262383	0.252518	0.262368	0.268583	0.258318	0.258748	0.251696	0.258110	0.259945	0.258764	0.255148	
0.248001	0.226477	0.252106	0.251724	0.257846	0.244295	0.229236	0.254413	0.252286	0.257873	0.253408	0.224184	0.248324	0.261799	0.250300	0.251848	0.259331	0.248710	0.242150	0.243682	0.250858	0.000000	0.250822	0.245513	0.246717	0.243222	0.242877	0.248810	0.252418	0.244192	0.250552	0.247483	0.244500	0.257207	0.248997	0.254124	0.243193	0.260828	0.252922	0.248356	0.277870	0.258945	0.254329	0.251885	0.242599	0.248015	0.272113	0.271831	0.260801	0.261432	0.269158	0.267339	0.260724	0.263208	0.273973	0.257056	0.247810	0.262066	0.249400	0.250646	0.250668	0.254543	0.262695	0.251611	0.260521	0.253210	0.265142	0.248062	0.252726	0.251563	0.257489	0.259178	0.260877	0.262719	0.248243	0.253717	0.258522	0.255362	0.256197	0.249869	0.249527	0.259628	0.254796	0.245201	0.264813	0.221902	0.256218	0.249574	0.264354	0.258534	
0.252028	0.245720	0.252582	0.257987	0.261868	0.253065	0.235606	0.258512	0.255569	0.260350	0.254392	0.235050	0.255090	0.268419	0.263093	0.259927	0.260308	0.252144	0.248584	0.244278	0.244947	0.250822	0.000000	0.255270	0.253788	0.248968	0.247501	0.250371	0.255469	0.255399	0.257563	0.254843	0.251876	0.261279	0.250139	0.241387	0.249861	0.260323	0.257156	0.250810	0.289720	0.265747	0.269496	0.256904	0.258862	0.262636	0.272472	0.281101	0.255340	0.258444	0.272246	0.276628	0.270033	0.260006	0.270527	0.257968	0.257088	0.263359	0.258963	0.258234	0.248114	0.265201	0.256900	0.262195	0.257122	0.260930	0.265995	0.255423	0.261422	0.256512	0.266130	0.265647	0.259532	0.260882	0.254827	0.258792	0.262514	0.270643	0.265968	0.252881	0.250782	0.262454	0.270112	0.255309	0.271974	0.247788	0.263183	0.259469	0.266787	0.257422	
0.250884	0.219424	0.242356	0.261688	0.256573	0.260942	0.239815	0.257436	0.246949	0.266263	0.257171	0.237654	0.257821	0.253385	0.270877	0.255941	0.258286	0.255977	0.248915	0.249054	0.250893	0.245513	0.255270	0.000000	0.249198	0.251702	0.248477	0.260999	0.251763	0.257509	0.250238	0.248751	0.262066	0.259573	0.247888	0.249580	0.257675	0.255425	0.250464	0.257722	0.273444	0.257008	0.265884	0.263190	0.244971	0.264830	0.287965	0.286792	0.266882	0.269053	0.270928	0.281820	0.266145	0.257028	0.276220	0.268512	0.263810	0.251721	0.248875	0.262880	0.254179	0.263210	0.265823	0.257264	0.254095	0.257702	0.266277	0.238362	0.252450	0.248585	0.255508	0.259231	0.266098	0.267054	0.241671	0.257181	0.261054	0.270728	0.267762	0.257747	0.244915	0.254682	0.254256	0.253665	0.268414	0.247248	0.261006	0.266552	0.270461	0.257172	
0.245381	0.195915	0.250984	0.253649	0.254937	0.254096	0.233954	0.253574	0.255585	0.253989	0.244169	0.220789	0.257480	0.266398	0.251849	0.254147	0.259235	0.250846	0.242367	0.246766	0.245692	0.246717	0.253788	0.249198	0.000000	0.245985	0.252751	0.246234	0.250354	0.249661	0.250256	0.255933	0.251840	0.259231	0.257164	0.236852	0.248623	0.255047	0.258398	0.265375	0.271873	0.251881	0.263429	0.248538	0.248196	0.255188	0.263243	0.266423	0.261125	0.264647	0.264948	0.263425	0.256341	0.258528	0.263410	0.254141	0.255946	0.250515	0.245813	0.253519	0.242560	0.254493	0.256595	0.255848	0.257740	0.257115	0.254255	0.250303	0.259984	0.254027	0.254833	0.252726	0.262337	0.261611	0.247179	0.252160	0.265868	0.265479	0.262455	0.256799	0.245307	0.267150	0.263136	0.249702	0.265821	0.245983	0.261684	0.259157	0.265695	0.263999	
0.238259	0.220132	0.244173	0.254199	0.244898	0.250000	0.230984	0.245504	0.248697	0.259916	0.246337	0.236741	0.248695	0.255182	0.251506	0.249475	0.256206	0.243820	0.235833	0.242204	0.243226	0.243222	0.248968	0.251702	0.245985	0.000000	0.239013	0.242262	0.243072	0.245645	0.251157	0.245215	0.240953	0.251744	0.245021	0.237641	0.240353	0.254160	0.249716	0.247974	0.276316	0.256660	0.255371	0.259618	0.252510	0.253074	0.265380	0.262085	0.255698	0.249808	0.265949	0.261091	0.257770	0.255859	0.260841	0.250686	0.256885	0.246986	0.245034	0.253567	0.252757	0.251483	0.245062	0.264069	0.255613	0.256766	0.255322	0.244031	0.252922	0.240122	0.247541	0.259240	0.251941	0.254310	0.246905	0.242022	0.256785	0.260733	0.253255	0.254307	0.244504	0.265886	0.263245	0.251346	0.256944	0.229232	0.256537	0.250198	0.265036	0.256034	
0.248124	0.217636	0.259823	0.259364	0.254914	0.251886	0.239221	0.255872	0.265442	0.266851	0.258209	0.222734	0.255974	0.267797	0.253799	0.260561	0.267244	0.251741	0.246325	0.248690	0.252938	0.242877	0.247501	0.248477	0.252751	0.239013	0.000000	0.251445	0.253281	0.248125	0.251194	0.247918	0.249648	0.247906	0.250945	0.241197	0.249873	0.265327	0.255675	0.254848	0.277723	0.261920	0.261243	0.262407	0.258106	0.253219	0.272498	0.268493	0.264876	0.269237	0.273672	0.269892	0.264633	0.253394	0.271578	0.259488	0.263066	0.266366	0.258587	0.251183	0.259269	0.257907	0.262545	0.255628	0.261206	0.262923	0.261817	0.254862	0.258795	0.253514	0.263071	0.261098	0.266378	0.259769	0.244692	0.250480	0.264675	0.269634	0.260568	0.258396	0.255127	0.267566	0.253311	0.248914	0.270637	0.235184	0.263913	0.258648	0.264850	0.259477	
0.246089	0.231719	0.245303	0.262092	0.261006	0.238596	0.250714	0.255784	0.253500	0.262435	0.256869	0.235387	0.252397	0.263864	0.255582	0.257719	0.260131	0.256436	0.243941	0.250267	0.251198	0.248810	0.250371	0.260999	0.246234	0.242262	0.251445	0.000000	0.249154	0.246692	0.245362	0.252583	0.250767	0.246454	0.247409	0.247886	0.241379	0.254447	0.258852	0.254909	0.284091	0.265013	0.263622	0.252328	0.248970	0.251490	0.272088	0.271739	0.256898	0.258470	0.265954	0.263248	0.258864	0.257951	0.264471	0.249286	0.256954	0.247674	0.247131	0.250137	0.253457	0.257651	0.253898	0.257545	0.258604	0.260586	0.259687	0.257563	0.250797	0.260661	0.261391	0.256229	0.257194	0.262590	0.249717	0.253241	0.264798	0.260599	0.266073	0.251300	0.252130	0.270473	0.259532	0.260876	0.262648	0.230519	0.259539	0.253793	0.261525	0.263139	
0.255136	0.217025	0.251353	0.258187	0.247371	0.252580	0.223546	0.258065	0.251947	0.263340	0.254497	0.229709	0.258201	0.266576	0.254785	0.262634	0.264799	0.249829	0.250225	0.244464	0.243215	0.252418	0.255469	0.251763	0.250354	0.243072	0.253281	0.249154	0.000000	0.247353	0.247336	0.255488	0.248455	0.253704	0.251775	0.251772	0.239329	0.262052	0.248960	0.255364	0.289505	0.260678	0.264274	0.259525	0.254658	0.259720	0.271749	0.272181	0.265562	0.257764	0.270362	0.265353	0.262042	0.270999	0.268005	0.256446	0.254723	0.249218	0.251508	0.254336	0.250810	0.254267	0.251800	0.263094	0.259309	0.262015	0.262360	0.258262	0.265180	0.257080	0.264023	0.261010	0.261974	0.259768	0.250045	0.248967	0.265498	0.268580	0.267033	0.255583	0.249395	0.259239	0.267306	0.262149	0.266927	0.252952	0.266629	0.259880	0.265172	0.258660	
0.248216	0.239423	0.242182	0.258948	0.253183	0.252374	0.239304	0.254809	0.253090	0.260173	0.252776	0.230337	0.257502	0.264252	0.261543	0.250801	0.267852	0.252562	0.247733	0.249899	0.250810	0.244192	0.255399	0.257509	0.249661	0.245645	0.248125	0.246692	0.247353	0.000000	0.249113	0.253820	0.255952	0.246860	0.259023	0.249234	0.247561	0.261638	0.254669	0.256578	0.288454	0.258771	0.262507	0.259852	0.254860	0.266823	0.272012	0.277053	0.261662	0.264509	0.262807	0.267612	0.254115	0.268399	0.271011	0.254765	0.260118	0.264096	0.256153	0.254176	0.254120	0.262442	0.256942	0.265745	0.260483	0.258455	0.259213	0.272805	0.263721	0.257746	0.259544	0.263058	0.264018	0.261383	0.248190	0.255593	0.257767	0.273160	0.263797	0.259455	0.255925	0.261404	0.256522	0.259755	0.267979	0.241492	0.267595	0.258917	0.266681	0.257457	
0.249699	0.223783	0.248976	0.254786	0.257131	0.254124	0.250694	0.250840	0.255323	0.263713	0.254199	0.239297	0.251277	0.260943	0.266779	0.251448	0.259628	0.252217	0.245271	0.249105	0.248946	0.250552	0.257563	0.250238	0.250256	0.251157	0.251194	0.245362	0.247336	0.249113	0.000000	0.255387	0.252047	0.261094	0.255561	0.245021	0.241205	0.259530	0.252752	0.254755	0.282369	0.261994	0.264943	0.258462	0.254309	0.259447	0.275618	0.276601	0.257587	0.252967	0.268680	0.277937	0.260370	0.264090	0.272017	0.261109	0.257906	0.243869	0.247036	0.252788	0.254958	0.263916	0.251852	0.259241	0.257265	0.252819	0.259636	0.264466	0.256133	0.255564	0.265177	0.262821	0.255586	0.256978	0.247382	0.251889	0.261716	0.261794	0.255299	0.267561	0.256110	0.267193	0.262635	0.259459	0.264178	0.246558	0.258445	0.257353	0.270999	0.258862	
0.246387	0.226044	0.257169	0.263677	0.267127	0.250876	0.256299	0.253447	0.259116	0.259889	0.258528	0.249049	0.256483	0.267549	0.264188	0.258531	0.262966	0.260662	0.249024	0.259298	0.256568	0.247483	0.254843	0.248751	0.255933	0.245215	0.247918	0.252583	0.255488	0.253820	0.255387	0.000000	0.244471	0.256176	0.259069	0.253386	0.251626	0.259645	0.260833	0.260019	0.266517	0.259825	0.255870	0.257545	0.254080	0.259062	0.261038	0.262176	0.265432	0.260663	0.267534	0.261913	0.264469	0.264675	0.261163	0.265591	0.246388	0.249064	0.247431	0.257666	0.261250	0.256576	0.253452	0.257291	0.251579	0.258947	0.259932	0.260060	0.256241	0.244711	0.252818	0.256460	0.254484	0.256418	0.254166	0.257134	0.263651	0.262341	0.256183	0.263612	0.250125	0.274048	0.253049	0.255090	0.264537	0.237814	0.260406	0.248151	0.260754	0.262858	
0.247917	0.217270	0.252820	0.259126	0.257365	0.246295	0.238858	0.255991	0.254643	0.253790	0.248699	0.224242	0.252501	0.257545	0.255402	0.249022	0.259909	0.253380	0.248829	0.246834	0.253354	0.244500	0.251876	0.262066	0.251840	0.240953	0.249648	0.250767	0.248455	0.255952	0.252047	0.244471	0.000000	0.249962	0.257086	0.245210	0.255575	0.257889	0.253674	0.260533	0.277518	0.255227	0.259946	0.251495	0.254713	0.256182	0.273495	0.268354	0.259519	0.257335	0.274360	0.264154	0.258270	0.261944	0.260976	0.256793	0.265608	0.243585	0.251624	0.256707	0.259188	0.255149	0.256262	0.249034	0.253933	0.256135	0.255917	0.259184	0.261203	0.250158	0.258836	0.263331	0.263226	0.256300	0.250045	0.253936	0.259807	0.264697	0.260169	0.261719	0.252590	0.258869	0.260887	0.253202	0.266087	0.245342	0.261010	0.254281	0.267383	0.257682	
0.249824	0.294760	0.251471	0.261924	0.254417	0.255056	0.268960	0.253913	0.263391	0.255716	0.260843	0.288678	0.257405	0.286454	0.253902	0.259006	0.260802	0.255652	0.251318	0.252070	0.245635	0.257207	0.261279	0.259573	0.259231	0.251744	0.247906	0.246454	0.253704	0.246860	0.261094	0.256176	0.249962	0.000000	0.267173	0.252178	0.254425	0.266677	0.264913	0.253995	0.275305	0.255042	0.265053	0.254501	0.255412	0.262062	0.262489	0.261120	0.269155	0.264953	0.256423	0.268515	0.263831	0.266819	0.260184	0.269624	0.248129	0.268008	0.251932	0.255435	0.257996	0.257223	0.259681	0.266127	0.256067	0.246285	0.259282	0.255902	0.251565	0.255838	0.256410	0.251018	0.248612	0.255280	0.251178	0.251737	0.259718	0.261210	0.254293	0.270357	0.263420	0.259572	0.258678	0.266430	0.263270	0.278902	0.258993	0.260575	0.261813	0.264940	
0.248907	0.208709	0.240300	0.257691	0.248383	0.251520	0.214204	0.257135	0.267270	0.265979	0.257448	0.196102	0.250565	0.273457	0.262881	0.257536	0.276624	0.251347	0.258081	0.247552	0.256314	0.248997	0.250139	0.247888	0.257164	0.245021	0.250945	0.247409	0.251775	0.259023	0.255561	0.259069	0.257086	0.267173	0.000000	0.249443	0.253871	0.253367	0.256863	0.268844	0.308911	0.246973	0.272070	0.269326	0.270432	0.253245	0.284701	0.289927	0.263105	0.287586	0.277824	0.271968	0.267767	0.271298	0.287166	0.254179	0.272268	0.242192	0.263230	0.265365	0.250567	0.270227	0.259338	0.265953	0.267417	0.265802	0.263362	0.255230	0.271244	0.281015	0.277076	0.275750	0.283040	0.270256	0.254052	0.251824	0.271362	0.278105	0.277646	0.257475	0.249795	0.284630	0.264642	0.264593	0.275440	0.229253	0.273136	0.247765	0.290881	0.270306	
0.234226	0.205736	0.241533	0.257966	0.255490	0.244621	0.216573	0.247840	0.253755	0.246800	0.250893	0.217256	0.245600	0.262452	0.257407	0.251448	0.257603	0.255998	0.238731	0.239442	0.249177	0.254124	0.241387	0.249580	0.236852	0.237641	0.241197	0.247886	0.251772	0.249234	0.245021	0.253386	0.245210	0.252178	0.249443	0.000000	0.240506	0.250839	0.243110	0.245738	0.283887	0.250681	0.251140	0.259759	0.257049	0.259953	0.272059	0.274298	0.264637	0.260429	0.267116	0.268550	0.261478	0.260164	0.265334	0.254107	0.251222	0.259850	0.239544	0.256039	0.251902	0.254058	0.256782	0.252743	0.255228	0.257769	0.263523	0.250434	0.264294	0.248114	0.255650	0.272288	0.263638	0.264694	0.246658	0.245819	0.260818	0.267943	0.266003	0.259378	0.246610	0.247479	0.265680	0.251482	0.267710	0.230837	0.262955	0.256259	0.263451	0.256919	
0.248904	0.225291	0.244201	0.256390	0.246838	0.247297	0.251790	0.248982	0.248896	0.256639	0.251469	0.243276	0.243304	0.253597	0.252023	0.260057	0.270071	0.259328	0.245881	0.248310	0.246938	0.243193	0.249861	0.257675	0.248623	0.240353	0.249873	0.241379	0.239329	0.247561	0.241205	0.251626	0.255575	0.254425	0.253871	0.240506	0.000000	0.268585	0.255782	0.253145	0.299843	0.259092	0.268611	0.263604	0.267364	0.255141	0.282492	0.297629	0.270618	0.263614	0.276844	0.273360	0.269528	0.271122	0.278201	0.251071	0.253338	0.251541	0.256775	0.260032	0.251754	0.258771	0.256451	0.266278	0.262513	0.264575	0.264615	0.265335	0.263882	0.253247	0.267401	0.273908	0.258128	0.265548	0.253852	0.259296	0.270898	0.268081	0.277013	0.253436	0.249187	0.273423	0.260548	0.258545	0.275038	0.242647	0.258308	0.260491	0.275609	0.256453	
0.247915	0.238722	0.247155	0.263294	0.251318	0.250468	0.250000	0.261140	0.257683	0.262238	0.261838	0.256293	0.260920	0.272135	0.259972	0.264166	0.253583	0.266731	0.257660	0.262022	0.252553	0.260828	0.260323	0.255425	0.255047	0.254160	0.265327	0.254447	0.262052	0.261638	0.259530	0.259645	0.257889	0.266677	0.253367	0.250839	0.268585	0.000000	0.253751	0.254522	0.280793	0.263001	0.266465	0.262281	0.260965	0.258739	0.273330	0.280857	0.265792	0.265379	0.266175	0.264438	0.262743	0.258490	0.273900	0.271804	0.264635	0.247902	0.257368	0.262234	0.260094	0.270133	0.260177	0.264865	0.265857	0.259358	0.265627	0.264730	0.264555	0.262089	0.270203	0.265356	0.264920	0.263946	0.258265	0.257187	0.261126	0.264621	0.260377	0.261987	0.251822	0.281762	0.265306	0.259147	0.267206	0.250633	0.262243	0.257555	0.271863	0.261280	
0.245286	0.228016	0.254175	0.258513	0.261063	0.247565	0.241717	0.253565	0.258378	0.258919	0.259168	0.248748	0.256392	0.265965	0.264857	0.254873	0.255004	0.260272	0.253041	0.259128	0.251484	0.252922	0.257156	0.250464	0.258398	0.249716	0.255675	0.258852	0.248960	0.254669	0.252752	0.260833	0.253674	0.264913	0.256863	0.243110	0.255782	0.253751	0.000000	0.249776	0.277181	0.254339	0.259174	0.255507	0.251975	0.259632	0.271299	0.282703	0.264430	0.263059	0.270772	0.268667	0.254114	0.268087	0.271799	0.264594	0.253519	0.248487	0.251420	0.256765	0.259576	0.261302	0.256670	0.250472	0.262116	0.257543	0.262336	0.262946	0.260908	0.259395	0.265949	0.260156	0.261737	0.264966	0.259303	0.247166	0.262690	0.255220	0.265752	0.258258	0.253797	0.252888	0.256757	0.254209	0.256000	0.239351	0.261122	0.257319	0.274418	0.251716	
0.245158	0.271547	0.254358	0.249277	0.252822	0.245419	0.238845	0.259656	0.254157	0.260696	0.252940	0.232210	0.252457	0.271128	0.254839	0.260776	0.260920	0.259170	0.253787	0.255323	0.264260	0.248356	0.250810	0.257722	0.265375	0.247974	0.254848	0.254909	0.255364	0.256578	0.254755	0.260019	0.260533	0.253995	0.268844	0.245738	0.253145	0.254522	0.249776	0.000000	0.273003	0.258065	0.262418	0.264030	0.250201	0.260371	0.273796	0.267493	0.250690	0.262263	0.270007	0.264048	0.265271	0.260486	0.266305	0.254891	0.257312	0.267581	0.254315	0.252030	0.255693	0.256047	0.254458	0.273943	0.265056	0.257502	0.267498	0.263000	0.257331	0.260258	0.269737	0.267722	0.257428	0.259792	0.258379	0.261073	0.256586	0.264169	0.258124	0.256938	0.257052	0.247719	0.261880	0.252182	0.264562	0.223765	0.258593	0.248464	0.259146	0.259664	
0.274194	0.361072	0.278017	0.279218	0.293937	0.275899	0.354481	0.276805	0.281073	0.285800	0.283963	0.336395	0.273260	0.316296	0.272942	0.267864	0.266344	0.284886	0.276787	0.288585	0.278190	0.277870	0.289720	0.273444	0.271873	0.276316	0.277723	0.284091	0.289505	0.288454	0.282369	0.266517	0.277518	0.275305	0.308911	0.283887	0.299843	0.280793	0.277181	0.273003	0.000000	0.272870	0.272132	0.278654	0.275889	0.273591	0.261232	0.265351	0.275923	0.266195	0.271732	0.272497	0.277311	0.271257	0.270659	0.308625	0.267013	0.303562	0.271020	0.263169	0.268701	0.270352	0.272228	0.281821	0.265060	0.270357	0.275263	0.306555	0.280493	0.270825	0.277930	0.275788	0.264388	0.279799	0.278887	0.278605	0.269453	0.272370	0.268949	0.280667	0.273848	0.310754	0.303504	0.272848	0.268245	0.315471	0.270683	0.277298	0.269231	0.283748	
0.259320	0.265495	0.255224	0.258199	0.262969	0.255503	0.262543	0.263488	0.253185	0.267069	0.257980	0.261200	0.259806	0.276704	0.258413	0.258424	0.253790	0.260237	0.252994	0.259934	0.257978	0.258945	0.265747	0.257008	0.251881	0.256660	0.261920	0.265013	0.260678	0.258771	0.261994	0.259825	0.255227	0.255042	0.246973	0.250681	0.259092	0.263001	0.254339	0.258065	0.272870	0.000000	0.266321	0.265100	0.260836	0.264793	0.274779	0.276406	0.266205	0.271624	0.271393	0.264380	0.263624	0.262202	0.269575	0.261574	0.262067	0.258532	0.257334	0.259458	0.257597	0.264873	0.256461	0.261818	0.265160	0.258843	0.265789	0.254135	0.259097	0.265036	0.254444	0.263735	0.267021	0.265605	0.259838	0.259127	0.262967	0.259022	0.259392	0.264245	0.256122	0.271309	0.264439	0.263914	0.267087	0.265432	0.261428	0.261651	0.264562	0.266103	
0.256818	0.298492	0.257861	0.266358	0.268303	0.257036	0.273392	0.263944	0.266047	0.264101	0.257634	0.282277	0.256981	0.294281	0.258074	0.259069	0.258871	0.260197	0.254667	0.256852	0.261831	0.254329	0.269496	0.265884	0.263429	0.255371	0.261243	0.263622	0.264274	0.262507	0.264943	0.255870	0.259946	0.265053	0.272070	0.251140	0.268611	0.266465	0.259174	0.262418	0.272132	0.266321	0.000000	0.252910	0.252248	0.254612	0.271229	0.275430	0.264360	0.261751	0.260439	0.269283	0.263608	0.255402	0.264829	0.271293	0.254756	0.264821	0.258413	0.254953	0.263574	0.264126	0.252012	0.274050	0.262009	0.258609	0.259835	0.263335	0.260314	0.258040	0.262177	0.260494	0.259957	0.261334	0.249590	0.255670	0.255228	0.260883	0.257784	0.260882	0.258432	0.283227	0.267094	0.249319	0.262387	0.263808	0.265405	0.267151	0.269295	0.266993	
0.253724	0.251142	0.255270	0.265796	0.264420	0.253184	0.259592	0.256696	0.261580	0.254622	0.257155	0.248658	0.252407	0.263216	0.260599	0.258087	0.254727	0.261190	0.255975	0.262615	0.259194	0.251885	0.256904	0.263190	0.248538	0.259618	0.262407	0.252328	0.259525	0.259852	0.258462	0.257545	0.251495	0.254501	0.269326	0.259759	0.263604	0.262281	0.255507	0.264030	0.278654	0.265100	0.252910	0.000000	0.254814	0.252518	0.266428	0.261763	0.261620	0.255587	0.269288	0.264384	0.255936	0.258095	0.260285	0.263340	0.261659	0.258101	0.251253	0.258065	0.256928	0.266037	0.253589	0.270263	0.258702	0.254622	0.252775	0.256272	0.262209	0.257745	0.261028	0.256790	0.262941	0.256460	0.246831	0.255539	0.262340	0.262451	0.254561	0.269043	0.252860	0.285623	0.253046	0.244720	0.260852	0.251249	0.259259	0.261578	0.257430	0.263090	
0.243091	0.251838	0.248483	0.261067	0.260801	0.246865	0.231246	0.256878	0.257657	0.256741	0.254838	0.246606	0.260111	0.276696	0.260362	0.258039	0.255639	0.253171	0.257240	0.256919	0.250726	0.242599	0.258862	0.244971	0.248196	0.252510	0.258106	0.248970	0.254658	0.254860	0.254309	0.254080	0.254713	0.255412	0.270432	0.257049	0.267364	0.260965	0.251975	0.250201	0.275889	0.260836	0.252248	0.254814	0.000000	0.251960	0.263073	0.264438	0.256765	0.257160	0.262288	0.267400	0.258117	0.263387	0.262656	0.264659	0.260917	0.263770	0.254064	0.248344	0.259198	0.260676	0.252192	0.266315	0.260577	0.251377	0.262959	0.267713	0.262853	0.254746	0.260280	0.256138	0.259518	0.264100	0.251071	0.247370	0.258727	0.260702	0.259362	0.252823	0.259539	0.276702	0.262120	0.248700	0.259997	0.262995	0.256457	0.260912	0.268406	0.261517	
0.257065	0.270853	0.253739	0.262843	0.254755	0.254826	0.262825	0.262618	0.262182	0.262837	0.259921	0.259259	0.263320	0.263932	0.262330	0.259176	0.254257	0.252951	0.258625	0.255344	0.260355	0.248015	0.262636	0.264830	0.255188	0.253074	0.253219	0.251490	0.259720	0.266823	0.259447	0.259062	0.256182	0.262062	0.253245	0.259953	0.255141	0.258739	0.259632	0.260371	0.273591	0.264793	0.254612	0.252518	0.251960	0.000000	0.263587	0.272267	0.256473	0.258010	0.272071	0.270878	0.257206	0.262398	0.263455	0.256328	0.257088	0.272505	0.261878	0.258176	0.260943	0.255302	0.255566	0.275660	0.258125	0.256846	0.269016	0.274279	0.267347	0.261172	0.264307	0.262887	0.266502	0.258320	0.252840	0.258485	0.259158	0.262443	0.259498	0.266292	0.257643	0.282400	0.284465	0.262381	0.265773	0.265448	0.254392	0.270963	0.275919	0.262892	
0.274126	0.328021	0.262478	0.275470	0.272342	0.261703	0.330709	0.267177	0.272249	0.272210	0.266397	0.331073	0.274179	0.311374	0.269380	0.269231	0.265996	0.273839	0.266954	0.268446	0.265354	0.272113	0.272472	0.287965	0.263243	0.265380	0.272498	0.272088	0.271749	0.272012	0.275618	0.261038	0.273495	0.262489	0.284701	0.272059	0.282492	0.273330	0.271299	0.273796	0.261232	0.274779	0.271229	0.266428	0.263073	0.263587	0.000000	0.263056	0.256830	0.259676	0.265177	0.264429	0.268925	0.264520	0.267057	0.293299	0.262638	0.287223	0.266627	0.266740	0.268697	0.262028	0.255351	0.288677	0.265087	0.263903	0.276106	0.284504	0.271890	0.267793	0.272675	0.272711	0.269838	0.264934	0.269454	0.270968	0.274624	0.257480	0.265576	0.278422	0.268757	0.309076	0.301154	0.269764	0.266703	0.307626	0.267521	0.284003	0.280069	0.278991	
0.272533	0.365559	0.263170	0.273011	0.285966	0.277709	0.335227	0.269460	0.276675	0.276680	0.273957	0.342072	0.269336	0.302469	0.255682	0.269258	0.256051	0.259331	0.279754	0.268504	0.267788	0.271831	0.281101	0.286792	0.266423	0.262085	0.268493	0.271739	0.272181	0.277053	0.276601	0.262176	0.268354	0.261120	0.289927	0.274298	0.297629	0.280857	0.282703	0.267493	0.265351	0.276406	0.275430	0.261763	0.264438	0.272267	0.263056	0.000000	0.280312	0.261993	0.274017	0.267062	0.261584	0.269063	0.261263	0.281707	0.270032	0.297743	0.279349	0.255935	0.265222	0.256702	0.260629	0.281904	0.261962	0.261826	0.259040	0.285084	0.262366	0.258762	0.254098	0.261157	0.264698	0.257230	0.264863	0.270591	0.260748	0.253373	0.260474	0.272470	0.268140	0.281544	0.299414	0.269015	0.273189	0.307544	0.267299	0.283824	0.270571	0.272811	
0.248016	0.276923	0.252835	0.265153	0.266840	0.260011	0.250891	0.262160	0.261403	0.266378	0.264060	0.263693	0.261069	0.270684	0.263327	0.256054	0.267767	0.256790	0.261113	0.257314	0.254164	0.260801	0.255340	0.266882	0.261125	0.255698	0.264876	0.256898	0.265562	0.261662	0.257587	0.265432	0.259519	0.269155	0.263105	0.264637	0.270618	0.265792	0.264430	0.250690	0.275923	0.266205	0.264360	0.261620	0.256765	0.256473	0.256830	0.280312	0.000000	0.264540	0.262561	0.269023	0.263904	0.258397	0.267644	0.270332	0.259953	0.262626	0.257313	0.258371	0.265667	0.259488	0.260288	0.277764	0.261933	0.256969	0.262618	0.265792	0.271738	0.259806	0.271413	0.256084	0.265835	0.262122	0.247839	0.259439	0.264384	0.269832	0.268722	0.268279	0.246516	0.277683	0.257754	0.254116	0.261529	0.271058	0.273843	0.262334	0.273433	0.260156	
